#Data tag : 24v2 , Norm tag: None
#run:fill,ls,time,beamstatus,E(GeV),delivered(/ub),recorded(/ub),avgpu,source
386673:10208,1:1,10/07/24 22:10:34,STABLE BEAMS,6800,488806.593265481,455114.734059442,63.8,HFET
386673:10208,2:2,10/07/24 22:10:58,STABLE BEAMS,6800,488240.078395300,458561.997336526,63.7,HFET
386673:10208,3:3,10/07/24 22:11:21,STABLE BEAMS,6800,487435.994051440,458803.618223604,63.6,HFET
386673:10208,4:4,10/07/24 22:11:45,STABLE BEAMS,6800,486011.304505677,458430.235488986,63.4,HFET
386673:10208,5:5,10/07/24 22:12:08,STABLE BEAMS,6800,485585.472518181,347166.796106962,63.3,HFET
386673:10208,6:6,10/07/24 22:12:31,STABLE BEAMS,6800,485355.507020631,455089.600377463,63.3,HFET
386673:10208,7:7,10/07/24 22:12:54,STABLE BEAMS,6800,483901.131197739,456073.070490475,63.2,HFET
386673:10208,8:8,10/07/24 22:13:18,STABLE BEAMS,6800,484759.534318956,455933.660376326,63.0,HFET
386673:10208,9:9,10/07/24 22:13:41,STABLE BEAMS,6800,491433.109653836,459427.911190755,64.2,HFET
386673:10208,10:10,10/07/24 22:14:04,STABLE BEAMS,6800,490836.043676623,390271.704078310,64.0,HFET
386673:10208,11:11,10/07/24 22:14:28,STABLE BEAMS,6800,490223.089072405,415764.089994276,64.0,HFET
386673:10208,12:12,10/07/24 22:14:51,STABLE BEAMS,6800,489460.980448394,458588.448077521,63.9,HFET
386673:10208,13:13,10/07/24 22:15:14,STABLE BEAMS,6800,488964.852475574,458508.091159957,63.8,HFET
386673:10208,14:14,10/07/24 22:15:38,STABLE BEAMS,6800,488154.166519086,452374.624244743,63.7,HFET
386673:10208,15:15,10/07/24 22:16:01,STABLE BEAMS,6800,487252.738692964,458637.801658940,63.6,HFET
386673:10208,16:16,10/07/24 22:16:24,STABLE BEAMS,6800,486740.220911390,347013.385538912,63.5,HFET
386673:10208,17:17,10/07/24 22:16:48,STABLE BEAMS,6800,485638.376331250,457162.758499337,63.4,HFET
386673:10208,18:18,10/07/24 22:17:11,STABLE BEAMS,6800,484069.269515997,456118.326036935,63.2,HFET
386673:10208,19:19,10/07/24 22:17:34,STABLE BEAMS,6800,482886.977106255,455866.369150423,63.1,HFET
386673:10208,20:20,10/07/24 22:17:58,STABLE BEAMS,6800,486832.690109752,458433.377782003,62.9,HFET
386673:10208,21:21,10/07/24 22:18:21,STABLE BEAMS,6800,491636.988058543,459975.031492761,64.2,HFET
386673:10208,22:22,10/07/24 22:18:44,STABLE BEAMS,6800,491053.761690857,460469.474096254,64.1,HFET
386673:10208,23:23,10/07/24 22:19:07,STABLE BEAMS,6800,490380.345919000,460020.832511451,64.0,HFET
386673:10208,24:24,10/07/24 22:19:31,STABLE BEAMS,6800,489877.979981705,460075.377403366,63.9,HFET
386673:10208,25:25,10/07/24 22:19:54,STABLE BEAMS,6800,489104.579616318,459095.504143563,63.9,HFET
386673:10208,26:26,10/07/24 22:20:17,STABLE BEAMS,6800,487314.339757699,459533.308547182,63.6,HFET
386673:10208,27:27,10/07/24 22:20:41,STABLE BEAMS,6800,485907.133296229,343142.406893070,63.5,HFET
386673:10208,28:28,10/07/24 22:21:04,STABLE BEAMS,6800,485011.400293430,456355.394328864,63.3,HFET
386673:10208,29:29,10/07/24 22:21:27,STABLE BEAMS,6800,484509.579828365,456747.807983504,63.2,HFET
386673:10208,30:30,10/07/24 22:21:51,STABLE BEAMS,6800,483660.330850084,457161.893669434,63.1,HFET
386673:10208,31:31,10/07/24 22:22:14,STABLE BEAMS,6800,482782.397958173,457271.890242568,63.0,HFET
386673:10208,32:32,10/07/24 22:22:37,STABLE BEAMS,6800,488987.069979093,460018.965318049,62.9,HFET
386673:10208,33:33,10/07/24 22:23:01,STABLE BEAMS,6800,490397.190287946,460177.086994546,64.0,HFET
386673:10208,34:34,10/07/24 22:23:24,STABLE BEAMS,6800,490843.465828675,460609.429682633,64.0,HFET
386673:10208,35:35,10/07/24 22:23:47,STABLE BEAMS,6800,490908.980773214,460436.601235629,64.1,HFET
386673:10208,36:36,10/07/24 22:24:11,STABLE BEAMS,6800,490364.545872955,460644.806120929,64.0,HFET
386673:10208,37:37,10/07/24 22:24:34,STABLE BEAMS,6800,489662.628011546,337568.398675217,63.9,HFET
386673:10208,38:38,10/07/24 22:24:57,STABLE BEAMS,6800,489251.957354748,458947.809378537,63.8,HFET
386673:10208,39:39,10/07/24 22:25:20,STABLE BEAMS,6800,489043.845712564,458708.235177860,63.8,HFET
386673:10208,40:40,10/07/24 22:25:44,STABLE BEAMS,6800,489340.419430190,460004.442702697,63.8,HFET
386673:10208,41:41,10/07/24 22:26:07,STABLE BEAMS,6800,489420.550233198,452982.615984100,63.8,HFET
386673:10208,42:42,10/07/24 22:26:30,STABLE BEAMS,6800,489080.450628916,458874.280188159,63.8,HFET
386673:10208,43:43,10/07/24 22:26:54,STABLE BEAMS,6800,488794.529937319,459919.302413270,63.8,HFET
386673:10208,44:44,10/07/24 22:27:17,STABLE BEAMS,6800,488166.549204921,459147.997686920,63.7,HFET
386673:10208,45:45,10/07/24 22:27:40,STABLE BEAMS,6800,487883.041178956,458054.304886217,63.6,HFET
386673:10208,46:46,10/07/24 22:28:04,STABLE BEAMS,6800,487334.601486855,458684.197102497,63.6,HFET
386673:10208,47:47,10/07/24 22:28:27,STABLE BEAMS,6800,486246.461313723,457976.132188650,63.5,HFET
386673:10208,48:48,10/07/24 22:28:50,STABLE BEAMS,6800,485816.076731077,458528.532382112,63.4,HFET
386673:10208,49:49,10/07/24 22:29:14,STABLE BEAMS,6800,485044.499268613,458438.795207055,63.3,HFET
386673:10208,50:50,10/07/24 22:29:37,STABLE BEAMS,6800,483679.816330297,455381.122649268,63.2,HFET
386673:10208,51:51,10/07/24 22:30:00,STABLE BEAMS,6800,484242.871880866,456341.235361665,63.0,HFET
386673:10208,52:52,10/07/24 22:30:23,STABLE BEAMS,6800,484308.480068521,457910.022819245,63.1,HFET
386673:10208,53:53,10/07/24 22:30:47,STABLE BEAMS,6800,485445.106662091,451871.712835219,63.1,HFET
386673:10208,54:54,10/07/24 22:31:10,STABLE BEAMS,6800,489406.256063480,460036.495023900,63.6,HFET
386673:10208,55:55,10/07/24 22:31:33,STABLE BEAMS,6800,496200.208261408,462912.462390018,64.5,HFET
386673:10208,56:56,10/07/24 22:31:57,STABLE BEAMS,6800,494866.395787797,461436.325954877,64.5,HFET
386673:10208,57:57,10/07/24 22:32:20,STABLE BEAMS,6800,494493.332410852,461736.997707462,64.6,HFET
386673:10208,58:58,10/07/24 22:32:43,STABLE BEAMS,6800,493911.747122011,394347.402647984,64.4,HFET
386673:10208,59:59,10/07/24 22:33:07,STABLE BEAMS,6800,493506.813247940,425060.309797109,64.4,HFET
386673:10208,60:60,10/07/24 22:33:30,STABLE BEAMS,6800,492775.346642998,461933.910851387,64.3,HFET
386673:10208,61:61,10/07/24 22:33:53,STABLE BEAMS,6800,492453.911979507,461627.227248884,64.3,HFET
386673:10208,62:62,10/07/24 22:34:17,STABLE BEAMS,6800,491151.513111753,461067.950375600,64.2,HFET
386673:10208,63:63,10/07/24 22:34:40,STABLE BEAMS,6800,490437.893239257,458097.555705678,63.9,HFET
386673:10208,64:64,10/07/24 22:35:03,STABLE BEAMS,6800,490450.460080246,461083.158327856,64.0,HFET
386673:10208,65:65,10/07/24 22:35:27,STABLE BEAMS,6800,490449.366804709,461458.907106549,64.0,HFET
386673:10208,66:66,10/07/24 22:35:50,STABLE BEAMS,6800,490560.547565420,460585.981369980,63.9,HFET
386673:10208,67:67,10/07/24 22:36:13,STABLE BEAMS,6800,490378.888995309,453503.057099475,63.9,HFET
386673:10208,68:68,10/07/24 22:36:36,STABLE BEAMS,6800,491280.358780833,460366.715520017,64.2,HFET
386673:10208,69:69,10/07/24 22:37:00,STABLE BEAMS,6800,490965.709885126,461396.350299873,63.9,HFET
386673:10208,70:70,10/07/24 22:37:23,STABLE BEAMS,6800,491366.408190643,461386.242746074,64.1,HFET
386673:10208,71:71,10/07/24 22:37:46,STABLE BEAMS,6800,491559.451745245,461673.713604479,64.0,HFET
386673:10208,72:72,10/07/24 22:38:10,STABLE BEAMS,6800,492029.355091626,461916.518679133,64.2,HFET
386673:10208,73:73,10/07/24 22:38:33,STABLE BEAMS,6800,492721.985938659,459704.360712822,64.2,HFET
386673:10208,74:74,10/07/24 22:38:56,STABLE BEAMS,6800,492723.170126235,462463.638981139,64.3,HFET
386673:10208,75:75,10/07/24 22:39:20,STABLE BEAMS,6800,493426.316465701,461559.663286866,64.3,HFET
386673:10208,76:76,10/07/24 22:39:43,STABLE BEAMS,6800,493928.090309208,461876.498733649,64.4,HFET
386673:10208,77:77,10/07/24 22:40:06,STABLE BEAMS,6800,493667.074853954,462801.416831826,64.4,HFET
386673:10208,78:78,10/07/24 22:40:30,STABLE BEAMS,6800,493688.017257859,389194.445376842,64.3,HFET
386673:10208,79:79,10/07/24 22:40:53,STABLE BEAMS,6800,493959.641448661,460808.345222479,64.5,HFET
386673:10208,80:80,10/07/24 22:41:16,STABLE BEAMS,6800,493764.779653292,455792.066042180,64.4,HFET
386673:10208,81:81,10/07/24 22:41:39,STABLE BEAMS,6800,493117.539555238,460510.904343872,64.3,HFET
386673:10208,82:82,10/07/24 22:42:03,STABLE BEAMS,6800,494104.834967093,459547.605047977,64.5,HFET
386673:10208,83:83,10/07/24 22:42:26,STABLE BEAMS,6800,493612.394759521,462886.009317945,64.4,HFET
386673:10208,84:84,10/07/24 22:42:49,STABLE BEAMS,6800,494216.607821592,461937.232637403,64.5,HFET
386673:10208,85:85,10/07/24 22:43:13,STABLE BEAMS,6800,493905.462535977,460998.064659988,64.4,HFET
386673:10208,86:86,10/07/24 22:43:36,STABLE BEAMS,6800,493463.695299918,462897.529504955,64.3,HFET
386673:10208,87:87,10/07/24 22:43:59,STABLE BEAMS,6800,490857.261147721,461486.178386968,64.4,HFET
386673:10208,88:88,10/07/24 22:44:23,STABLE BEAMS,6800,491841.048287328,460951.669216431,63.6,HFET
386673:10208,89:89,10/07/24 22:44:46,STABLE BEAMS,6800,493964.149753331,462587.703609434,64.4,HFET
386673:10208,90:90,10/07/24 22:45:09,STABLE BEAMS,6800,493912.336884721,462010.852739820,64.4,HFET
386673:10208,91:91,10/07/24 22:45:33,STABLE BEAMS,6800,492855.612648524,462848.949841400,64.3,HFET
386673:10208,92:92,10/07/24 22:45:56,STABLE BEAMS,6800,491670.087033726,462441.102119947,64.2,HFET
386673:10208,93:93,10/07/24 22:46:19,STABLE BEAMS,6800,491359.533841899,455033.829338570,64.1,HFET
386673:10208,94:94,10/07/24 22:46:43,STABLE BEAMS,6800,490365.184588301,460505.214182704,64.0,HFET
386673:10208,95:95,10/07/24 22:47:06,STABLE BEAMS,6800,489381.213293539,462245.965257385,63.9,HFET
386673:10208,96:96,10/07/24 22:47:29,STABLE BEAMS,6800,488725.597632570,461375.818165679,63.8,HFET
386673:10208,97:97,10/07/24 22:47:52,STABLE BEAMS,6800,487835.282054824,459162.751078985,63.7,HFET
386673:10208,98:98,10/07/24 22:48:16,STABLE BEAMS,6800,487457.027367383,460771.330036415,63.6,HFET
386673:10208,99:99,10/07/24 22:48:39,STABLE BEAMS,6800,487902.619902285,460520.011865249,63.8,HFET
386673:10208,100:100,10/07/24 22:49:02,STABLE BEAMS,6800,485342.212883335,459707.412093801,63.4,HFET
386673:10208,101:101,10/07/24 22:49:26,STABLE BEAMS,6800,484371.582347427,458176.504652188,63.2,HFET
386673:10208,102:102,10/07/24 22:49:49,STABLE BEAMS,6800,482530.121713988,458161.252409451,63.1,HFET
386673:10208,103:103,10/07/24 22:50:12,STABLE BEAMS,6800,481784.768877962,456349.384810023,62.0,HFET
386673:10208,104:104,10/07/24 22:50:36,STABLE BEAMS,6800,492968.068508849,461769.231852741,64.2,HFET
386673:10208,105:105,10/07/24 22:50:59,STABLE BEAMS,6800,492474.127087105,455714.711552959,64.2,HFET
386673:10208,106:106,10/07/24 22:51:22,STABLE BEAMS,6800,492137.668626512,461616.937871008,64.2,HFET
386673:10208,107:107,10/07/24 22:51:46,STABLE BEAMS,6800,491688.980420151,461598.361511178,64.2,HFET
386673:10208,108:108,10/07/24 22:52:09,STABLE BEAMS,6800,490469.535290749,460739.186803174,64.0,HFET
386673:10208,109:109,10/07/24 22:52:32,STABLE BEAMS,6800,490005.688084767,462118.075330247,63.9,HFET
386673:10208,110:110,10/07/24 22:52:56,STABLE BEAMS,6800,489528.819477604,461065.402507449,63.9,HFET
386673:10208,111:111,10/07/24 22:53:19,STABLE BEAMS,6800,488563.471164231,460456.772052746,63.8,HFET
386673:10208,112:112,10/07/24 22:53:42,STABLE BEAMS,6800,489887.495441716,460465.012413143,63.8,HFET
386673:10208,113:113,10/07/24 22:54:05,STABLE BEAMS,6800,486847.077522586,458218.981553785,63.6,HFET
386673:10208,114:114,10/07/24 22:54:29,STABLE BEAMS,6800,485291.220554149,457874.056618239,63.3,HFET
386673:10208,115:115,10/07/24 22:54:52,STABLE BEAMS,6800,484868.938798303,459836.940768707,63.3,HFET
386673:10208,116:116,10/07/24 22:55:15,STABLE BEAMS,6800,483252.072858918,457646.638988839,63.1,HFET
386673:10208,117:117,10/07/24 22:55:39,STABLE BEAMS,6800,486311.976258262,460270.467644369,62.9,HFET
386673:10208,118:118,10/07/24 22:56:02,STABLE BEAMS,6800,487833.461482980,453591.064614726,63.6,HFET
386673:10208,119:119,10/07/24 22:56:25,STABLE BEAMS,6800,487187.314660464,460306.207730819,63.7,HFET
386673:10208,120:120,10/07/24 22:56:49,STABLE BEAMS,6800,486105.321539769,459637.069486919,63.4,HFET
386673:10208,121:121,10/07/24 22:57:12,STABLE BEAMS,6800,485566.942779909,459787.270160693,63.4,HFET
386673:10208,122:122,10/07/24 22:57:35,STABLE BEAMS,6800,484558.203782399,459163.159017619,63.2,HFET
386673:10208,123:123,10/07/24 22:57:59,STABLE BEAMS,6800,483990.777460757,458246.844927991,63.1,HFET
386673:10208,124:124,10/07/24 22:58:22,STABLE BEAMS,6800,484044.501813249,458950.767516400,63.2,HFET
386673:10208,125:125,10/07/24 22:58:45,STABLE BEAMS,6800,483268.052397962,458386.574399813,63.1,HFET
386673:10208,126:126,10/07/24 22:59:08,STABLE BEAMS,6800,489094.928953789,460754.166309796,63.0,HFET
386673:10208,127:127,10/07/24 22:59:32,STABLE BEAMS,6800,493881.468751094,462492.821745440,64.5,HFET
386673:10208,128:128,10/07/24 22:59:55,STABLE BEAMS,6800,493478.721428098,462023.146844694,64.4,HFET
386673:10208,129:129,10/07/24 23:00:18,STABLE BEAMS,6800,495310.118798219,463715.271634263,64.5,HFET
386673:10208,130:130,10/07/24 23:00:42,STABLE BEAMS,6800,494828.287326196,463600.221284229,64.6,HFET
386673:10208,131:131,10/07/24 23:01:05,STABLE BEAMS,6800,493281.582169616,454544.027911186,64.4,HFET
386673:10208,132:132,10/07/24 23:01:28,STABLE BEAMS,6800,491132.845839884,340113.849498324,64.2,HFET
386673:10208,133:133,10/07/24 23:01:52,STABLE BEAMS,6800,489411.946224648,406482.483718833,63.9,HFET
386673:10208,134:134,10/07/24 23:02:15,STABLE BEAMS,6800,488539.885317981,369699.281865737,63.8,HFET
386673:10208,135:135,10/07/24 23:02:38,STABLE BEAMS,6800,488428.886381347,459674.357409098,63.7,HFET
386673:10208,136:136,10/07/24 23:03:02,STABLE BEAMS,6800,488794.348113242,460116.716738945,63.7,HFET
386673:10208,137:137,10/07/24 23:03:25,STABLE BEAMS,6800,490218.627389294,460726.985941416,63.9,HFET
386673:10208,138:138,10/07/24 23:03:48,STABLE BEAMS,6800,490664.264214677,460442.202815836,64.0,HFET
386673:10208,139:139,10/07/24 23:04:12,STABLE BEAMS,6800,490657.660270970,460536.583498081,64.0,HFET
386673:10208,140:140,10/07/24 23:04:35,STABLE BEAMS,6800,491039.329987543,461508.123154371,64.0,HFET
386673:10208,141:141,10/07/24 23:04:58,STABLE BEAMS,6800,491917.353791492,461416.246049797,64.1,HFET
386673:10208,142:142,10/07/24 23:05:21,STABLE BEAMS,6800,493083.895107826,461124.817021109,64.2,HFET
386673:10208,143:143,10/07/24 23:05:45,STABLE BEAMS,6800,494459.641341882,462844.623360807,64.4,HFET
386673:10208,144:144,10/07/24 23:06:08,STABLE BEAMS,6800,494995.241456878,462411.007904185,64.5,HFET
386673:10208,145:145,10/07/24 23:06:31,STABLE BEAMS,6800,495812.074465803,454937.625753403,64.6,HFET
386673:10208,146:146,10/07/24 23:06:55,STABLE BEAMS,6800,496249.333397192,463212.770494450,64.7,HFET
386673:10208,147:147,10/07/24 23:07:18,STABLE BEAMS,6800,496020.232729545,461995.966476314,64.7,HFET
386673:10208,148:148,10/07/24 23:07:41,STABLE BEAMS,6800,495938.826826924,463218.507277176,64.7,HFET
386673:10208,149:149,10/07/24 23:08:05,STABLE BEAMS,6800,495917.338950789,462819.219273792,64.7,HFET
386673:10208,150:150,10/07/24 23:08:28,STABLE BEAMS,6800,495902.403734647,462097.540864976,64.7,HFET
386673:10208,151:151,10/07/24 23:08:51,STABLE BEAMS,6800,495561.210854828,462601.818286153,64.6,HFET
386673:10208,152:152,10/07/24 23:09:15,STABLE BEAMS,6800,495551.786306856,462485.856484658,64.6,HFET
386673:10208,153:153,10/07/24 23:09:38,STABLE BEAMS,6800,496084.474905548,463720.782302432,64.6,HFET
386673:10208,154:154,10/07/24 23:10:01,STABLE BEAMS,6800,495102.326513708,462831.557669146,64.6,HFET
386673:10208,155:155,10/07/24 23:10:24,STABLE BEAMS,6800,495109.200862452,462857.008377720,64.6,HFET
386673:10208,156:156,10/07/24 23:10:48,STABLE BEAMS,6800,493506.948450458,461447.524453136,64.4,HFET
386673:10208,157:157,10/07/24 23:11:11,STABLE BEAMS,6800,493224.759814587,461965.233545206,64.3,HFET
386673:10208,158:158,10/07/24 23:11:34,STABLE BEAMS,6800,493209.782639043,455728.052311813,64.3,HFET
386673:10208,159:159,10/07/24 23:11:58,STABLE BEAMS,6800,491354.752801115,461427.446879134,64.3,HFET
386673:10208,160:160,10/07/24 23:12:21,STABLE BEAMS,6800,491222.356900384,461390.841962781,64.0,HFET
386673:10208,161:161,10/07/24 23:12:44,STABLE BEAMS,6800,490618.097216755,461140.295378402,64.0,HFET
386673:10208,162:162,10/07/24 23:13:08,STABLE BEAMS,6800,490275.218967610,460983.176065404,64.0,HFET
386673:10208,163:163,10/07/24 23:13:31,STABLE BEAMS,6800,490247.628329518,461958.860378212,64.0,HFET
386673:10208,164:164,10/07/24 23:13:54,STABLE BEAMS,6800,490235.061488529,462023.829850520,63.9,HFET
386673:10208,165:165,10/07/24 23:14:18,STABLE BEAMS,6800,490218.991037447,363557.961549059,63.9,HFET
386673:10208,166:166,10/07/24 23:14:41,STABLE BEAMS,6800,489818.656380084,460286.265359336,63.9,HFET
386673:10208,167:167,10/07/24 23:15:04,STABLE BEAMS,6800,489743.623644456,461267.047739523,63.9,HFET
386673:10208,168:168,10/07/24 23:15:28,STABLE BEAMS,6800,488848.617937964,459242.424990723,63.8,HFET
386673:10208,169:169,10/07/24 23:15:51,STABLE BEAMS,6800,488119.792444289,461225.162931714,63.7,HFET
386673:10208,170:170,10/07/24 23:16:14,STABLE BEAMS,6800,487007.430040639,459667.438769874,63.6,HFET
386673:10208,171:171,10/07/24 23:16:37,STABLE BEAMS,6800,487191.456985902,453422.196669083,63.6,HFET
386673:10208,172:172,10/07/24 23:17:01,STABLE BEAMS,6800,486545.767054655,459691.567757276,63.5,HFET
386673:10208,173:173,10/07/24 23:17:24,STABLE BEAMS,6800,486110.102580553,360325.639972423,63.4,HFET
386673:10208,174:174,10/07/24 23:17:47,STABLE BEAMS,6800,485793.539869885,459653.233181117,63.4,HFET
386673:10208,175:175,10/07/24 23:18:11,STABLE BEAMS,6800,485063.665391153,459166.163777039,63.4,HFET
386673:10208,176:176,10/07/24 23:18:34,STABLE BEAMS,6800,484309.571012981,459038.229559420,63.2,HFET
386673:10208,177:177,10/07/24 23:18:57,STABLE BEAMS,6800,483503.027381931,458485.964568477,63.1,HFET
386673:10208,178:178,10/07/24 23:19:21,STABLE BEAMS,6800,485151.581994365,458569.964960807,63.0,HFET
386673:10208,179:179,10/07/24 23:19:44,STABLE BEAMS,6800,490580.944497094,461882.690076566,64.0,HFET
386673:10208,180:180,10/07/24 23:20:07,STABLE BEAMS,6800,490666.767792347,462544.725526087,64.0,HFET
386673:10208,181:181,10/07/24 23:20:31,STABLE BEAMS,6800,490689.668301692,461580.652312328,64.0,HFET
386673:10208,182:182,10/07/24 23:20:54,STABLE BEAMS,6800,490018.753776428,461023.606280600,64.0,HFET
386673:10208,183:183,10/07/24 23:21:17,STABLE BEAMS,6800,489952.145556352,460634.106473342,63.8,HFET
386673:10208,184:184,10/07/24 23:21:41,STABLE BEAMS,6800,489806.954368997,454334.459345311,63.9,HFET
386673:10208,185:185,10/07/24 23:22:04,STABLE BEAMS,6800,491901.600367005,462542.175326859,63.8,HFET
386673:10208,186:186,10/07/24 23:22:27,STABLE BEAMS,6800,488885.905860143,461166.429092803,64.0,HFET
386673:10208,187:187,10/07/24 23:22:50,STABLE BEAMS,6800,487731.749560722,460730.536173066,63.6,HFET
386673:10208,188:188,10/07/24 23:23:14,STABLE BEAMS,6800,488720.634767709,460514.592109119,63.7,HFET
386673:10208,189:189,10/07/24 23:23:37,STABLE BEAMS,6800,488842.608419123,460264.730861644,63.8,HFET
386673:10208,190:190,10/07/24 23:24:00,STABLE BEAMS,6800,488423.923516486,460199.714767777,63.7,HFET
386673:10208,191:191,10/07/24 23:24:24,STABLE BEAMS,6800,488566.702038208,460159.969889485,63.7,HFET
386673:10208,192:192,10/07/24 23:24:47,STABLE BEAMS,6800,488243.129776278,460513.909103292,63.7,HFET
386673:10208,193:193,10/07/24 23:25:10,STABLE BEAMS,6800,488471.409904502,460630.372086537,63.7,HFET
386673:10208,194:194,10/07/24 23:25:34,STABLE BEAMS,6800,488608.134616904,460088.170358912,63.7,HFET
386673:10208,195:195,10/07/24 23:25:57,STABLE BEAMS,6800,487834.918406671,460583.750528424,63.7,HFET
386673:10208,196:196,10/07/24 23:26:20,STABLE BEAMS,6800,488013.208569208,460425.174291735,63.7,HFET
386673:10208,197:197,10/07/24 23:26:44,STABLE BEAMS,6800,487644.469341778,453739.943567327,63.7,HFET
386673:10208,198:198,10/07/24 23:27:07,STABLE BEAMS,6800,487409.722803443,460257.082595035,63.6,HFET
386673:10208,199:199,10/07/24 23:27:30,STABLE BEAMS,6800,486978.109742742,459752.122168031,63.5,HFET
386673:10208,200:200,10/07/24 23:27:53,STABLE BEAMS,6800,487586.831109483,282188.703471976,63.6,HFET
386673:10208,201:201,10/07/24 23:28:17,STABLE BEAMS,6800,487003.788896950,460352.328107183,63.6,HFET
386673:10208,202:202,10/07/24 23:28:40,STABLE BEAMS,6800,486338.200884701,458857.114130461,63.4,HFET
386673:10208,203:203,10/07/24 23:29:03,STABLE BEAMS,6800,485974.107495536,459665.205597240,63.4,HFET
386673:10208,204:204,10/07/24 23:29:27,STABLE BEAMS,6800,485831.100528179,460141.346908097,63.4,HFET
386673:10208,205:205,10/07/24 23:29:50,STABLE BEAMS,6800,485545.361660658,459187.653984251,63.3,HFET
386673:10208,206:206,10/07/24 23:30:13,STABLE BEAMS,6800,484113.706854113,458219.937295726,63.2,HFET
386673:10208,207:207,10/07/24 23:30:37,STABLE BEAMS,6800,483219.064795774,459328.383488495,63.1,HFET
386673:10208,208:208,10/07/24 23:31:00,STABLE BEAMS,6800,488903.708302109,461426.582049231,62.9,HFET
386673:10208,209:209,10/07/24 23:31:23,STABLE BEAMS,6800,494095.636533678,462724.563524354,64.5,HFET
386673:10208,210:210,10/07/24 23:31:47,STABLE BEAMS,6800,493467.476308281,457497.622502642,64.4,HFET
386673:10208,211:211,10/07/24 23:32:10,STABLE BEAMS,6800,493203.134404856,461010.493967381,64.3,HFET
386673:10208,212:212,10/07/24 23:32:33,STABLE BEAMS,6800,493184.833112219,463766.037848893,64.3,HFET
386673:10208,213:213,10/07/24 23:32:57,STABLE BEAMS,6800,492322.788847313,462711.043272501,64.3,HFET
386673:10208,214:214,10/07/24 23:33:20,STABLE BEAMS,6800,491910.069173037,461734.995311541,64.1,HFET
386673:10208,215:215,10/07/24 23:33:43,STABLE BEAMS,6800,490640.769280465,462813.300666989,64.1,HFET
386673:10208,216:216,10/07/24 23:34:06,STABLE BEAMS,6800,489758.330414963,461480.851873953,63.9,HFET
386673:10208,217:217,10/07/24 23:34:30,STABLE BEAMS,6800,489250.910700768,460974.024253547,63.9,HFET
386673:10208,218:218,10/07/24 23:34:53,STABLE BEAMS,6800,487727.924261879,461652.815491054,63.7,HFET
386673:10208,219:219,10/07/24 23:35:16,STABLE BEAMS,6800,486346.851514809,461055.476777727,63.5,HFET
386673:10208,220:220,10/07/24 23:35:40,STABLE BEAMS,6800,485612.471062485,460129.465404011,63.4,HFET
386673:10208,221:221,10/07/24 23:36:03,STABLE BEAMS,6800,484912.054415246,457787.140047448,63.2,HFET
386673:10208,222:222,10/07/24 23:36:26,STABLE BEAMS,6800,485383.824955029,459413.887426075,63.3,HFET
386673:10208,223:223,10/07/24 23:36:50,STABLE BEAMS,6800,485856.733060830,453359.276214254,63.3,HFET
386673:10208,224:224,10/07/24 23:37:13,STABLE BEAMS,6800,486597.032119957,460565.267411710,63.4,HFET
386673:10208,225:225,10/07/24 23:37:36,STABLE BEAMS,6800,487538.887830197,460616.031295262,63.5,HFET
386673:10208,226:226,10/07/24 23:38:00,STABLE BEAMS,6800,487795.898493608,461167.886016494,63.6,HFET
386673:10208,227:227,10/07/24 23:38:23,STABLE BEAMS,6800,487952.882604088,459975.758789067,63.6,HFET
386673:10208,228:228,10/07/24 23:38:46,STABLE BEAMS,6800,488427.385167176,461218.605609565,63.6,HFET
386673:10208,229:229,10/07/24 23:39:10,STABLE BEAMS,6800,488953.789179834,462009.670883321,63.7,HFET
386673:10208,230:230,10/07/24 23:39:33,STABLE BEAMS,6800,489366.098584399,462497.101604475,63.8,HFET
386673:10208,231:231,10/07/24 23:39:56,STABLE BEAMS,6800,490046.344414520,354747.943989323,63.9,HFET
386673:10208,232:232,10/07/24 23:40:19,STABLE BEAMS,6800,490885.259724446,462737.766749612,64.0,HFET
386673:10208,233:233,10/07/24 23:40:43,STABLE BEAMS,6800,491304.490099313,461988.409121744,64.1,HFET
386673:10208,234:234,10/07/24 23:41:06,STABLE BEAMS,6800,491998.577870037,462412.781854471,64.1,HFET
386673:10208,235:235,10/07/24 23:41:29,STABLE BEAMS,6800,492037.276094349,463458.354213968,64.2,HFET
386673:10208,236:236,10/07/24 23:41:53,STABLE BEAMS,6800,491441.303392674,456277.039807221,64.1,HFET
386673:10208,237:237,10/07/24 23:42:16,STABLE BEAMS,6800,491100.157134413,462784.754286956,64.3,HFET
386673:10208,238:238,10/07/24 23:42:39,STABLE BEAMS,6800,491137.580259111,462038.352465873,64.1,HFET
386673:10208,239:239,10/07/24 23:43:03,STABLE BEAMS,6800,491018.068225965,462472.424813765,64.1,HFET
386673:10208,240:240,10/07/24 23:43:26,STABLE BEAMS,6800,490924.734197700,462702.709668988,64.1,HFET
386673:10208,241:241,10/07/24 23:43:49,STABLE BEAMS,6800,490078.487647761,462025.650422365,63.9,HFET
386673:10208,242:242,10/07/24 23:44:13,STABLE BEAMS,6800,489210.753221687,462335.292162731,63.9,HFET
386673:10208,243:243,10/07/24 23:44:36,STABLE BEAMS,6800,488133.951411488,461658.596564260,63.7,HFET
386673:10208,244:244,10/07/24 23:44:59,STABLE BEAMS,6800,487618.701606609,459911.700768220,63.6,HFET
386673:10208,245:245,10/07/24 23:45:22,STABLE BEAMS,6800,487057.012067693,460982.220323463,63.6,HFET
386673:10208,246:246,10/07/24 23:45:46,STABLE BEAMS,6800,486247.598879741,459457.184867094,63.5,HFET
386673:10208,247:247,10/07/24 23:46:09,STABLE BEAMS,6800,486003.838063145,460557.616814023,63.4,HFET
386673:10208,248:248,10/07/24 23:46:32,STABLE BEAMS,6800,485519.409770335,459815.268737418,63.4,HFET
386673:10208,249:249,10/07/24 23:46:56,STABLE BEAMS,6800,484937.777859935,452242.955640320,63.3,HFET
386673:10208,250:250,10/07/24 23:47:19,STABLE BEAMS,6800,484556.063852882,458640.580303804,63.2,HFET
386673:10208,251:251,10/07/24 23:47:42,STABLE BEAMS,6800,483661.239970467,459239.877122572,63.1,HFET
386673:10208,252:252,10/07/24 23:48:06,STABLE BEAMS,6800,482844.817231253,457044.565856286,63.0,HFET
386673:10208,253:253,10/07/24 23:48:29,STABLE BEAMS,6800,491454.825975605,458949.173059112,64.0,HFET
386673:10208,254:254,10/07/24 23:48:52,STABLE BEAMS,6800,490990.204851759,462258.849124970,64.1,HFET
386673:10208,255:255,10/07/24 23:49:16,STABLE BEAMS,6800,490874.333962302,462009.943619436,63.9,HFET
386673:10208,256:256,10/07/24 23:49:39,STABLE BEAMS,6800,490258.190443509,462321.907113396,63.9,HFET
386673:10208,257:257,10/07/24 23:50:02,STABLE BEAMS,6800,490774.852881599,462327.506362526,64.0,HFET
386673:10208,258:258,10/07/24 23:50:26,STABLE BEAMS,6800,490779.405476749,461543.045032476,64.0,HFET
386673:10208,259:259,10/07/24 23:50:49,STABLE BEAMS,6800,490882.026519390,461742.552666111,64.0,HFET
386673:10208,260:260,10/07/24 23:51:12,STABLE BEAMS,6800,491098.334231491,461865.435437908,64.0,HFET
386673:10208,261:261,10/07/24 23:51:35,STABLE BEAMS,6800,491602.931010342,462086.430947677,64.1,HFET
386673:10208,262:262,10/07/24 23:51:59,STABLE BEAMS,6800,491633.025226104,455491.394289595,64.1,HFET
386673:10208,263:263,10/07/24 23:52:22,STABLE BEAMS,6800,491757.546745669,462313.118949692,64.1,HFET
386673:10208,264:264,10/07/24 23:52:45,STABLE BEAMS,6800,492893.310840414,462446.657078596,64.2,HFET
386673:10208,265:265,10/07/24 23:53:09,STABLE BEAMS,6800,492618.726180672,462987.038234376,64.3,HFET
386673:10208,266:266,10/07/24 23:53:32,STABLE BEAMS,6800,492338.132002088,462725.929536007,64.2,HFET
386673:10208,267:267,10/07/24 23:53:55,STABLE BEAMS,6800,492238.697542944,461810.708721917,64.2,HFET
386673:10208,268:268,10/07/24 23:54:19,STABLE BEAMS,6800,492003.494113340,462788.896612395,64.2,HFET
386673:10208,269:269,10/07/24 23:54:42,STABLE BEAMS,6800,491421.817912461,462417.290159140,64.1,HFET
386673:10208,270:270,10/07/24 23:55:05,STABLE BEAMS,6800,490774.806260041,461548.553369567,64.0,HFET
386673:10208,271:271,10/07/24 23:55:29,STABLE BEAMS,6800,490075.848867572,461191.014971474,64.0,HFET
386673:10208,272:272,10/07/24 23:55:52,STABLE BEAMS,6800,489466.945676754,461375.543098487,63.8,HFET
386673:10208,273:273,10/07/24 23:56:15,STABLE BEAMS,6800,489134.265893447,461713.141456175,63.8,HFET
386673:10208,274:274,10/07/24 23:56:39,STABLE BEAMS,6800,488140.371200041,461275.563167112,63.7,HFET
386673:10208,275:275,10/07/24 23:57:02,STABLE BEAMS,6800,487370.066506112,453962.990425653,63.6,HFET
386673:10208,276:276,10/07/24 23:57:25,STABLE BEAMS,6800,486745.503133924,459665.935224625,63.5,HFET
386673:10208,277:277,10/07/24 23:57:48,STABLE BEAMS,6800,486377.356000282,459631.833885943,63.4,HFET
386673:10208,278:278,10/07/24 23:58:12,STABLE BEAMS,6800,486706.483220861,459841.449073376,63.5,HFET
386673:10208,279:279,10/07/24 23:58:35,STABLE BEAMS,6800,486660.271932459,460029.483141559,63.5,HFET
386673:10208,280:280,10/07/24 23:58:58,STABLE BEAMS,6800,486389.465950002,460155.690030450,63.4,HFET
386673:10208,281:281,10/07/24 23:59:22,STABLE BEAMS,6800,486890.967057394,459835.257730459,63.5,HFET
386673:10208,282:282,10/07/24 23:59:45,STABLE BEAMS,6800,486837.471150537,460544.096562171,63.5,HFET
386673:10208,283:283,10/08/24 00:00:08,STABLE BEAMS,6800,486383.139404566,458707.050990284,63.5,HFET
386673:10208,284:284,10/08/24 00:00:32,STABLE BEAMS,6800,486093.027434894,459984.180973541,63.4,HFET
386673:10208,285:285,10/08/24 00:00:55,STABLE BEAMS,6800,485701.070671523,459575.878691895,63.3,HFET
386673:10208,286:286,10/08/24 00:01:18,STABLE BEAMS,6800,485202.574323552,459311.266383433,63.3,HFET
386673:10208,287:287,10/08/24 00:01:42,STABLE BEAMS,6800,485072.999027087,459869.084001948,63.3,HFET
386673:10208,288:288,10/08/24 00:02:05,STABLE BEAMS,6800,484139.066650649,451845.670032856,63.2,HFET
386673:10208,289:289,10/08/24 00:02:28,STABLE BEAMS,6800,483832.019399992,459508.268108319,63.2,HFET
386673:10208,290:290,10/08/24 00:02:51,STABLE BEAMS,6800,488767.575683495,461630.096805786,63.0,HFET
386673:10208,291:291,10/08/24 00:03:15,STABLE BEAMS,6800,490476.136903377,462927.395275082,64.3,HFET
386673:10208,292:292,10/08/24 00:03:38,STABLE BEAMS,6800,488422.557504833,460867.533621582,63.8,HFET
386673:10208,293:293,10/08/24 00:04:01,STABLE BEAMS,6800,488374.297198952,461764.541723995,63.6,HFET
386673:10208,294:294,10/08/24 00:04:25,STABLE BEAMS,6800,488294.213017503,460925.537833109,63.7,HFET
386673:10208,295:295,10/08/24 00:04:48,STABLE BEAMS,6800,488580.042797062,462095.811205170,63.7,HFET
386673:10208,296:296,10/08/24 00:05:11,STABLE BEAMS,6800,487724.054672555,460891.436494427,63.7,HFET
386673:10208,297:297,10/08/24 00:05:35,STABLE BEAMS,6800,486915.189287912,460419.073860856,63.5,HFET
386673:10208,298:298,10/08/24 00:05:58,STABLE BEAMS,6800,486984.074971102,460261.087386877,63.5,HFET
386673:10208,299:299,10/08/24 00:06:21,STABLE BEAMS,6800,485892.654971356,459725.531562361,63.5,HFET
386673:10208,300:300,10/08/24 00:06:45,STABLE BEAMS,6800,485782.339040549,460386.382824307,63.3,HFET
386673:10208,301:301,10/08/24 00:07:08,STABLE BEAMS,6800,486106.778463460,453351.446123568,63.4,HFET
386673:10208,302:302,10/08/24 00:07:31,STABLE BEAMS,6800,485523.144157139,460622.178347699,63.4,HFET
386673:10208,303:303,10/08/24 00:07:55,STABLE BEAMS,6800,485849.676888010,460554.887121796,63.3,HFET
386673:10208,304:304,10/08/24 00:08:18,STABLE BEAMS,6800,485407.774449432,459900.910208594,63.4,HFET
386673:10208,305:305,10/08/24 00:08:41,STABLE BEAMS,6800,485504.339351674,459871.088728947,63.3,HFET
386673:10208,306:306,10/08/24 00:09:04,STABLE BEAMS,6800,486275.872523659,459501.804029287,63.4,HFET
386673:10208,307:307,10/08/24 00:09:28,STABLE BEAMS,6800,486216.639834076,460283.125397397,63.4,HFET
386673:10208,308:308,10/08/24 00:09:51,STABLE BEAMS,6800,485959.083698434,460893.166154233,63.4,HFET
386673:10208,309:309,10/08/24 00:10:15,STABLE BEAMS,6800,486115.883653759,459470.071065757,63.4,HFET
386673:10208,310:310,10/08/24 00:10:38,STABLE BEAMS,6800,486293.765877663,459919.076298713,63.4,HFET
386673:10208,311:311,10/08/24 00:11:01,STABLE BEAMS,6800,486749.417013728,460290.181570218,63.4,HFET
386673:10208,312:312,10/08/24 00:11:24,STABLE BEAMS,6800,487352.858489013,461040.634804701,63.5,HFET
386673:10208,313:313,10/08/24 00:11:48,STABLE BEAMS,6800,487821.850383932,461279.160020321,63.6,HFET
386673:10208,314:314,10/08/24 00:12:11,STABLE BEAMS,6800,488173.607708819,454287.565051083,63.6,HFET
386673:10208,315:315,10/08/24 00:12:34,STABLE BEAMS,6800,487931.210572799,460135.656746929,63.7,HFET
386673:10208,316:316,10/08/24 00:12:58,STABLE BEAMS,6800,487226.287951968,461351.505023123,63.6,HFET
386673:10208,317:317,10/08/24 00:13:21,STABLE BEAMS,6800,486929.075518996,460941.062811961,63.5,HFET
386673:10208,318:318,10/08/24 00:13:44,STABLE BEAMS,6800,486934.264498414,460858.426100205,63.5,HFET
386673:10208,319:319,10/08/24 00:14:07,STABLE BEAMS,6800,487113.466112412,460929.178976798,63.4,HFET
386673:10208,320:320,10/08/24 00:14:31,STABLE BEAMS,6800,486503.334443538,353179.769605232,64.0,HFET
386673:10208,321:321,10/08/24 00:14:54,STABLE BEAMS,6800,484418.248196021,458721.939584868,63.2,HFET
386673:10208,322:322,10/08/24 00:15:17,STABLE BEAMS,6800,483785.761490032,457734.327146417,63.1,HFET
386673:10208,323:323,10/08/24 00:15:41,STABLE BEAMS,6800,483561.213417535,458761.458348602,63.1,HFET
386673:10208,324:324,10/08/24 00:16:04,STABLE BEAMS,6800,486348.947153846,459141.123338176,63.0,HFET
386673:10208,325:325,10/08/24 00:16:27,STABLE BEAMS,6800,493004.901870836,463770.408619966,64.3,HFET
386673:10208,326:326,10/08/24 00:16:51,STABLE BEAMS,6800,492932.785313669,463045.907275806,64.3,HFET
386673:10208,327:327,10/08/24 00:17:14,STABLE BEAMS,6800,492228.589989145,457247.852167205,64.2,HFET
386673:10208,328:328,10/08/24 00:17:37,STABLE BEAMS,6800,492347.101989869,462358.010847999,64.3,HFET
386673:10208,329:329,10/08/24 00:18:01,STABLE BEAMS,6800,491555.125264652,463288.758972019,64.1,HFET
386673:10208,330:330,10/08/24 00:18:24,STABLE BEAMS,6800,491777.078847440,463545.995749987,64.1,HFET
386673:10208,331:331,10/08/24 00:18:47,STABLE BEAMS,6800,491527.581248119,463684.676236751,64.1,HFET
386673:10208,332:332,10/08/24 00:19:11,STABLE BEAMS,6800,490843.556740713,462413.693305932,64.0,HFET
386673:10208,333:333,10/08/24 00:19:34,STABLE BEAMS,6800,490240.024353390,462722.880486106,64.0,HFET
386673:10208,334:334,10/08/24 00:19:57,STABLE BEAMS,6800,490311.005675618,463092.165185766,63.9,HFET
386673:10208,335:335,10/08/24 00:20:20,STABLE BEAMS,6800,489596.565263699,462656.363178068,63.9,HFET
386673:10208,336:336,10/08/24 00:20:44,STABLE BEAMS,6800,489335.549808445,461266.639800890,63.8,HFET
386673:10208,337:337,10/08/24 00:21:07,STABLE BEAMS,6800,488840.468489606,461806.293660363,63.8,HFET
386673:10208,338:338,10/08/24 00:21:30,STABLE BEAMS,6800,488206.979420117,263589.867388536,63.7,HFET
386673:10208,339:339,10/08/24 00:21:54,STABLE BEAMS,6800,488054.776350422,461297.827292189,63.7,HFET
386673:10208,340:340,10/08/24 00:22:17,STABLE BEAMS,6800,487916.412890253,454774.813948159,63.6,HFET
386673:10208,341:341,10/08/24 00:22:40,STABLE BEAMS,6800,487381.223044969,461843.490670504,63.6,HFET
386673:10208,342:342,10/08/24 00:23:04,STABLE BEAMS,6800,487266.443099972,461460.545854317,63.6,HFET
386673:10208,343:343,10/08/24 00:23:27,STABLE BEAMS,6800,486390.650137578,459626.644906525,63.5,HFET
386673:10208,344:344,10/08/24 00:23:50,STABLE BEAMS,6800,485525.011350542,460956.998060524,63.4,HFET
386673:10208,345:345,10/08/24 00:24:14,STABLE BEAMS,6800,484951.347064424,460165.205490461,63.3,HFET
386673:10208,346:346,10/08/24 00:24:37,STABLE BEAMS,6800,484004.346665246,459003.034945200,63.2,HFET
386673:10208,347:347,10/08/24 00:25:00,STABLE BEAMS,6800,483503.255827566,459840.129683282,63.1,HFET
386673:10208,348:348,10/08/24 00:25:24,STABLE BEAMS,6800,486739.948175275,460192.430149321,63.0,HFET
386673:10208,349:349,10/08/24 00:25:47,STABLE BEAMS,6800,491379.429591824,463458.853064640,64.1,HFET
386673:10208,350:350,10/08/24 00:26:10,STABLE BEAMS,6800,491353.887971212,463538.028125706,64.1,HFET
386673:10208,351:351,10/08/24 00:26:33,STABLE BEAMS,6800,490547.572785797,461720.197628995,64.1,HFET
386673:10208,352:352,10/08/24 00:26:57,STABLE BEAMS,6800,489363.776830805,462326.869978257,63.9,HFET
386673:10208,353:353,10/08/24 00:27:20,STABLE BEAMS,6800,489394.873410067,455149.791140065,63.8,HFET
386673:10208,354:354,10/08/24 00:27:43,STABLE BEAMS,6800,489458.978052473,462584.789762052,63.8,HFET
386673:10208,355:355,10/08/24 00:28:07,STABLE BEAMS,6800,489620.239690909,463100.132810048,63.8,HFET
386673:10208,356:356,10/08/24 00:28:30,STABLE BEAMS,6800,490002.000319520,460747.016893859,63.9,HFET
386673:10208,357:357,10/08/24 00:28:53,STABLE BEAMS,6800,489829.400318151,463053.329427858,63.9,HFET
386673:10208,358:358,10/08/24 00:29:17,STABLE BEAMS,6800,489976.822347061,463222.013218346,63.9,HFET
386673:10208,359:359,10/08/24 00:29:40,STABLE BEAMS,6800,489715.214798020,463064.346102040,63.9,HFET
386673:10208,360:360,10/08/24 00:30:03,STABLE BEAMS,6800,489981.694299884,463441.735959578,63.9,HFET
386673:10208,361:361,10/08/24 00:30:27,STABLE BEAMS,6800,490540.560903456,463072.677374475,64.0,HFET
386673:10208,362:362,10/08/24 00:30:50,STABLE BEAMS,6800,490364.319758398,463282.656210062,64.0,HFET
386673:10208,363:363,10/08/24 00:31:13,STABLE BEAMS,6800,490564.918336493,463360.465259475,64.0,HFET
386673:10208,364:364,10/08/24 00:31:37,STABLE BEAMS,6800,490657.706892528,463502.378951294,64.0,HFET
386673:10208,365:365,10/08/24 00:32:00,STABLE BEAMS,6800,490519.935526147,461955.263525003,64.0,HFET
386673:10208,366:366,10/08/24 00:32:23,STABLE BEAMS,6800,490725.772036295,455077.446137263,64.0,HFET
386673:10208,367:367,10/08/24 00:32:46,STABLE BEAMS,6800,490623.561263366,461990.502429703,64.0,HFET
386673:10208,368:368,10/08/24 00:33:10,STABLE BEAMS,6800,490621.055354617,463449.246692590,64.0,HFET
386673:10208,369:369,10/08/24 00:33:33,STABLE BEAMS,6800,487251.372681311,460991.964229109,63.9,HFET
386673:10208,370:370,10/08/24 00:33:56,STABLE BEAMS,6800,490701.824872971,461939.099830805,63.5,HFET
386673:10208,371:371,10/08/24 00:34:20,STABLE BEAMS,6800,491758.549109168,463633.683907565,64.4,HFET
386673:10208,372:372,10/08/24 00:34:43,STABLE BEAMS,6800,489709.021124024,462367.754753645,63.8,HFET
386673:10208,373:373,10/08/24 00:35:06,STABLE BEAMS,6800,490109.267200427,461365.162808573,64.0,HFET
386673:10208,374:374,10/08/24 00:35:30,STABLE BEAMS,6800,488821.710305699,461010.904237092,63.8,HFET
386673:10208,375:375,10/08/24 00:35:53,STABLE BEAMS,6800,489004.098503194,461788.218482283,63.8,HFET
386673:10208,376:376,10/08/24 00:36:16,STABLE BEAMS,6800,488162.632994040,460410.968702978,63.7,HFET
386673:10208,377:377,10/08/24 00:36:40,STABLE BEAMS,6800,487160.726385872,460637.202144801,63.6,HFET
386673:10208,378:378,10/08/24 00:37:03,STABLE BEAMS,6800,486787.297029695,461172.030673010,63.5,HFET
386673:10208,379:379,10/08/24 00:37:26,STABLE BEAMS,6800,485965.184129313,292330.668642999,63.5,HFET
386673:10208,380:380,10/08/24 00:37:49,STABLE BEAMS,6800,485512.582043149,69612.775760774,63.3,HFET
386673:10208,381:381,10/08/24 00:38:13,STABLE BEAMS,6800,484839.163940214,459281.899463978,63.3,HFET
386673:10208,382:382,10/08/24 00:38:36,STABLE BEAMS,6800,484747.650483793,459909.742662779,63.2,HFET
386673:10208,383:383,10/08/24 00:39:00,STABLE BEAMS,6800,484459.270505005,459339.493405793,63.2,HFET
386673:10208,384:384,10/08/24 00:39:23,STABLE BEAMS,6800,483683.413183506,459453.042541656,63.1,HFET
386673:10208,385:385,10/08/24 00:39:46,STABLE BEAMS,6800,483308.391701119,458413.300208001,63.0,HFET
386673:10208,386:386,10/08/24 00:40:09,STABLE BEAMS,6800,492129.108908443,462508.164900215,63.6,HFET
386673:10208,387:387,10/08/24 00:40:33,STABLE BEAMS,6800,491575.750641962,463329.778949925,64.1,HFET
386673:10208,388:388,10/08/24 00:40:56,STABLE BEAMS,6800,490782.275033651,461453.718127131,64.1,HFET
386673:10208,389:389,10/08/24 00:41:19,STABLE BEAMS,6800,490276.039507033,462603.594567517,64.0,HFET
386673:10208,390:390,10/08/24 00:41:43,STABLE BEAMS,6800,490126.384305489,462017.500974007,63.9,HFET
386673:10208,391:391,10/08/24 00:42:06,STABLE BEAMS,6800,490076.986433590,461636.015412588,63.9,HFET
386673:10208,392:392,10/08/24 00:42:29,STABLE BEAMS,6800,489612.365309744,462466.324382886,63.9,HFET
386673:10208,393:393,10/08/24 00:42:53,STABLE BEAMS,6800,489704.878798586,455923.098262336,63.9,HFET
386673:10208,394:394,10/08/24 00:43:16,STABLE BEAMS,6800,489384.901058786,462363.202158495,63.9,HFET
386673:10208,395:395,10/08/24 00:43:39,STABLE BEAMS,6800,489505.552989028,462595.263295082,63.8,HFET
386673:10208,396:396,10/08/24 00:44:02,STABLE BEAMS,6800,489463.712471699,462516.088234016,63.8,HFET
386673:10208,397:397,10/08/24 00:44:26,STABLE BEAMS,6800,489204.743702847,460934.004308062,63.8,HFET
386673:10208,398:398,10/08/24 00:44:49,STABLE BEAMS,6800,488849.755503982,460190.609577477,63.7,HFET
386673:10208,399:399,10/08/24 00:45:12,STABLE BEAMS,6800,488824.943510754,461317.813954153,63.8,HFET
386673:10208,400:400,10/08/24 00:45:36,STABLE BEAMS,6800,489231.970692785,462253.340787879,63.8,HFET
386673:10208,401:401,10/08/24 00:45:59,STABLE BEAMS,6800,488536.335086331,460530.893336913,63.8,HFET
386673:10208,402:402,10/08/24 00:46:22,STABLE BEAMS,6800,488906.484615894,461820.042357851,63.7,HFET
386673:10208,403:403,10/08/24 00:46:46,STABLE BEAMS,6800,488229.015099559,462185.501758668,63.8,HFET
386673:10208,404:404,10/08/24 00:47:09,STABLE BEAMS,6800,488102.899122707,461418.385979315,63.6,HFET
386673:10208,405:405,10/08/24 00:47:32,STABLE BEAMS,6800,487785.245467579,460782.120596041,63.6,HFET
386673:10208,406:406,10/08/24 00:47:56,STABLE BEAMS,6800,487589.563132788,454278.776887378,63.6,HFET
386673:10208,407:407,10/08/24 00:48:19,STABLE BEAMS,6800,487162.593579274,461920.297356418,63.6,HFET
386673:10208,408:408,10/08/24 00:48:42,STABLE BEAMS,6800,487293.259820198,461158.417178041,63.5,HFET
386673:10208,409:409,10/08/24 00:49:06,STABLE BEAMS,6800,486440.595812785,461493.509626981,63.5,HFET
386673:10208,410:410,10/08/24 00:49:29,STABLE BEAMS,6800,486138.192069316,460529.070433991,63.4,HFET
386673:10208,411:411,10/08/24 00:49:52,STABLE BEAMS,6800,485350.180507617,461015.090853011,63.4,HFET
386673:10208,412:412,10/08/24 00:50:15,STABLE BEAMS,6800,484479.804970276,460812.853527149,63.2,HFET
386673:10208,413:413,10/08/24 00:50:39,STABLE BEAMS,6800,483837.527737083,460195.572442338,63.1,HFET
386673:10208,414:414,10/08/24 00:51:02,STABLE BEAMS,6800,484186.872396338,459550.292780803,63.1,HFET
386673:10208,415:415,10/08/24 00:51:25,STABLE BEAMS,6800,483825.145051248,459514.506072795,63.2,HFET
386673:10208,416:416,10/08/24 00:51:49,STABLE BEAMS,6800,482900.954249377,459254.854298116,63.0,HFET
386673:10208,417:417,10/08/24 00:52:12,STABLE BEAMS,6800,490493.710899708,463171.065179639,63.1,HFET
386673:10208,418:418,10/08/24 00:52:35,STABLE BEAMS,6800,490867.457282480,462896.254405340,64.0,HFET
386673:10208,419:419,10/08/24 00:52:59,STABLE BEAMS,6800,490907.978409714,456030.090076050,64.1,HFET
386673:10208,420:420,10/08/24 00:53:22,STABLE BEAMS,6800,487379.810411758,461119.898446728,63.5,HFET
386673:10208,421:421,10/08/24 00:53:45,STABLE BEAMS,6800,492842.090065593,463011.533201009,64.4,HFET
386673:10208,422:422,10/08/24 00:54:09,STABLE BEAMS,6800,491875.832631836,462365.568202569,64.2,HFET
386673:10208,423:423,10/08/24 00:54:32,STABLE BEAMS,6800,491214.205120948,463756.156409651,64.1,HFET
386673:10208,424:424,10/08/24 00:54:55,STABLE BEAMS,6800,491197.815312193,462748.056127487,64.0,HFET
386673:10208,425:425,10/08/24 00:55:18,STABLE BEAMS,6800,490997.990651964,463400.350002441,64.0,HFET
386673:10208,426:426,10/08/24 00:55:42,STABLE BEAMS,6800,490743.029006031,462330.103183313,64.0,HFET
386673:10208,427:427,10/08/24 00:56:05,STABLE BEAMS,6800,490283.913888198,462214.868678124,64.0,HFET
386673:10208,428:428,10/08/24 00:56:28,STABLE BEAMS,6800,489837.186118356,462499.379067588,63.9,HFET
386673:10208,429:429,10/08/24 00:56:52,STABLE BEAMS,6800,489546.484385974,461966.737090455,63.9,HFET
386673:10208,430:430,10/08/24 00:57:15,STABLE BEAMS,6800,489621.242054408,462846.537175768,63.8,HFET
386673:10208,431:431,10/08/24 00:57:38,STABLE BEAMS,6800,486988.352499059,460432.869179902,63.5,HFET
386673:10208,432:432,10/08/24 00:58:02,STABLE BEAMS,6800,485957.624443665,454516.847542806,63.4,HFET
386673:10208,433:433,10/08/24 00:58:25,STABLE BEAMS,6800,485718.553755816,459620.269408453,63.4,HFET
386673:10208,434:434,10/08/24 00:58:48,STABLE BEAMS,6800,482105.611447664,457018.112784212,63.3,HFET
386673:10208,435:435,10/08/24 00:59:12,STABLE BEAMS,6800,486269.681180741,460461.506471973,63.3,HFET
386673:10208,436:436,10/08/24 00:59:35,STABLE BEAMS,6800,484802.286287746,460949.666820510,63.3,HFET
386673:10208,437:437,10/08/24 00:59:58,STABLE BEAMS,6800,484531.433683731,460026.569294177,63.3,HFET
386673:10208,438:438,10/08/24 01:00:22,STABLE BEAMS,6800,489001.322189409,461993.325365047,63.0,HFET
386673:10208,439:439,10/08/24 01:00:45,STABLE BEAMS,6800,489578.399173580,462798.458693964,64.5,HFET
386673:10208,440:440,10/08/24 01:01:08,STABLE BEAMS,6800,486481.709033807,461463.960883449,63.5,HFET
386673:10208,441:441,10/08/24 01:01:31,STABLE BEAMS,6800,486116.748483662,461066.311627832,63.4,HFET
386673:10208,442:442,10/08/24 01:01:55,STABLE BEAMS,6800,485679.808909946,460684.278263106,63.4,HFET
386673:10208,443:443,10/08/24 01:02:18,STABLE BEAMS,6800,484527.745918484,459443.207723972,63.2,HFET
386673:10208,444:444,10/08/24 01:02:41,STABLE BEAMS,6800,484288.901345191,460002.666421333,63.2,HFET
386673:10208,445:445,10/08/24 01:03:05,STABLE BEAMS,6800,483736.407908613,453099.489237056,63.4,HFET
386673:10208,446:446,10/08/24 01:03:28,STABLE BEAMS,6800,486230.253329045,459142.852997983,62.9,HFET
386673:10208,447:447,10/08/24 01:03:51,STABLE BEAMS,6800,494386.156441983,463707.896103770,64.4,HFET
386673:10208,448:448,10/08/24 01:04:15,STABLE BEAMS,6800,493995.929338419,465086.647097246,64.4,HFET
386673:10208,449:449,10/08/24 01:04:38,STABLE BEAMS,6800,494230.265607042,463246.461563420,64.5,HFET
386673:10208,450:450,10/08/24 01:05:01,STABLE BEAMS,6800,494915.066363390,465635.315234981,64.5,HFET
386673:10208,451:451,10/08/24 01:05:25,STABLE BEAMS,6800,494878.186379844,465513.936008433,64.6,HFET
386673:10208,452:452,10/08/24 01:05:48,STABLE BEAMS,6800,494117.126740890,464826.722586452,64.5,HFET
386673:10208,453:453,10/08/24 01:06:11,STABLE BEAMS,6800,493527.163558056,464706.800283595,64.4,HFET
386673:10208,454:454,10/08/24 01:06:34,STABLE BEAMS,6800,493187.882162120,464695.963102412,64.3,HFET
386673:10208,455:455,10/08/24 01:06:58,STABLE BEAMS,6800,493048.700493606,463998.280809557,64.3,HFET
386673:10208,456:456,10/08/24 01:07:21,STABLE BEAMS,6800,493687.152427956,464955.160316899,64.3,HFET
386673:10208,457:457,10/08/24 01:07:44,STABLE BEAMS,6800,495783.528085770,465439.040806402,64.6,HFET
386673:10208,458:458,10/08/24 01:08:08,STABLE BEAMS,6800,495519.050979827,458378.058972223,64.7,HFET
386673:10208,459:459,10/08/24 01:08:31,STABLE BEAMS,6800,493409.698211311,465073.807520141,64.5,HFET
386673:10208,460:460,10/08/24 01:08:54,STABLE BEAMS,6800,492382.021536896,463920.289936067,64.3,HFET
386673:10208,461:461,10/08/24 01:09:18,STABLE BEAMS,6800,491959.742112129,464477.790527986,64.2,HFET
386673:10208,462:462,10/08/24 01:09:41,STABLE BEAMS,6800,491024.488014517,463981.571643129,64.1,HFET
386673:10208,463:463,10/08/24 01:10:04,STABLE BEAMS,6800,491032.956820549,463880.269990582,64.0,HFET
386673:10208,464:464,10/08/24 01:10:28,STABLE BEAMS,6800,490801.396865711,463810.519477489,64.0,HFET
386673:10208,465:465,10/08/24 01:10:51,STABLE BEAMS,6800,491617.136599099,464115.289265032,64.1,HFET
386673:10208,466:466,10/08/24 01:11:14,STABLE BEAMS,6800,492023.527396861,463790.486193967,64.2,HFET
386673:10208,467:467,10/08/24 01:11:38,STABLE BEAMS,6800,491194.355992581,464185.995520066,64.1,HFET
386673:10208,468:468,10/08/24 01:12:01,STABLE BEAMS,6800,491260.553942946,464005.246070339,64.1,HFET
386673:10208,469:469,10/08/24 01:12:24,STABLE BEAMS,6800,491833.807959353,463486.170966616,64.1,HFET
386673:10208,470:470,10/08/24 01:12:47,STABLE BEAMS,6800,492160.841871973,464316.799294587,64.2,HFET
386673:10208,471:471,10/08/24 01:13:11,STABLE BEAMS,6800,492536.455448147,457313.777381455,64.2,HFET
386673:10208,472:472,10/08/24 01:13:34,STABLE BEAMS,6800,492626.556271357,463775.143039192,64.3,HFET
386673:10208,473:473,10/08/24 01:13:57,STABLE BEAMS,6800,492566.687197505,464684.717982595,64.3,HFET
386673:10208,474:474,10/08/24 01:14:21,STABLE BEAMS,6800,493180.961191818,464621.296346015,64.3,HFET
386673:10208,475:475,10/08/24 01:14:44,STABLE BEAMS,6800,493339.448847546,464604.859915702,64.3,HFET
386673:10208,476:476,10/08/24 01:15:07,STABLE BEAMS,6800,493041.963678459,464206.529985337,64.3,HFET
386673:10208,477:477,10/08/24 01:15:31,STABLE BEAMS,6800,492993.064657231,464202.795598533,64.3,HFET
386673:10208,478:478,10/08/24 01:15:54,STABLE BEAMS,6800,492481.775353714,464585.511969085,64.3,HFET
386673:10208,479:479,10/08/24 01:16:17,STABLE BEAMS,6800,492269.246318898,463971.918649521,64.2,HFET
386673:10208,480:480,10/08/24 01:16:41,STABLE BEAMS,6800,492270.066858321,464147.159762158,64.2,HFET
386673:10208,481:481,10/08/24 01:17:04,STABLE BEAMS,6800,492167.033214890,463570.399804582,64.2,HFET
386673:10208,482:482,10/08/24 01:17:27,STABLE BEAMS,6800,492363.946358816,463479.023881757,64.2,HFET
386673:10208,483:483,10/08/24 01:17:51,STABLE BEAMS,6800,492455.413193678,463999.236551498,64.3,HFET
386673:10208,484:484,10/08/24 01:18:14,STABLE BEAMS,6800,492113.402105514,458076.795125850,64.2,HFET
386673:10208,485:485,10/08/24 01:18:37,STABLE BEAMS,6800,492038.460281925,367256.542997309,64.2,HFET
386673:10208,486:486,10/08/24 01:19:00,STABLE BEAMS,6800,491381.935500573,0,64.1,HFET
386673:10208,487:487,10/08/24 01:19:24,STABLE BEAMS,6800,490203.738794710,261088.739680727,64.0,HFET
386673:10208,488:488,10/08/24 01:19:47,STABLE BEAMS,6800,489750.453702720,462778.378788884,63.9,HFET
386673:10208,489:489,10/08/24 01:20:10,STABLE BEAMS,6800,489737.476592019,463357.688945689,63.9,HFET
386673:10208,490:490,10/08/24 01:20:34,STABLE BEAMS,6800,489006.648702423,462261.627769833,63.8,HFET
386673:10208,491:491,10/08/24 01:20:57,STABLE BEAMS,6800,488822.938783755,463215.364984159,63.8,HFET
386673:10208,492:492,10/08/24 01:21:20,STABLE BEAMS,6800,489272.902089731,463105.641147139,63.8,HFET
386673:10208,493:493,10/08/24 01:21:44,STABLE BEAMS,6800,489089.283083101,462683.634458486,63.8,HFET
386673:10208,494:494,10/08/24 01:22:07,STABLE BEAMS,6800,488717.995987520,461568.906010762,63.8,HFET
386673:10208,495:495,10/08/24 01:22:30,STABLE BEAMS,6800,488158.080398890,462513.901682941,63.7,HFET
386673:10208,496:496,10/08/24 01:22:54,STABLE BEAMS,6800,487591.518907151,461761.583586133,63.6,HFET
386673:10208,497:497,10/08/24 01:23:17,STABLE BEAMS,6800,486827.410218296,460851.141481749,63.5,HFET
386673:10208,498:498,10/08/24 01:23:40,STABLE BEAMS,6800,486636.825950884,454943.817096320,63.5,HFET
386673:10208,499:499,10/08/24 01:24:03,STABLE BEAMS,6800,486756.748253741,460527.068038070,63.5,HFET
386673:10208,500:500,10/08/24 01:24:27,STABLE BEAMS,6800,486614.881183480,461408.506871151,63.5,HFET
386673:10208,501:501,10/08/24 01:24:50,STABLE BEAMS,6800,486171.428578095,461323.368912802,63.5,HFET
386673:10208,502:502,10/08/24 01:25:13,STABLE BEAMS,6800,485870.073819684,461115.893654886,63.4,HFET
386673:10208,503:503,10/08/24 01:25:37,STABLE BEAMS,6800,485141.474440566,460108.203642434,63.3,HFET
386673:10208,504:504,10/08/24 01:26:00,STABLE BEAMS,6800,485820.992974380,461005.484480962,63.3,HFET
386673:10208,505:505,10/08/24 01:26:23,STABLE BEAMS,6800,485556.471577957,458481.593797404,63.4,HFET
386673:10208,506:506,10/08/24 01:26:47,STABLE BEAMS,6800,484290.812829074,459630.696319925,63.2,HFET
386673:10208,507:507,10/08/24 01:27:10,STABLE BEAMS,6800,484183.730103321,460076.424057346,63.1,HFET
386673:10208,508:508,10/08/24 01:27:33,STABLE BEAMS,6800,483503.209206008,459905.052534033,63.1,HFET
386673:10208,509:509,10/08/24 01:27:57,STABLE BEAMS,6800,484337.753744860,352025.657596291,63.0,HFET
386673:10208,510:510,10/08/24 01:28:20,STABLE BEAMS,6800,491714.659574360,463140.560694166,64.2,HFET
386673:10208,511:511,10/08/24 01:28:43,STABLE BEAMS,6800,491084.676446042,456101.663492066,64.1,HFET
386673:10208,512:512,10/08/24 01:29:07,STABLE BEAMS,6800,491574.522163905,356453.658963082,64.0,HFET
386673:10208,513:513,10/08/24 01:29:30,STABLE BEAMS,6800,490641.862556003,462460.314864045,64.0,HFET
386673:10208,514:514,10/08/24 01:29:53,STABLE BEAMS,6800,490010.378213513,462039.765099084,63.9,HFET
386673:10208,515:515,10/08/24 01:30:16,STABLE BEAMS,6800,489786.694970919,462915.695595073,63.9,HFET
386673:10208,516:516,10/08/24 01:30:40,STABLE BEAMS,6800,489866.870064407,462221.379378714,65.3,HFET
386673:10208,517:517,10/08/24 01:31:03,STABLE BEAMS,6800,488852.349993691,462875.491494434,63.8,HFET
386673:10208,518:518,10/08/24 01:31:26,STABLE BEAMS,6800,489313.558419483,461118.350610998,63.8,HFET
386673:10208,519:519,10/08/24 01:31:50,STABLE BEAMS,6800,488406.668877828,460646.444868697,63.7,HFET
386673:10208,520:520,10/08/24 01:32:13,STABLE BEAMS,6800,487930.483276492,462276.604945377,63.7,HFET
386673:10208,521:521,10/08/24 01:32:36,STABLE BEAMS,6800,487283.334090476,460804.566545194,63.6,HFET
386673:10208,522:522,10/08/24 01:33:00,STABLE BEAMS,6800,486802.414069913,460530.711512836,63.5,HFET
386673:10208,523:523,10/08/24 01:33:23,STABLE BEAMS,6800,486580.413865567,460875.727360421,63.5,HFET
386673:10208,524:524,10/08/24 01:33:46,STABLE BEAMS,6800,485816.759736904,454284.287555547,63.4,HFET
386673:10208,525:525,10/08/24 01:34:10,STABLE BEAMS,6800,485544.816188428,460697.481488364,63.4,HFET
386673:10208,526:526,10/08/24 01:34:33,STABLE BEAMS,6800,485460.314614348,460951.853371586,63.3,HFET
386673:10208,527:527,10/08/24 01:34:56,STABLE BEAMS,6800,484959.268067148,460798.237668680,63.3,HFET
386673:10208,528:528,10/08/24 01:35:20,STABLE BEAMS,6800,485568.080345927,460965.282711400,63.2,HFET
386673:10208,529:529,10/08/24 01:35:43,STABLE BEAMS,6800,484642.068972212,460548.784359839,63.2,HFET
386673:10208,530:530,10/08/24 01:36:06,STABLE BEAMS,6800,483781.299806920,460487.458362297,63.1,HFET
386673:10208,531:531,10/08/24 01:36:29,STABLE BEAMS,6800,483802.836635691,460181.686211254,63.1,HFET
386673:10208,532:532,10/08/24 01:36:53,STABLE BEAMS,6800,483082.204880855,458564.090644485,63.1,HFET
386673:10208,533:533,10/08/24 01:37:16,STABLE BEAMS,6800,490233.240916685,463091.754916055,62.9,HFET
386673:10208,534:534,10/08/24 01:37:39,STABLE BEAMS,6800,491455.236245316,461346.360334185,64.1,HFET
386673:10208,535:535,10/08/24 01:38:03,STABLE BEAMS,6800,490916.493837304,463249.422032361,64.1,HFET
386673:10208,536:536,10/08/24 01:38:26,STABLE BEAMS,6800,490558.043987749,463552.324626501,64.0,HFET
386673:10208,537:537,10/08/24 01:38:49,STABLE BEAMS,6800,490182.840681286,455464.941217522,64.0,HFET
386673:10208,538:538,10/08/24 01:39:13,STABLE BEAMS,6800,489643.459557927,462979.662703883,63.9,HFET
386673:10208,539:539,10/08/24 01:39:36,STABLE BEAMS,6800,489103.169314185,462800.232644250,63.8,HFET
386673:10208,540:540,10/08/24 01:39:59,STABLE BEAMS,6800,488428.567023674,461900.126539300,63.8,HFET
386673:10208,541:541,10/08/24 01:40:23,STABLE BEAMS,6800,487569.620761305,460913.653997946,63.6,HFET
386673:10208,542:542,10/08/24 01:40:46,STABLE BEAMS,6800,486933.446290069,461121.220167900,63.5,HFET
386673:10208,543:543,10/08/24 01:41:09,STABLE BEAMS,6800,486367.658716195,460037.770123514,63.5,HFET
386673:10208,544:544,10/08/24 01:41:32,STABLE BEAMS,6800,485643.886999419,460389.434205285,63.4,HFET
386673:10208,545:545,10/08/24 01:41:56,STABLE BEAMS,6800,485411.734950794,459539.728335734,63.3,HFET
386673:10208,546:546,10/08/24 01:42:19,STABLE BEAMS,6800,484452.624601896,459757.402059488,63.3,HFET
386673:10208,547:547,10/08/24 01:42:42,STABLE BEAMS,6800,483812.578210259,459293.053671756,63.1,HFET
386673:10208,548:548,10/08/24 01:43:06,STABLE BEAMS,6800,484127.683997235,459416.209179669,63.1,HFET
386673:10208,549:549,10/08/24 01:43:29,STABLE BEAMS,6800,484246.879003786,459485.868780724,63.2,HFET
386673:10208,550:550,10/08/24 01:43:52,STABLE BEAMS,6800,483593.813542045,451195.972978690,63.1,HFET
386673:10208,551:551,10/08/24 01:44:16,STABLE BEAMS,6800,483235.090956376,458314.821490798,63.0,HFET
386673:10208,552:552,10/08/24 01:44:39,STABLE BEAMS,6800,482497.614832593,458829.206465775,63.0,HFET
386673:10208,553:553,10/08/24 01:45:02,STABLE BEAMS,6800,483304.384578200,457778.626950936,62.8,HFET
386673:10208,554:554,10/08/24 01:45:26,STABLE BEAMS,6800,486021.412059476,461461.319772181,63.5,HFET
386673:10208,555:555,10/08/24 01:45:49,STABLE BEAMS,6800,478516.341235645,456597.152749539,62.7,HFET
386673:10208,556:556,10/08/24 01:46:12,STABLE BEAMS,6800,493431.552066677,463623.350239209,63.9,HFET
386673:10208,557:557,10/08/24 01:46:36,STABLE BEAMS,6800,494591.538391940,465022.633366878,64.8,HFET
386673:10208,558:558,10/08/24 01:46:59,STABLE BEAMS,6800,493227.902107604,462750.242678563,64.2,HFET
386673:10208,559:559,10/08/24 01:47:22,STABLE BEAMS,6800,495315.447642312,464900.752958581,64.6,HFET
386673:10208,560:560,10/08/24 01:47:45,STABLE BEAMS,6800,495033.713566633,465387.046113716,64.6,HFET
386673:10208,561:561,10/08/24 01:48:09,STABLE BEAMS,6800,495387.836935594,465384.498245565,64.6,HFET
386673:10208,562:562,10/08/24 01:48:32,STABLE BEAMS,6800,495233.493936382,465322.533532676,64.6,HFET
386673:10208,563:563,10/08/24 01:48:55,STABLE BEAMS,6800,495824.823130869,457913.302645858,64.6,HFET
386673:10208,564:564,10/08/24 01:49:19,STABLE BEAMS,6800,496029.839101595,464385.866801854,64.7,HFET
386673:10208,565:565,10/08/24 01:49:42,STABLE BEAMS,6800,496252.384778171,464694.872157952,64.7,HFET
386673:10208,566:566,10/08/24 01:50:05,STABLE BEAMS,6800,496111.382537813,465866.147893512,64.7,HFET
386673:10208,567:567,10/08/24 01:50:29,STABLE BEAMS,6800,496024.239852465,464578.453465187,64.7,HFET
386673:10208,568:568,10/08/24 01:50:52,STABLE BEAMS,6800,496314.622227174,464940.500167950,64.7,HFET
386673:10208,569:569,10/08/24 01:51:15,STABLE BEAMS,6800,496593.987927701,466889.316263258,64.7,HFET
386673:10208,570:570,10/08/24 01:51:39,STABLE BEAMS,6800,495839.483279818,466293.662919256,64.7,HFET
386673:10208,571:571,10/08/24 01:52:02,STABLE BEAMS,6800,495146.989966381,465092.565704048,64.6,HFET
386673:10208,572:572,10/08/24 01:52:25,STABLE BEAMS,6800,495597.953304778,465958.160200604,64.6,HFET
386673:10208,573:573,10/08/24 01:52:48,STABLE BEAMS,6800,496122.900393745,466490.485151143,64.7,HFET
386673:10208,574:574,10/08/24 01:53:12,STABLE BEAMS,6800,496070.861410579,465934.623306991,64.7,HFET
386673:10208,575:575,10/08/24 01:53:35,STABLE BEAMS,6800,495652.041305423,464769.448002310,64.7,HFET
386673:10208,576:576,10/08/24 01:53:58,STABLE BEAMS,6800,496443.013336063,459589.902456576,64.6,HFET
386673:10208,577:577,10/08/24 01:54:22,STABLE BEAMS,6800,495642.798581527,465296.308906238,64.7,HFET
386673:10208,578:578,10/08/24 01:54:45,STABLE BEAMS,6800,495320.000237462,465133.769837109,64.6,HFET
386673:10208,579:579,10/08/24 01:55:08,STABLE BEAMS,6800,495223.160268026,465571.166302095,64.6,HFET
386673:10208,580:580,10/08/24 01:55:32,STABLE BEAMS,6800,494448.076864392,465768.305560577,64.6,HFET
386673:10208,581:581,10/08/24 01:55:55,STABLE BEAMS,6800,494591.037210190,465334.916218511,64.4,HFET
386673:10208,582:582,10/08/24 01:56:18,STABLE BEAMS,6800,494289.773363818,464073.402126145,64.5,HFET
386673:10208,583:583,10/08/24 01:56:42,STABLE BEAMS,6800,494725.300304323,464474.830059046,64.5,HFET
386673:10208,584:584,10/08/24 01:57:05,STABLE BEAMS,6800,494521.741257289,465587.784556484,64.5,HFET
386673:10208,585:585,10/08/24 01:57:28,STABLE BEAMS,6800,493985.273981312,465747.589271230,64.5,HFET
386673:10208,586:586,10/08/24 01:57:52,STABLE BEAMS,6800,493606.702267275,464899.477858966,64.4,HFET
386673:10208,587:587,10/08/24 01:58:15,STABLE BEAMS,6800,493405.327440238,464734.481833725,64.4,HFET
386673:10208,588:588,10/08/24 01:58:38,STABLE BEAMS,6800,492470.756348453,464968.818102348,64.3,HFET
386673:10208,589:589,10/08/24 01:59:01,STABLE BEAMS,6800,491502.130539545,456676.190277008,64.1,HFET
386673:10208,590:590,10/08/24 01:59:25,STABLE BEAMS,6800,490891.861337074,463682.492016754,64.1,HFET
386673:10208,591:591,10/08/24 01:59:48,STABLE BEAMS,6800,490304.539265507,463812.932143121,64.0,HFET
386673:10208,592:592,10/08/24 02:00:11,STABLE BEAMS,6800,490226.184743864,463948.971518618,63.9,HFET
386673:10208,593:593,10/08/24 02:00:35,STABLE BEAMS,6800,490084.180140007,463895.885881472,63.9,HFET
386673:10208,594:594,10/08/24 02:00:58,STABLE BEAMS,6800,490211.387061319,463824.132972458,63.9,HFET
386673:10208,595:595,10/08/24 02:01:21,STABLE BEAMS,6800,490214.755468893,463516.675452090,63.9,HFET
386673:10208,596:596,10/08/24 02:01:45,STABLE BEAMS,6800,489923.554885839,462127.224811026,63.9,HFET
386673:10208,597:597,10/08/24 02:02:08,STABLE BEAMS,6800,489625.841271116,463582.920024013,63.9,HFET
386673:10208,598:598,10/08/24 02:02:31,STABLE BEAMS,6800,489365.688314688,228758.805048518,63.8,HFET
386673:10208,599:599,10/08/24 02:02:55,STABLE BEAMS,6800,489418.319391642,462900.214906702,63.8,HFET
386673:10208,600:600,10/08/24 02:03:18,STABLE BEAMS,6800,490060.640915315,463737.990319532,63.9,HFET
386673:10208,601:601,10/08/24 02:03:41,STABLE BEAMS,6800,489994.396343392,461652.587045419,63.9,HFET
386673:10208,602:602,10/08/24 02:04:05,STABLE BEAMS,6800,490194.041510623,455536.966862651,63.9,HFET
386673:10208,603:603,10/08/24 02:04:28,STABLE BEAMS,6800,489966.761414820,462971.466633967,63.9,HFET
386673:10208,604:604,10/08/24 02:04:51,STABLE BEAMS,6800,489326.579820664,463360.465259475,63.9,HFET
386673:10208,605:605,10/08/24 02:05:14,STABLE BEAMS,6800,489224.093980542,463325.680914967,63.7,HFET
386673:10208,606:606,10/08/24 02:05:38,STABLE BEAMS,6800,489364.096188478,463558.515969419,63.9,HFET
386673:10208,607:607,10/08/24 02:06:01,STABLE BEAMS,6800,488772.766993991,463039.349953658,63.8,HFET
386673:10208,608:608,10/08/24 02:06:24,STABLE BEAMS,6800,489194.955506721,463135.052357075,63.8,HFET
386673:10208,609:609,10/08/24 02:06:48,STABLE BEAMS,6800,489128.347286644,463504.108611100,63.8,HFET
386673:10208,610:610,10/08/24 02:07:11,STABLE BEAMS,6800,488782.282454002,463419.516124981,63.7,HFET
386673:10208,611:611,10/08/24 02:07:34,STABLE BEAMS,6800,488911.400859197,463272.641899379,63.8,HFET
386673:10208,612:612,10/08/24 02:07:58,STABLE BEAMS,6800,488688.538156026,461081.610492127,63.7,HFET
386673:10208,613:613,10/08/24 02:08:21,STABLE BEAMS,6800,488293.940281388,462298.778158416,63.7,HFET
386673:10208,614:614,10/08/24 02:08:44,STABLE BEAMS,6800,488648.471588983,462708.311249196,63.7,HFET
386673:10208,615:615,10/08/24 02:09:08,STABLE BEAMS,6800,488407.624619770,456243.439650289,63.7,HFET
386673:10208,616:616,10/08/24 02:09:31,STABLE BEAMS,6800,488059.510769649,462361.425877131,63.7,HFET
386673:10208,617:617,10/08/24 02:09:54,STABLE BEAMS,6800,487986.254315385,461851.549206824,63.6,HFET
386673:10208,618:618,10/08/24 02:10:18,STABLE BEAMS,6800,487890.372418969,461710.910614619,63.6,HFET
386673:10208,619:619,10/08/24 02:10:41,STABLE BEAMS,6800,487777.641491451,461625.406677039,63.6,HFET
386673:10208,620:620,10/08/24 02:11:04,STABLE BEAMS,6800,488116.058057484,461037.219775569,63.6,HFET
386673:10208,621:621,10/08/24 02:11:27,STABLE BEAMS,6800,487517.353332504,461904.863289605,63.6,HFET
386673:10208,622:622,10/08/24 02:11:51,STABLE BEAMS,6800,487316.069417505,461313.214737445,63.6,HFET
386673:10208,623:623,10/08/24 02:12:14,STABLE BEAMS,6800,486776.644003666,461923.437318357,63.5,HFET
386673:10208,624:624,10/08/24 02:12:37,STABLE BEAMS,6800,486403.398802644,460172.215041723,63.5,HFET
386673:10208,625:625,10/08/24 02:13:01,STABLE BEAMS,6800,486047.499152318,461011.678154957,63.4,HFET
386673:10208,626:626,10/08/24 02:13:24,STABLE BEAMS,6800,485875.763980852,460871.538413424,63.4,HFET
386673:10208,627:627,10/08/24 02:13:47,STABLE BEAMS,6800,485803.738335723,459948.032948457,63.4,HFET
386673:10208,628:628,10/08/24 02:14:11,STABLE BEAMS,6800,485118.119371029,453375.348996413,63.3,HFET
386673:10208,629:629,10/08/24 02:14:34,STABLE BEAMS,6800,484852.959259260,460578.106988814,63.3,HFET
386673:10208,630:630,10/08/24 02:14:57,STABLE BEAMS,6800,484996.010517097,460902.954350359,63.2,HFET
386673:10208,631:631,10/08/24 02:15:21,STABLE BEAMS,6800,485107.282189846,460410.968702978,63.2,HFET
386673:10208,632:632,10/08/24 02:15:44,STABLE BEAMS,6800,484529.613111886,460241.373461029,63.2,HFET
386673:10208,633:633,10/08/24 02:16:07,STABLE BEAMS,6800,483726.074240257,459950.809262243,63.2,HFET
386673:10208,634:634,10/08/24 02:16:30,STABLE BEAMS,6800,486595.302460151,460467.287545179,63.0,HFET
386673:10208,635:635,10/08/24 02:16:54,STABLE BEAMS,6800,490765.656779261,463534.932454247,64.0,HFET
386673:10208,636:636,10/08/24 02:17:17,STABLE BEAMS,6800,490474.726601244,462600.317071982,64.0,HFET
386673:10208,637:637,10/08/24 02:17:40,STABLE BEAMS,6800,490197.547451793,463290.714746382,63.9,HFET
386673:10208,638:638,10/08/24 02:18:04,STABLE BEAMS,6800,490132.349533849,463313.661877285,63.9,HFET
386673:10208,639:639,10/08/24 02:18:27,STABLE BEAMS,6800,489872.835292767,463229.297836801,63.9,HFET
386673:10208,640:640,10/08/24 02:18:50,STABLE BEAMS,6800,488655.574383362,462372.808530544,63.8,HFET
386673:10208,641:641,10/08/24 02:19:14,STABLE BEAMS,6800,488537.838631580,454564.380552381,63.7,HFET
386673:10208,642:642,10/08/24 02:19:37,STABLE BEAMS,6800,488190.270253689,461820.725363677,63.7,HFET
386673:10208,643:643,10/08/24 02:20:00,STABLE BEAMS,6800,487368.975561652,462093.762187691,63.6,HFET
386673:10208,644:644,10/08/24 02:20:24,STABLE BEAMS,6800,487435.446248133,461412.150345917,63.6,HFET
386673:10208,645:645,10/08/24 02:20:47,STABLE BEAMS,6800,486682.172409383,460321.049703845,63.5,HFET
386673:10208,646:646,10/08/24 02:21:10,STABLE BEAMS,6800,485813.708355925,461565.400069592,63.4,HFET
386673:10208,647:647,10/08/24 02:21:34,STABLE BEAMS,6800,485358.148131898,459876.825511673,63.3,HFET
386673:10208,648:648,10/08/24 02:21:57,STABLE BEAMS,6800,484464.324281904,460173.809499011,63.2,HFET
386673:10208,649:649,10/08/24 02:22:20,STABLE BEAMS,6800,484209.453548010,460083.480230166,63.2,HFET
386673:10208,650:650,10/08/24 02:22:43,STABLE BEAMS,6800,484064.581718329,460685.599984278,63.1,HFET
386673:10208,651:651,10/08/24 02:23:07,STABLE BEAMS,6800,483585.253823976,459831.432431616,63.1,HFET
386673:10208,652:652,10/08/24 02:23:30,STABLE BEAMS,6800,485834.105287600,459878.282435364,63.0,HFET
386673:10208,653:653,10/08/24 02:23:53,STABLE BEAMS,6800,491809.406235836,463432.036344413,64.2,HFET
386673:10208,654:654,10/08/24 02:24:17,STABLE BEAMS,6800,491595.874837521,458076.293944101,64.1,HFET
386673:10208,655:655,10/08/24 02:24:40,STABLE BEAMS,6800,491477.954930585,464153.078368960,64.1,HFET
386673:10208,656:656,10/08/24 02:25:03,STABLE BEAMS,6800,491660.070391965,455447.229687595,64.1,HFET
386673:10208,657:657,10/08/24 02:25:27,STABLE BEAMS,6800,491514.240489265,464577.315899169,64.1,HFET
386673:10208,658:658,10/08/24 02:25:50,STABLE BEAMS,6800,491406.155400012,463371.302440659,64.1,HFET
386673:10208,659:659,10/08/24 02:26:13,STABLE BEAMS,6800,491388.355289125,463793.080683676,64.1,HFET
386673:10208,660:660,10/08/24 02:26:37,STABLE BEAMS,6800,491434.930225680,464256.382417428,64.1,HFET
386673:10208,661:661,10/08/24 02:27:00,STABLE BEAMS,6800,490750.586360601,462282.341728103,64.1,HFET
386673:10208,662:662,10/08/24 02:27:23,STABLE BEAMS,6800,490516.247760900,463301.915575718,64.0,HFET
386673:10208,663:663,10/08/24 02:27:46,STABLE BEAMS,6800,490265.931953234,463272.094096071,64.0,HFET
386673:10208,664:664,10/08/24 02:28:10,STABLE BEAMS,6800,489685.073960699,463149.668215543,63.9,HFET
386673:10208,665:665,10/08/24 02:28:33,STABLE BEAMS,6800,489416.226083683,462413.192124182,63.8,HFET
386673:10208,666:666,10/08/24 02:28:56,STABLE BEAMS,6800,489354.443194871,462246.100459904,63.8,HFET
386673:10208,667:667,10/08/24 02:29:20,STABLE BEAMS,6800,489263.841189911,456507.553108079,63.9,HFET
386673:10208,668:668,10/08/24 02:29:43,STABLE BEAMS,6800,488439.131468743,462610.923476453,63.7,HFET
386673:10208,669:669,10/08/24 02:30:06,STABLE BEAMS,6800,487996.953962972,462082.561358354,63.7,HFET
386673:10208,670:670,10/08/24 02:30:30,STABLE BEAMS,6800,488041.801570799,461896.303571535,63.6,HFET
386673:10208,671:671,10/08/24 02:30:53,STABLE BEAMS,6800,486828.275048199,460809.482788497,63.5,HFET
386673:10208,672:672,10/08/24 02:31:16,STABLE BEAMS,6800,486015.857100827,461407.551129209,63.4,HFET
386673:10208,673:673,10/08/24 02:31:40,STABLE BEAMS,6800,485196.019332481,460963.233693921,63.3,HFET
386673:10208,674:674,10/08/24 02:32:03,STABLE BEAMS,6800,488128.941925069,461106.923667105,63.2,HFET
386673:10208,675:675,10/08/24 02:32:26,STABLE BEAMS,6800,486388.193181466,461550.558096566,63.9,HFET
386673:10208,676:676,10/08/24 02:32:50,STABLE BEAMS,6800,484228.531089590,459998.295650259,63.1,HFET
386673:10208,677:677,10/08/24 02:33:13,STABLE BEAMS,6800,484397.760352308,459165.937662482,63.2,HFET
386673:10208,678:678,10/08/24 02:33:36,STABLE BEAMS,6800,483880.188793835,459544.963936710,63.1,HFET
386673:10208,679:679,10/08/24 02:33:59,STABLE BEAMS,6800,483869.489146248,459622.591162047,63.1,HFET
386673:10208,680:680,10/08/24 02:34:23,STABLE BEAMS,6800,483155.461335118,453061.245572936,63.1,HFET
386673:10208,681:681,10/08/24 02:34:46,STABLE BEAMS,6800,487603.311830276,461807.703962496,63.0,HFET
386673:10208,682:682,10/08/24 02:35:09,STABLE BEAMS,6800,495736.405345907,466146.786362575,64.6,HFET
386673:10208,683:683,10/08/24 02:35:33,STABLE BEAMS,6800,495847.222458465,465649.474202180,64.7,HFET
386673:10208,684:684,10/08/24 02:35:56,STABLE BEAMS,6800,495449.801648483,465402.981362279,64.6,HFET
386673:10208,685:685,10/08/24 02:36:19,STABLE BEAMS,6800,494471.068285775,464677.160628024,64.5,HFET
386673:10208,686:686,10/08/24 02:36:43,STABLE BEAMS,6800,495105.741542840,465345.569244540,64.5,HFET
386673:10208,687:687,10/08/24 02:37:06,STABLE BEAMS,6800,495603.279817792,465417.049417440,64.6,HFET
386673:10208,688:688,10/08/24 02:37:29,STABLE BEAMS,6800,496316.260974942,464139.919434183,64.7,HFET
386673:10208,689:689,10/08/24 02:37:53,STABLE BEAMS,6800,496404.177578154,466122.109571866,64.7,HFET
386673:10208,690:690,10/08/24 02:38:16,STABLE BEAMS,6800,496631.457673957,464765.804527543,64.8,HFET
386673:10208,691:691,10/08/24 02:38:39,STABLE BEAMS,6800,496384.190916191,466202.559732546,64.8,HFET
386673:10208,692:692,10/08/24 02:39:03,STABLE BEAMS,6800,495890.839257158,466278.457298077,64.7,HFET
386673:10208,693:693,10/08/24 02:39:26,STABLE BEAMS,6800,493367.356512233,458322.423135849,64.6,HFET
386673:10208,694:694,10/08/24 02:39:49,STABLE BEAMS,6800,490906.430573985,464442.915271440,64.1,HFET
386673:10208,695:695,10/08/24 02:40:12,STABLE BEAMS,6800,488960.845352654,463351.269157137,63.9,HFET
386673:10208,696:696,10/08/24 02:40:36,STABLE BEAMS,6800,487837.923166092,462693.012384901,63.7,HFET
386673:10208,697:697,10/08/24 02:40:59,STABLE BEAMS,6800,486395.293644766,461988.409121744,63.6,HFET
386673:10208,698:698,10/08/24 02:41:22,STABLE BEAMS,6800,485446.472673744,459970.614100130,63.3,HFET
386673:10208,699:699,10/08/24 02:41:46,STABLE BEAMS,6800,485910.594946918,461800.055695888,63.3,HFET
386673:10208,700:700,10/08/24 02:42:09,STABLE BEAMS,6800,485740.360989623,461501.248805628,63.4,HFET
386673:10208,701:701,10/08/24 02:42:32,STABLE BEAMS,6800,485769.865442675,460696.117807789,63.4,HFET
386673:10208,702:702,10/08/24 02:42:56,STABLE BEAMS,6800,485601.088409071,462144.435159204,63.3,HFET
386673:10208,703:703,10/08/24 02:43:19,STABLE BEAMS,6800,485575.728612535,461506.258292047,63.3,HFET
386673:10208,704:704,10/08/24 02:43:42,STABLE BEAMS,6800,485239.270151943,461387.016663938,63.3,HFET
386673:10208,705:705,10/08/24 02:44:06,STABLE BEAMS,6800,484516.636001186,459911.973504335,63.2,HFET
386673:10208,706:706,10/08/24 02:44:29,STABLE BEAMS,6800,485797.271925612,453948.556391261,63.2,HFET
386673:10208,707:707,10/08/24 02:44:52,STABLE BEAMS,6800,484520.279475952,460348.686963494,63.3,HFET
386673:10208,708:708,10/08/24 02:45:15,STABLE BEAMS,6800,484038.357091890,460704.402458665,63.2,HFET
386673:10208,709:709,10/08/24 02:45:39,STABLE BEAMS,6800,483391.436351509,460018.100488146,63.1,HFET
386673:10208,710:710,10/08/24 02:46:02,STABLE BEAMS,6800,484628.502098801,460334.071105026,63.0,HFET
386673:10208,711:711,10/08/24 02:46:25,STABLE BEAMS,6800,490077.350081743,463864.971126287,63.9,HFET
386673:10208,712:712,10/08/24 02:46:49,STABLE BEAMS,6800,489722.089146763,463447.927302496,63.9,HFET
386673:10208,713:713,10/08/24 02:47:12,STABLE BEAMS,6800,488778.776512832,463309.472930288,63.8,HFET
386673:10208,714:714,10/08/24 02:47:35,STABLE BEAMS,6800,487792.348261958,461574.596171930,63.7,HFET
386673:10208,715:715,10/08/24 02:47:59,STABLE BEAMS,6800,486872.164583007,462629.318012206,63.6,HFET
386673:10208,716:716,10/08/24 02:48:22,STABLE BEAMS,6800,486019.498244516,461617.075404605,63.4,HFET
386673:10208,717:717,10/08/24 02:48:45,STABLE BEAMS,6800,485563.982310969,461743.007226302,63.4,HFET
386673:10208,718:718,10/08/24 02:49:09,STABLE BEAMS,6800,485061.343637559,460915.201833675,63.3,HFET
386673:10208,719:719,10/08/24 02:49:32,STABLE BEAMS,6800,484421.663225153,454379.805803810,63.2,HFET
386673:10208,720:720,10/08/24 02:49:55,STABLE BEAMS,6800,484292.087928688,224840.249335729,63.1,HFET
386673:10208,721:721,10/08/24 02:50:19,STABLE BEAMS,6800,483469.790873152,459621.726332144,63.1,HFET
386673:10208,722:722,10/08/24 02:50:42,STABLE BEAMS,6800,488247.726661908,460962.960957806,63.0,HFET
386673:10208,723:723,10/08/24 02:51:05,STABLE BEAMS,6800,491676.642024797,463960.626908146,64.2,HFET
386673:10208,724:724,10/08/24 02:51:28,STABLE BEAMS,6800,490620.509882387,464044.536388439,64.0,HFET
386673:10208,725:725,10/08/24 02:51:52,STABLE BEAMS,6800,490109.038754793,463283.022189293,64.0,HFET
386673:10208,726:726,10/08/24 02:52:15,STABLE BEAMS,6800,489434.846733993,463563.525455838,63.9,HFET
386673:10208,727:727,10/08/24 02:52:38,STABLE BEAMS,6800,488378.758882064,463248.510580899,63.7,HFET
386673:10208,728:728,10/08/24 02:53:02,STABLE BEAMS,6800,487834.599048998,362346.982894610,63.6,HFET
386673:10208,729:729,10/08/24 02:53:25,STABLE BEAMS,6800,487407.310137811,462552.147678139,63.6,HFET
386673:10208,730:730,10/08/24 02:53:48,STABLE BEAMS,6800,487360.324931544,462720.421198916,63.6,HFET
386673:10208,731:731,10/08/24 02:54:12,STABLE BEAMS,6800,487427.616157447,462101.911636049,63.6,HFET
386673:10208,732:732,10/08/24 02:54:35,STABLE BEAMS,6800,487399.204979933,455315.197435018,63.6,HFET
386673:10208,733:733,10/08/24 02:54:58,STABLE BEAMS,6800,487165.780162771,462370.897046662,63.5,HFET
386673:10208,734:734,10/08/24 02:55:22,STABLE BEAMS,6800,486986.622839253,461695.611750324,63.5,HFET
386673:10208,735:735,10/08/24 02:55:45,STABLE BEAMS,6800,486814.524019633,461099.548136611,63.5,HFET
386673:10208,736:736,10/08/24 02:56:08,STABLE BEAMS,6800,486441.551554726,460840.353253202,63.5,HFET
386673:10208,737:737,10/08/24 02:56:32,STABLE BEAMS,6800,486432.082716273,461709.178623735,63.4,HFET
386673:10208,738:738,10/08/24 02:56:55,STABLE BEAMS,6800,485949.111347154,460496.836288711,63.4,HFET
386673:10208,739:739,10/08/24 02:57:18,STABLE BEAMS,6800,485771.184832770,461433.638222052,63.4,HFET
386673:10208,740:740,10/08/24 02:57:41,STABLE BEAMS,6800,484351.047882156,460016.734476493,63.3,HFET
386673:10208,741:741,10/08/24 02:58:05,STABLE BEAMS,6800,483455.177345762,460163.792857250,63.1,HFET
386673:10208,742:742,10/08/24 02:58:28,STABLE BEAMS,6800,477640.594894809,455736.066557652,62.5,HFET
386673:10208,743:743,10/08/24 02:58:51,STABLE BEAMS,6800,488728.511479952,462967.960692796,63.8,HFET
386673:10208,744:744,10/08/24 02:59:15,STABLE BEAMS,6800,488104.402667956,462149.579848142,63.8,HFET
386673:10208,745:745,10/08/24 02:59:38,STABLE BEAMS,6800,487906.533782089,455319.067024341,63.6,HFET
386673:10208,746:746,10/08/24 03:00:01,STABLE BEAMS,6800,487712.991376815,462431.721862454,63.6,HFET
386673:10208,747:747,10/08/24 03:00:25,STABLE BEAMS,6800,489175.059756796,461312.349907542,63.7,HFET
386673:10208,748:748,10/08/24 03:00:48,STABLE BEAMS,6800,489634.993082974,462589.344688280,63.9,HFET
386673:10208,749:749,10/08/24 03:01:11,STABLE BEAMS,6800,488737.709913368,462896.163493302,63.8,HFET
386673:10208,750:750,10/08/24 03:01:35,STABLE BEAMS,6800,488145.058997709,461175.991174372,63.7,HFET
386673:10208,751:751,10/08/24 03:01:58,STABLE BEAMS,6800,488005.285235407,462579.509870596,63.7,HFET
386673:10208,752:752,10/08/24 03:02:21,STABLE BEAMS,6800,488259.883233186,462486.994050676,63.7,HFET
386673:10208,753:753,10/08/24 03:02:44,STABLE BEAMS,6800,488404.300502676,462020.368199831,63.7,HFET
386673:10208,754:754,10/08/24 03:03:08,STABLE BEAMS,6800,485140.383496106,459682.098918823,63.5,HFET
386673:10208,755:755,10/08/24 03:03:31,STABLE BEAMS,6800,491419.085889155,464148.024592061,64.1,HFET
386673:10208,756:756,10/08/24 03:03:54,STABLE BEAMS,6800,491490.747886131,463494.138590898,64.0,HFET
386673:10208,757:757,10/08/24 03:04:18,STABLE BEAMS,6800,491502.769254891,464046.951385149,64.2,HFET
386673:10208,758:758,10/08/24 03:04:41,STABLE BEAMS,6800,491786.822753086,457244.756495746,64.1,HFET
386673:10208,759:759,10/08/24 03:05:04,STABLE BEAMS,6800,492208.283969509,463946.696386582,64.2,HFET
386673:10208,760:760,10/08/24 03:05:28,STABLE BEAMS,6800,492247.756111686,463786.889340759,64.2,HFET
386673:10208,761:761,10/08/24 03:05:51,STABLE BEAMS,6800,492697.353438430,462814.209787372,64.2,HFET
386673:10208,762:762,10/08/24 03:06:14,STABLE BEAMS,6800,492467.889122629,463544.219468623,64.2,HFET
386673:10208,763:763,10/08/24 03:06:38,STABLE BEAMS,6800,491794.972201444,464599.580024246,64.2,HFET
386673:10208,764:764,10/08/24 03:07:01,STABLE BEAMS,6800,491687.614408499,464264.030684037,64.1,HFET
386673:10208,765:765,10/08/24 03:07:24,STABLE BEAMS,6800,489004.872421059,461821.408369504,63.9,HFET
386673:10208,766:766,10/08/24 03:07:48,STABLE BEAMS,6800,488779.140160985,462709.220369579,63.8,HFET
386673:10208,767:767,10/08/24 03:08:11,STABLE BEAMS,6800,489480.465928607,463385.734143973,63.9,HFET
386673:10208,768:768,10/08/24 03:08:34,STABLE BEAMS,6800,486715.544120681,460821.275711622,63.8,HFET
386673:10208,769:769,10/08/24 03:08:57,STABLE BEAMS,6800,492315.457607300,465031.374909025,64.0,HFET
386673:10208,770:770,10/08/24 03:09:21,STABLE BEAMS,6800,491976.085299325,464681.302953463,64.2,HFET
386673:10208,771:771,10/08/24 03:09:44,STABLE BEAMS,6800,491895.863584279,456743.574746028,64.2,HFET
386673:10208,772:772,10/08/24 03:10:07,STABLE BEAMS,6800,491365.499070260,464391.832030215,64.1,HFET
386673:10208,773:773,10/08/24 03:10:31,STABLE BEAMS,6800,491226.681049899,463526.964829965,64.1,HFET
386673:10208,774:774,10/08/24 03:10:54,STABLE BEAMS,6800,490910.983169135,464369.113344946,64.0,HFET
386673:10208,775:775,10/08/24 03:11:17,STABLE BEAMS,6800,490895.777547956,463233.621986316,64.0,HFET
386673:10208,776:776,10/08/24 03:11:41,STABLE BEAMS,6800,490941.079715975,463679.396345295,64.0,HFET
386673:10208,777:777,10/08/24 03:12:04,STABLE BEAMS,6800,490427.876597496,464491.038043724,64.0,HFET
386673:10208,778:778,10/08/24 03:12:27,STABLE BEAMS,6800,490337.321214095,463444.740718999,64.0,HFET
386673:10208,779:779,10/08/24 03:12:51,STABLE BEAMS,6800,489612.409600224,463552.233714463,64.1,HFET
386673:10208,780:780,10/08/24 03:13:14,STABLE BEAMS,6800,488006.469422983,462151.766399217,63.6,HFET
386673:10208,781:781,10/08/24 03:13:37,STABLE BEAMS,6800,485078.964255448,459875.140142347,63.6,HFET
386673:10208,782:782,10/08/24 03:14:01,STABLE BEAMS,6800,486107.780826959,459932.915908239,63.1,HFET
386673:10208,783:783,10/08/24 03:14:24,STABLE BEAMS,6800,489648.788402020,462898.303422819,63.8,HFET
386673:10208,784:784,10/08/24 03:14:47,STABLE BEAMS,6800,487087.423310050,455389.817569856,63.7,HFET
386673:10208,785:785,10/08/24 03:15:10,STABLE BEAMS,6800,486851.811941812,461345.357970686,63.5,HFET
386673:10208,786:786,10/08/24 03:15:34,STABLE BEAMS,6800,486006.842822566,460784.896909826,63.4,HFET
386673:10208,787:787,10/08/24 03:15:57,STABLE BEAMS,6800,486757.431259568,461289.220952562,63.5,HFET
386673:10208,788:788,10/08/24 03:16:20,STABLE BEAMS,6800,486383.822410392,461638.428078220,63.4,HFET
386673:10208,789:789,10/08/24 03:16:44,STABLE BEAMS,6800,486456.894709501,460969.289834320,63.5,HFET
386673:10208,790:790,10/08/24 03:17:07,STABLE BEAMS,6800,486042.445375419,460673.305879404,63.4,HFET
386673:10208,791:791,10/08/24 03:17:30,STABLE BEAMS,6800,484840.756066423,460187.604818057,63.3,HFET
386673:10208,792:792,10/08/24 03:17:54,STABLE BEAMS,6800,484241.778605328,459810.944587903,63.1,HFET
386673:10208,793:793,10/08/24 03:18:17,STABLE BEAMS,6800,483948.619916833,459944.708831364,63.1,HFET
386673:10208,794:794,10/08/24 03:18:40,STABLE BEAMS,6800,483654.412243281,460195.572442338,63.1,HFET
386673:10208,795:795,10/08/24 03:19:04,STABLE BEAMS,6800,483671.165700189,460448.804428465,63.1,HFET
386673:10208,796:796,10/08/24 03:19:27,STABLE BEAMS,6800,483158.328560942,388858.124449845,63.0,HFET
386673:10208,797:797,10/08/24 03:19:50,STABLE BEAMS,6800,490280.909128778,457507.594853922,63.0,HFET
386673:10208,798:798,10/08/24 03:20:13,STABLE BEAMS,6800,491548.616895140,463728.565771559,64.1,HFET
386673:10208,799:799,10/08/24 03:20:37,STABLE BEAMS,6800,490785.324083552,463626.445910668,64.1,HFET
386673:10208,800:800,10/08/24 03:21:00,STABLE BEAMS,6800,489827.943394460,462509.167263714,64.0,HFET
386673:10208,801:801,10/08/24 03:21:23,STABLE BEAMS,6800,489005.919075039,462683.543546448,63.8,HFET
386673:10208,802:802,10/08/24 03:21:47,STABLE BEAMS,6800,488443.684063892,463197.427339675,63.7,HFET
386673:10208,803:803,10/08/24 03:22:10,STABLE BEAMS,6800,487767.762383287,462831.420135550,63.7,HFET
386673:10208,804:804,10/08/24 03:22:33,STABLE BEAMS,6800,487406.718044023,461601.049244003,63.6,HFET
386673:10208,805:805,10/08/24 03:22:57,STABLE BEAMS,6800,487187.906754252,462364.248812475,63.6,HFET
386673:10208,806:806,10/08/24 03:23:20,STABLE BEAMS,6800,485979.753366224,461611.338621879,63.4,HFET
386673:10208,807:807,10/08/24 03:23:43,STABLE BEAMS,6800,486232.938730792,461064.353522391,63.4,HFET
386673:10208,808:808,10/08/24 03:24:07,STABLE BEAMS,6800,486232.665994677,461910.917098926,63.4,HFET
386673:10208,809:809,10/08/24 03:24:30,STABLE BEAMS,6800,486417.285033728,462014.724660221,63.4,HFET
386673:10208,810:810,10/08/24 03:24:53,STABLE BEAMS,6800,486565.618514100,455704.788154314,63.5,HFET
386673:10208,811:811,10/08/24 03:25:17,STABLE BEAMS,6800,485861.376568018,461439.603450412,63.4,HFET
386673:10208,812:812,10/08/24 03:25:40,STABLE BEAMS,6800,485626.222091050,461774.786811390,63.3,HFET
386673:10208,813:813,10/08/24 03:26:03,STABLE BEAMS,6800,485745.734124196,461486.952304832,63.3,HFET
386673:10208,814:814,10/08/24 03:26:26,STABLE BEAMS,6800,485303.603239984,459852.831726790,63.4,HFET
386673:10208,815:815,10/08/24 03:26:50,STABLE BEAMS,6800,485283.525665982,460763.726060287,63.3,HFET
386673:10208,816:816,10/08/24 03:27:13,STABLE BEAMS,6800,484812.027862314,461061.031736376,63.3,HFET
386673:10208,817:817,10/08/24 03:27:36,STABLE BEAMS,6800,484188.828170701,461363.113791093,63.2,HFET
386673:10208,818:818,10/08/24 03:28:00,STABLE BEAMS,6800,480567.053408365,459205.684871852,62.9,HFET
386673:10208,819:819,10/08/24 03:28:23,STABLE BEAMS,6800,484899.352371738,440356.187981216,62.5,HFET
386673:10208,820:820,10/08/24 03:28:46,STABLE BEAMS,6800,484351.959333618,403028.709741159,63.3,HFET
386673:10208,821:821,10/08/24 03:29:10,STABLE BEAMS,6800,481821.874976064,426433.233095822,63.0,HFET
386673:10208,823:823,10/08/24 03:29:56,STABLE BEAMS,6800,481192.346407937,401409.929986814,62.7,HFET
386673:10208,824:824,10/08/24 03:30:20,STABLE BEAMS,6800,480725.538733015,451996.096821187,62.8,HFET
386673:10208,825:825,10/08/24 03:30:43,STABLE BEAMS,6800,484781.889356072,460309.394314316,62.7,HFET
386673:10208,826:826,10/08/24 03:31:06,STABLE BEAMS,6800,487739.125091216,463106.960537234,63.8,HFET
386673:10208,827:827,10/08/24 03:31:30,STABLE BEAMS,6800,486129.268703093,461030.070359633,63.5,HFET
386673:10208,828:828,10/08/24 03:31:53,STABLE BEAMS,6800,485476.021417276,461857.558725665,63.3,HFET
386673:10208,829:829,10/08/24 03:32:16,STABLE BEAMS,6800,486553.599476418,462073.136810381,63.4,HFET
386673:10208,830:830,10/08/24 03:32:39,STABLE BEAMS,6800,485092.759574494,462103.960653528,63.4,HFET
386673:10208,831:831,10/08/24 03:33:03,STABLE BEAMS,6800,483708.591155965,461268.005812542,63.1,HFET
386673:10208,832:832,10/08/24 03:33:26,STABLE BEAMS,6800,482901.364519089,459965.697856827,63.0,HFET
386673:10208,833:833,10/08/24 03:33:49,STABLE BEAMS,6800,500474.913282966,467361.998254502,62.9,HFET
386673:10208,834:834,10/08/24 03:34:13,STABLE BEAMS,6800,497340.888599457,467796.161514432,65.5,HFET
386673:10208,835:835,10/08/24 03:34:36,STABLE BEAMS,6800,493383.473584873,465765.438334753,64.3,HFET
386673:10208,836:836,10/08/24 03:34:59,STABLE BEAMS,6800,494189.882013404,464877.122821851,64.4,HFET
386673:10208,837:837,10/08/24 03:35:23,STABLE BEAMS,6800,495419.663142240,460299.333382075,64.5,HFET
386673:10208,838:838,10/08/24 03:35:46,STABLE BEAMS,6800,495236.589607841,465325.128022385,64.6,HFET
386673:10208,839:839,10/08/24 03:36:09,STABLE BEAMS,6800,495399.629858719,466846.382470391,64.6,HFET
386673:10208,840:840,10/08/24 03:36:33,STABLE BEAMS,6800,496409.231355054,466539.654577407,64.7,HFET
386673:10208,841:841,10/08/24 03:36:56,STABLE BEAMS,6800,496305.379503278,466921.552739615,64.8,HFET
386673:10208,842:842,10/08/24 03:37:19,STABLE BEAMS,6800,496295.456104634,467358.310489255,64.7,HFET
386673:10208,843:843,10/08/24 03:37:42,STABLE BEAMS,6800,495954.079069660,467120.785306057,64.7,HFET
386673:10208,844:844,10/08/24 03:38:06,STABLE BEAMS,6800,496308.794532410,426737.683525691,64.6,HFET
386673:10208,845:845,10/08/24 03:38:29,STABLE BEAMS,6800,495618.669594125,466446.185346624,64.7,HFET
386673:10208,846:846,10/08/24 03:38:52,STABLE BEAMS,6800,495533.485014218,467360.221973138,64.7,HFET
386673:10208,847:847,10/08/24 03:39:16,STABLE BEAMS,6800,494365.897043905,464214.541900099,64.6,HFET
386673:10208,848:848,10/08/24 03:39:39,STABLE BEAMS,6800,494566.814979673,465743.174209676,64.5,HFET
386673:10208,849:849,10/08/24 03:40:02,STABLE BEAMS,6800,494817.953657840,465861.821412919,64.5,HFET
386673:10208,850:850,10/08/24 03:40:26,STABLE BEAMS,6800,494436.512386901,458256.999103348,64.5,HFET
386673:10208,851:851,10/08/24 03:40:49,STABLE BEAMS,6800,495045.233753642,466810.278735788,64.5,HFET
386673:10208,852:852,10/08/24 03:41:12,STABLE BEAMS,6800,494327.469224630,466589.691164652,64.5,HFET
386673:10208,853:853,10/08/24 03:41:36,STABLE BEAMS,6800,493752.121900265,465845.795252318,64.4,HFET
386673:10208,854:854,10/08/24 03:41:59,STABLE BEAMS,6800,493337.080472394,465843.655322800,64.4,HFET
386673:10208,855:855,10/08/24 03:42:22,STABLE BEAMS,6800,492620.684286112,465364.418340485,64.3,HFET
386673:10208,856:856,10/08/24 03:42:45,STABLE BEAMS,6800,492682.968356674,463527.328478119,64.2,HFET
386673:10208,857:857,10/08/24 03:43:09,STABLE BEAMS,6800,493327.655924421,465524.498122423,64.3,HFET
386673:10208,858:858,10/08/24 03:43:32,STABLE BEAMS,6800,492156.107452746,465065.156890034,64.2,HFET
386673:10208,859:859,10/08/24 03:43:55,STABLE BEAMS,6800,491985.465556818,464548.951343213,64.2,HFET
386673:10208,860:860,10/08/24 03:44:19,STABLE BEAMS,6800,491890.900719418,464769.676447945,64.2,HFET
386673:10208,861:861,10/08/24 03:44:42,STABLE BEAMS,6800,491302.121724160,463460.902082119,64.1,HFET
386673:10208,862:862,10/08/24 03:45:05,STABLE BEAMS,6800,490805.492569591,464560.469199145,64.1,HFET
386673:10208,863:863,10/08/24 03:45:29,STABLE BEAMS,6800,489890.136552983,456633.256484142,63.9,HFET
386673:10208,864:864,10/08/24 03:45:52,STABLE BEAMS,6800,488860.546063607,463668.605785670,63.9,HFET
386673:10208,865:865,10/08/24 03:46:15,STABLE BEAMS,6800,487575.585989666,462389.426784934,63.7,HFET
386673:10208,866:866,10/08/24 03:46:39,STABLE BEAMS,6800,486765.627329484,462197.886775581,63.5,HFET
386673:10208,867:867,10/08/24 03:47:02,STABLE BEAMS,6800,487031.060177369,461091.216864176,63.5,HFET
386673:10208,868:868,10/08/24 03:47:25,STABLE BEAMS,6800,486315.892469143,461750.702114469,63.4,HFET
386673:10208,869:869,10/08/24 03:47:49,STABLE BEAMS,6800,485479.298912812,460992.647234935,63.4,HFET
386673:10208,870:870,10/08/24 03:48:12,STABLE BEAMS,6800,485011.673029545,461080.106946878,63.3,HFET
386673:10208,871:871,10/08/24 03:48:35,STABLE BEAMS,6800,484892.659847071,461082.065052319,63.2,HFET
386673:10208,872:872,10/08/24 03:48:58,STABLE BEAMS,6800,484698.115078298,460874.862530518,63.2,HFET
386673:10208,873:873,10/08/24 03:49:22,STABLE BEAMS,6800,485008.120466817,461342.807771457,63.2,HFET
386673:10208,874:874,10/08/24 03:49:45,STABLE BEAMS,6800,485461.680626001,460191.201671265,63.4,HFET
386673:10208,875:875,10/08/24 03:50:08,STABLE BEAMS,6800,484972.837271637,460870.491759444,63.3,HFET
386673:10208,876:876,10/08/24 03:50:32,STABLE BEAMS,6800,485932.493092764,454577.903135312,64.6,HFET
386673:10208,877:877,10/08/24 03:50:55,STABLE BEAMS,6800,485976.839518842,461045.231690331,63.4,HFET
386673:10208,878:878,10/08/24 03:51:18,STABLE BEAMS,6800,485173.526761769,460396.947269375,63.3,HFET
386673:10208,879:879,10/08/24 03:51:42,STABLE BEAMS,6800,484985.765429701,459980.768275487,63.3,HFET
386673:10208,880:880,10/08/24 03:52:05,STABLE BEAMS,6800,485086.750055653,355019.113619933,63.3,HFET
386673:10208,881:881,10/08/24 03:52:28,STABLE BEAMS,6800,484564.169010760,460386.291912268,63.2,HFET
386673:10208,882:882,10/08/24 03:52:52,STABLE BEAMS,6800,484841.212957693,459887.569449740,63.2,HFET
386673:10208,883:883,10/08/24 03:53:15,STABLE BEAMS,6800,485222.971255226,461033.441098284,63.2,HFET
386673:10208,884:884,10/08/24 03:53:38,STABLE BEAMS,6800,486054.464413101,461647.078708328,63.3,HFET
386673:10208,885:885,10/08/24 03:54:02,STABLE BEAMS,6800,486642.105842341,462346.903261779,63.4,HFET
386673:10208,886:886,10/08/24 03:54:25,STABLE BEAMS,6800,487774.363995916,462615.704517237,63.5,HFET
386673:10208,887:887,10/08/24 03:54:48,STABLE BEAMS,6800,488223.641964987,461762.084767882,63.7,HFET
386673:10208,888:888,10/08/24 03:55:11,STABLE BEAMS,6800,487512.754115796,462624.173323268,63.6,HFET
386673:10208,889:889,10/08/24 03:55:35,STABLE BEAMS,6800,486970.505766613,455818.791850369,63.6,HFET
386673:10208,890:890,10/08/24 03:55:58,STABLE BEAMS,6800,486944.919855521,461927.901332546,63.5,HFET
386673:10208,891:891,10/08/24 03:56:21,STABLE BEAMS,6800,487601.400346393,462688.459789751,63.6,HFET
386673:10208,892:892,10/08/24 03:56:45,STABLE BEAMS,6800,487191.002425710,462668.473127788,63.5,HFET
386673:10208,893:893,10/08/24 03:57:08,STABLE BEAMS,6800,488430.343305038,463748.689967119,63.7,HFET
386673:10208,894:894,10/08/24 03:57:31,STABLE BEAMS,6800,488287.338668759,462370.806134623,63.7,HFET
386673:10208,895:895,10/08/24 03:57:55,STABLE BEAMS,6800,487935.672255910,462272.781977612,63.6,HFET
386673:10208,896:896,10/08/24 03:58:18,STABLE BEAMS,6800,487849.441022024,462697.157041417,63.6,HFET
386673:10208,897:897,10/08/24 03:58:41,STABLE BEAMS,6800,487746.454000151,462822.725214962,63.6,HFET
386673:10208,898:898,10/08/24 03:59:05,STABLE BEAMS,6800,487582.823986563,462347.085085855,63.6,HFET
386673:10208,899:899,10/08/24 03:59:28,STABLE BEAMS,6800,487816.843228591,462755.569191577,63.6,HFET
386673:10208,900:900,10/08/24 03:59:51,STABLE BEAMS,6800,487465.542794973,462071.770798728,63.6,HFET
386673:10208,901:901,10/08/24 04:00:15,STABLE BEAMS,6800,487414.503844228,462673.207547014,63.5,HFET
386673:10208,902:902,10/08/24 04:00:38,STABLE BEAMS,6800,488094.386026195,456299.576668413,63.7,HFET
386673:10208,903:903,10/08/24 04:01:01,STABLE BEAMS,6800,487983.023441408,463182.084184900,63.7,HFET
386673:10208,904:904,10/08/24 04:01:24,STABLE BEAMS,6800,487743.449240731,461686.142911872,63.6,HFET
386673:10208,905:905,10/08/24 04:01:48,STABLE BEAMS,6800,487652.938147809,462843.122146636,63.6,HFET
386673:10208,906:906,10/08/24 04:02:11,STABLE BEAMS,6800,487025.777954835,461551.238771315,63.5,HFET
386673:10208,907:907,10/08/24 04:02:34,STABLE BEAMS,6800,486256.477955484,461872.538232287,63.5,HFET
386673:10208,908:908,10/08/24 04:02:58,STABLE BEAMS,6800,485747.692229637,460975.345974719,63.4,HFET
386673:10208,909:909,10/08/24 04:03:21,STABLE BEAMS,6800,485306.153439212,461355.330321966,63.3,HFET
386673:10208,910:910,10/08/24 04:03:44,STABLE BEAMS,6800,485579.281175264,461191.380950705,63.3,HFET
386673:10208,911:911,10/08/24 04:04:08,STABLE BEAMS,6800,486034.205015022,460151.818110049,63.4,HFET
386673:10208,912:912,10/08/24 04:04:31,STABLE BEAMS,6800,485362.152923740,460706.087827991,63.3,HFET
386673:10208,913:913,10/08/24 04:04:54,STABLE BEAMS,6800,485245.736562053,461404.819105904,63.3,HFET
386673:10208,914:914,10/08/24 04:05:18,STABLE BEAMS,6800,484975.795409499,461566.127365898,63.3,HFET
386673:10208,915:915,10/08/24 04:05:41,STABLE BEAMS,6800,484546.275656756,454755.510292022,63.2,HFET
386673:10208,916:916,10/08/24 04:06:04,STABLE BEAMS,6800,484398.489979693,461083.020794260,63.2,HFET
386673:10208,917:917,10/08/24 04:06:27,STABLE BEAMS,6800,483922.712316990,460255.077868036,63.1,HFET
386673:10208,918:918,10/08/24 04:06:51,STABLE BEAMS,6800,483744.785802606,460523.060915150,63.0,HFET
386673:10208,919:919,10/08/24 04:07:14,STABLE BEAMS,6800,492474.854383412,465333.139937147,64.2,HFET
386673:10208,920:920,10/08/24 04:07:37,STABLE BEAMS,6800,492033.224680949,464995.499620056,64.2,HFET
386673:10208,921:921,10/08/24 04:08:01,STABLE BEAMS,6800,492113.082747841,141177.738122398,64.2,HFET
386673:10208,922:922,10/08/24 04:08:24,STABLE BEAMS,6800,491613.220388217,464812.290883138,64.2,HFET
386673:10208,923:923,10/08/24 04:08:47,STABLE BEAMS,6800,490913.214010690,464161.682377510,64.0,HFET
386673:10208,924:924,10/08/24 04:09:11,STABLE BEAMS,6800,490349.475454295,464181.853194628,64.0,HFET
386673:10208,925:925,10/08/24 04:09:34,STABLE BEAMS,6800,489453.332181785,463317.349642532,63.9,HFET
386673:10208,926:926,10/08/24 04:09:57,STABLE BEAMS,6800,488767.440480977,462662.372696909,63.8,HFET
386673:10208,927:927,10/08/24 04:10:21,STABLE BEAMS,6800,488579.131345601,463278.285438989,63.7,HFET
386673:10208,929:929,10/08/24 04:11:07,STABLE BEAMS,6800,486753.424136648,462110.151996445,63.5,HFET
386673:10208,930:930,10/08/24 04:11:31,STABLE BEAMS,6800,486685.405614438,461755.574067292,63.5,HFET
386673:10208,931:931,10/08/24 04:11:54,STABLE BEAMS,6800,486331.326535957,462019.004519256,63.4,HFET
386673:10208,932:932,10/08/24 04:12:17,STABLE BEAMS,6800,485879.589279695,461696.658404304,63.4,HFET
386673:10208,933:933,10/08/24 04:12:40,STABLE BEAMS,6800,486286.844907361,460985.225082883,63.4,HFET
386673:10208,934:934,10/08/24 04:13:04,STABLE BEAMS,6800,486177.121070341,463010.302391875,63.4,HFET
386673:10208,935:935,10/08/24 04:13:27,STABLE BEAMS,6800,486351.495021997,460723.890269957,63.4,HFET
386673:10208,936:936,10/08/24 04:13:50,STABLE BEAMS,6800,486088.931731014,460405.096717733,63.4,HFET
386673:10208,937:937,10/08/24 04:14:14,STABLE BEAMS,6800,485946.789593560,461681.224337491,63.4,HFET
386673:10208,938:938,10/08/24 04:14:37,STABLE BEAMS,6800,485724.017802427,306201.719747745,63.3,HFET
386673:10208,939:939,10/08/24 04:15:00,STABLE BEAMS,6800,485362.017721222,408917.504388316,63.4,HFET
386673:10208,940:940,10/08/24 04:15:24,STABLE BEAMS,6800,484714.460596572,460927.994789221,63.2,HFET
386673:10208,941:941,10/08/24 04:15:47,STABLE BEAMS,6800,484304.382033563,455141.550779669,63.2,HFET
386673:10208,942:942,10/08/24 04:16:10,STABLE BEAMS,6800,484023.286673230,461363.069500613,63.2,HFET
386673:10208,943:943,10/08/24 04:16:34,STABLE BEAMS,6800,482942.522030591,460054.570201980,63.1,HFET
386673:10208,944:944,10/08/24 04:16:57,STABLE BEAMS,6800,488682.938906896,463776.599962883,62.9,HFET
386673:10208,945:945,10/08/24 04:17:20,STABLE BEAMS,6800,489714.666994712,464066.255041286,63.9,HFET
386673:10208,946:946,10/08/24 04:17:44,STABLE BEAMS,6800,489695.908810805,464186.769437931,63.9,HFET
386673:10208,947:947,10/08/24 04:18:07,STABLE BEAMS,6800,489605.717075557,462331.285039811,63.8,HFET
386673:10208,948:948,10/08/24 04:18:30,STABLE BEAMS,6800,489608.493389342,464021.454055017,63.9,HFET
386673:10208,949:949,10/08/24 04:18:53,STABLE BEAMS,6800,489424.422153599,463783.154953954,63.8,HFET
386673:10208,950:950,10/08/24 04:19:17,STABLE BEAMS,6800,489420.095673006,464224.786987495,63.9,HFET
386673:10208,951:951,10/08/24 04:19:40,STABLE BEAMS,6800,489314.514161425,464242.768922459,63.8,HFET
386673:10208,952:952,10/08/24 04:20:03,STABLE BEAMS,6800,489407.484541536,464267.811692400,63.8,HFET
386673:10208,953:953,10/08/24 04:20:27,STABLE BEAMS,6800,489702.829781107,464477.517791871,63.9,HFET
386673:10208,954:954,10/08/24 04:20:50,STABLE BEAMS,6800,489868.326988098,456493.666876995,63.9,HFET
386673:10208,955:955,10/08/24 04:21:13,STABLE BEAMS,6800,490470.901302401,464438.770614923,63.9,HFET
386673:10208,956:956,10/08/24 04:21:37,STABLE BEAMS,6800,489879.208459761,464178.755192091,63.9,HFET
386673:10208,957:957,10/08/24 04:22:00,STABLE BEAMS,6800,489487.888080659,464165.053116162,63.8,HFET
386673:10208,958:958,10/08/24 04:22:23,STABLE BEAMS,6800,490286.053817715,462385.375371534,63.9,HFET
386673:10208,959:959,10/08/24 04:22:47,STABLE BEAMS,6800,491418.766531482,464386.960077392,64.1,HFET
386673:10208,960:960,10/08/24 04:23:10,STABLE BEAMS,6800,492587.084129180,465663.544588419,64.2,HFET
386673:10208,961:961,10/08/24 04:23:33,STABLE BEAMS,6800,492589.860442966,465765.438334753,64.3,HFET
386673:10208,962:962,10/08/24 04:23:56,STABLE BEAMS,6800,491396.686561560,465077.632818985,64.2,HFET
386673:10208,963:963,10/08/24 04:24:20,STABLE BEAMS,6800,490399.922311252,464364.695952315,64.0,HFET
386673:10208,964:964,10/08/24 04:24:43,STABLE BEAMS,6800,490113.181080231,463809.153465836,63.9,HFET
386673:10208,965:965,10/08/24 04:25:06,STABLE BEAMS,6800,489273.857831672,463616.065620754,63.9,HFET
386673:10208,966:966,10/08/24 04:25:30,STABLE BEAMS,6800,488515.208527272,463438.456132965,63.7,HFET
386673:10208,967:967,10/08/24 04:25:53,STABLE BEAMS,6800,488178.614864161,453414.366578398,63.7,HFET
386673:10208,968:968,10/08/24 04:26:16,STABLE BEAMS,6800,487941.681774751,462988.767894182,63.6,HFET
386673:10208,969:969,10/08/24 04:26:40,STABLE BEAMS,6800,488516.439336406,463406.450433320,63.6,HFET
386673:10208,970:970,10/08/24 04:27:03,STABLE BEAMS,6800,489112.139301966,463763.531940144,63.8,HFET
386673:10208,971:971,10/08/24 04:27:26,STABLE BEAMS,6800,488473.824901213,463090.708262075,63.8,HFET
386673:10208,972:972,10/08/24 04:27:50,STABLE BEAMS,6800,487868.334408449,462858.509591892,63.6,HFET
386673:10208,973:973,10/08/24 04:28:13,STABLE BEAMS,6800,488011.250463768,461939.190742844,63.6,HFET
386673:10208,974:974,10/08/24 04:28:36,STABLE BEAMS,6800,489322.528407264,462923.115416047,63.7,HFET
386673:10208,975:975,10/08/24 04:29:00,STABLE BEAMS,6800,490869.189273364,464292.532773589,63.9,HFET
386673:10208,976:976,10/08/24 04:29:23,STABLE BEAMS,6800,490762.833843918,464531.878528632,64.1,HFET
386673:10208,977:977,10/08/24 04:29:46,STABLE BEAMS,6800,489272.172462346,463248.829938573,63.9,HFET
386673:10208,978:978,10/08/24 04:30:09,STABLE BEAMS,6800,487828.407706081,461051.698100442,63.7,HFET
386673:10208,979:979,10/08/24 04:30:33,STABLE BEAMS,6800,487375.894200876,461944.335431781,63.6,HFET
386673:10208,980:980,10/08/24 04:30:56,STABLE BEAMS,6800,486587.698484022,455182.981027286,63.5,HFET
386673:10208,981:981,10/08/24 04:31:19,STABLE BEAMS,6800,486360.465009778,461453.398769458,63.5,HFET
386673:10208,982:982,10/08/24 04:31:43,STABLE BEAMS,6800,485655.267321755,193712.095856985,63.4,HFET
386673:10208,983:983,10/08/24 04:32:06,STABLE BEAMS,6800,483581.428525133,449594.585396599,63.3,HFET
386673:10208,984:984,10/08/24 04:32:29,STABLE BEAMS,6800,484189.695331682,449133.971395672,62.9,HFET
386673:10208,985:985,10/08/24 04:32:53,STABLE BEAMS,6800,493336.306554529,366275.236124594,64.3,HFET
386673:10208,986:986,10/08/24 04:33:16,STABLE BEAMS,6800,493743.333736560,465287.749188168,64.4,HFET
386673:10208,987:987,10/08/24 04:33:39,STABLE BEAMS,6800,492733.732240226,463730.570498558,64.4,HFET
386673:10208,988:988,10/08/24 04:34:03,STABLE BEAMS,6800,491832.397657220,464221.917430593,64.2,HFET
386673:10208,989:989,10/08/24 04:34:26,STABLE BEAMS,6800,491897.047771856,464699.014483390,64.1,HFET
386673:10208,990:990,10/08/24 04:34:49,STABLE BEAMS,6800,492879.471230888,464471.370739434,64.2,HFET
386673:10208,991:991,10/08/24 04:35:13,STABLE BEAMS,6800,493586.759895792,465577.994029281,64.3,HFET
386673:10208,992:992,10/08/24 04:35:36,STABLE BEAMS,6800,493254.537003754,465490.897965491,64.4,HFET
386673:10208,993:993,10/08/24 04:35:59,STABLE BEAMS,6800,492193.849935117,464828.727313451,64.3,HFET
386594:10199,1:1,10/04/24 20:20:34,STABLE BEAMS,6800,488567.522577631,461245.331417754,63.7,HFET
386594:10199,2:2,10/04/24 20:20:58,STABLE BEAMS,6800,488734.931268505,464740.537974124,63.7,HFET
386594:10199,3:3,10/04/24 20:21:21,STABLE BEAMS,6800,488935.030995927,466656.709654440,63.7,HFET
386594:10199,4:4,10/04/24 20:21:44,STABLE BEAMS,6800,488843.382336988,466550.445137033,63.8,HFET
386594:10199,5:5,10/04/24 20:22:08,STABLE BEAMS,6800,488778.002594967,344348.718729553,63.7,HFET
386594:10199,6:6,10/04/24 20:22:31,STABLE BEAMS,6800,488833.137249592,464077.227424988,63.8,HFET
386594:10199,7:7,10/04/24 20:22:54,STABLE BEAMS,6800,488342.473323384,466305.500132861,63.7,HFET
386594:10199,8:8,10/04/24 20:23:18,STABLE BEAMS,6800,488106.589219032,465673.743054256,63.7,HFET
386594:10199,9:9,10/04/24 20:23:41,STABLE BEAMS,6800,487887.321037991,466329.631451340,63.6,HFET
386594:10199,10:10,10/04/24 20:24:04,STABLE BEAMS,6800,487737.803370043,414684.873187367,63.6,HFET
386594:10199,11:11,10/04/24 20:24:28,STABLE BEAMS,6800,487986.072491308,396996.954748203,63.6,HFET
386594:10199,12:12,10/04/24 20:24:51,STABLE BEAMS,6800,488282.375803898,462772.597715678,63.7,HFET
386594:10199,13:13,10/04/24 20:25:14,STABLE BEAMS,6800,487721.231737212,465028.871331354,63.6,HFET
386594:10199,14:14,10/04/24 20:25:38,STABLE BEAMS,6800,488060.557423628,457732.233838458,63.6,HFET
386594:10199,15:15,10/04/24 20:26:01,STABLE BEAMS,6800,487821.395823740,465423.014645800,63.6,HFET
386594:10199,16:16,10/04/24 20:26:24,STABLE BEAMS,6800,487356.180275028,354711.747011604,63.6,HFET
386594:10199,17:17,10/04/24 20:26:48,STABLE BEAMS,6800,487129.949164283,465651.980110929,63.5,HFET
386594:10199,18:18,10/04/24 20:27:11,STABLE BEAMS,6800,486193.100609384,465778.641560011,63.5,HFET
386594:10199,19:19,10/04/24 20:27:34,STABLE BEAMS,6800,485119.166025009,463614.471163466,63.4,HFET
386594:10199,20:20,10/04/24 20:27:57,STABLE BEAMS,6800,485859.602617732,253392.767562889,62.8,HFET
386594:10199,21:21,10/04/24 20:28:21,STABLE BEAMS,6800,493673.585554545,469943.485210953,64.4,HFET
386594:10199,22:22,10/04/24 20:28:44,STABLE BEAMS,6800,493703.724060787,470124.097127084,64.4,HFET
386594:10199,23:23,10/04/24 20:29:07,STABLE BEAMS,6800,493548.788967787,467281.412891303,64.4,HFET
386594:10199,24:24,10/04/24 20:29:31,STABLE BEAMS,6800,493027.849001740,468904.698619239,64.3,HFET
386594:10199,25:25,10/04/24 20:29:54,STABLE BEAMS,6800,492464.292269421,469224.037643693,64.3,HFET
386594:10199,26:26,10/04/24 20:30:17,STABLE BEAMS,6800,491891.357610688,469335.992322268,64.2,HFET
386594:10199,27:27,10/04/24 20:30:41,STABLE BEAMS,6800,491669.585851976,461585.841291746,64.2,HFET
386594:10199,28:28,10/04/24 20:31:04,STABLE BEAMS,6800,491563.775894760,468456.101324917,64.1,HFET
386594:10199,29:29,10/04/24 20:31:27,STABLE BEAMS,6800,490790.196036374,466798.532434221,64.1,HFET
386594:10199,30:30,10/04/24 20:31:51,STABLE BEAMS,6800,490094.378605844,467692.265372177,63.9,HFET
386594:10199,31:31,10/04/24 20:32:14,STABLE BEAMS,6800,489906.617273776,466764.887986809,63.9,HFET
386594:10199,32:32,10/04/24 20:32:37,STABLE BEAMS,6800,487870.658493121,466370.334402651,63.8,HFET
386594:10199,33:33,10/04/24 20:33:00,STABLE BEAMS,6800,486943.964113579,465289.569760012,63.5,HFET
386594:10199,34:34,10/04/24 20:33:24,STABLE BEAMS,6800,486579.185387511,465386.544931966,63.5,HFET
386594:10199,35:35,10/04/24 20:33:47,STABLE BEAMS,6800,484973.655479981,464417.874832577,63.4,HFET
386594:10199,36:36,10/04/24 20:34:10,STABLE BEAMS,6800,487431.576658809,465795.805286631,63.2,HFET
386594:10199,37:37,10/04/24 20:34:34,STABLE BEAMS,6800,487737.712458005,466241.078463860,63.7,HFET
386594:10199,38:38,10/04/24 20:34:57,STABLE BEAMS,6800,487003.196803162,463616.018999196,63.5,HFET
386594:10199,39:39,10/04/24 20:35:20,STABLE BEAMS,6800,487554.230984972,462960.221514150,63.5,HFET
386594:10199,40:40,10/04/24 20:35:44,STABLE BEAMS,6800,487525.274335227,458446.217359107,63.6,HFET
386594:10199,41:41,10/04/24 20:36:07,STABLE BEAMS,6800,487008.159668023,464278.784076102,63.5,HFET
386594:10199,42:42,10/04/24 20:36:30,STABLE BEAMS,6800,486824.449749356,464093.799057819,63.5,HFET
386594:10199,43:43,10/04/24 20:36:54,STABLE BEAMS,6800,486634.275751655,465503.690921037,63.5,HFET
386594:10199,44:44,10/04/24 20:37:17,STABLE BEAMS,6800,486392.880979134,465400.431163050,63.4,HFET
386594:10199,45:45,10/04/24 20:37:40,STABLE BEAMS,6800,484980.576450283,310737.374954376,63.5,HFET
386594:10199,46:46,10/04/24 20:38:04,STABLE BEAMS,6800,483576.694105906,0,63.1,HFET
386594:10199,47:47,10/04/24 20:38:27,STABLE BEAMS,6800,487377.125010011,284871.447790494,63.0,HFET
386594:10199,48:48,10/04/24 20:38:50,STABLE BEAMS,6800,488446.096729525,466667.180856393,63.7,HFET
386594:10199,49:49,10/04/24 20:39:13,STABLE BEAMS,6800,488410.629379190,466322.528656962,63.7,HFET
386594:10199,50:50,10/04/24 20:39:37,STABLE BEAMS,6800,488307.187797126,466213.121846537,63.7,HFET
386594:10199,51:51,10/04/24 20:40:00,STABLE BEAMS,6800,488007.017226291,465361.642026700,63.7,HFET
386594:10199,52:52,10/04/24 20:40:23,STABLE BEAMS,6800,488025.274228448,466250.456390274,63.6,HFET
386594:10199,53:53,10/04/24 20:40:47,STABLE BEAMS,6800,487690.090867470,466288.881878471,63.6,HFET
386594:10199,54:54,10/04/24 20:41:10,STABLE BEAMS,6800,487236.803444401,459145.951000519,63.6,HFET
386594:10199,55:55,10/04/24 20:41:33,STABLE BEAMS,6800,487015.260131324,465830.225982986,63.5,HFET
386594:10199,56:56,10/04/24 20:41:57,STABLE BEAMS,6800,486359.008086087,464426.387929088,63.5,HFET
386594:10199,57:57,10/04/24 20:42:20,STABLE BEAMS,6800,486223.786918935,463679.531547813,63.4,HFET
386594:10199,58:58,10/04/24 20:42:43,STABLE BEAMS,6800,486046.499119897,465128.487614575,63.4,HFET
386594:10199,59:59,10/04/24 20:43:07,STABLE BEAMS,6800,485400.625033495,463755.839383056,63.3,HFET
386594:10199,60:60,10/04/24 20:43:30,STABLE BEAMS,6800,485068.355519899,464012.348864717,63.3,HFET
386594:10199,61:61,10/04/24 20:43:53,STABLE BEAMS,6800,484351.094503715,463936.999102495,63.2,HFET
386594:10199,62:62,10/04/24 20:44:17,STABLE BEAMS,6800,484529.657402367,463658.316407794,62.9,HFET
386594:10199,63:63,10/04/24 20:44:40,STABLE BEAMS,6800,485385.419412317,462583.561283996,63.5,HFET
386594:10199,64:64,10/04/24 20:45:03,STABLE BEAMS,6800,483928.950281465,463247.282102843,63.1,HFET
386594:10199,65:65,10/04/24 20:45:26,STABLE BEAMS,6800,484114.981953727,463288.621438422,63.2,HFET
386594:10199,66:66,10/04/24 20:45:50,STABLE BEAMS,6800,483398.448233849,463802.279117092,63.1,HFET
386594:10199,67:67,10/04/24 20:46:13,STABLE BEAMS,6800,487483.981621207,459576.699231318,63.0,HFET
386594:10199,68:68,10/04/24 20:46:36,STABLE BEAMS,6800,489648.741780461,466158.488373662,63.9,HFET
386594:10199,69:69,10/04/24 20:47:00,STABLE BEAMS,6800,489016.164162434,467648.238303772,63.8,HFET
386594:10199,70:70,10/04/24 20:47:23,STABLE BEAMS,6800,489251.092524845,467332.904071161,63.8,HFET
386594:10199,71:71,10/04/24 20:47:46,STABLE BEAMS,6800,488399.656995488,467004.732592523,63.7,HFET
386594:10199,72:72,10/04/24 20:48:10,STABLE BEAMS,6800,487948.192475341,465734.476958010,63.7,HFET
386594:10199,73:73,10/04/24 20:48:33,STABLE BEAMS,6800,487497.366670541,465192.729790577,63.6,HFET
386594:10199,74:74,10/04/24 20:48:56,STABLE BEAMS,6800,487225.012852354,466110.409891857,63.6,HFET
386594:10199,75:75,10/04/24 20:49:20,STABLE BEAMS,6800,486728.565521862,294355.314702578,63.5,HFET
386594:10199,76:76,10/04/24 20:49:43,STABLE BEAMS,6800,486371.528305518,177733.535633239,63.4,HFET
386594:10199,77:77,10/04/24 20:50:06,STABLE BEAMS,6800,486207.168664545,463772.912197637,63.4,HFET
386594:10199,78:78,10/04/24 20:50:30,STABLE BEAMS,6800,485770.501826944,464058.331707485,63.4,HFET
386594:10199,79:79,10/04/24 20:50:53,STABLE BEAMS,6800,485621.394428708,465176.475184341,63.3,HFET
386594:10199,80:80,10/04/24 20:51:16,STABLE BEAMS,6800,485339.208123915,464901.708700522,63.3,HFET
386594:10199,81:81,10/04/24 20:51:39,STABLE BEAMS,6800,484996.602610885,457774.848273651,63.2,HFET
386594:10199,82:82,10/04/24 20:52:03,STABLE BEAMS,6800,485044.042377343,465009.110783948,63.3,HFET
386594:10199,83:83,10/04/24 20:52:26,STABLE BEAMS,6800,484515.545056726,463814.799336524,63.2,HFET
386594:10199,84:84,10/04/24 20:52:49,STABLE BEAMS,6800,484641.476878424,460582.568671926,63.2,HFET
386594:10199,85:85,10/04/24 20:53:13,STABLE BEAMS,6800,484791.404816083,459414.206783748,63.2,HFET
386594:10199,86:86,10/04/24 20:53:36,STABLE BEAMS,6800,484605.508346339,459405.283417525,63.2,HFET
386594:10199,87:87,10/04/24 20:53:59,STABLE BEAMS,6800,484305.291153946,459430.825038137,63.2,HFET
386594:10199,88:88,10/04/24 20:54:23,STABLE BEAMS,6800,484054.474164530,458971.211069632,63.1,HFET
386594:10199,89:89,10/04/24 20:54:46,STABLE BEAMS,6800,483537.767435959,460710.458599064,63.1,HFET
386594:10199,90:90,10/04/24 20:55:09,STABLE BEAMS,6800,483181.548427960,460979.942860349,63.0,HFET
386594:10199,91:91,10/04/24 20:55:33,STABLE BEAMS,6800,486736.488855663,268760.419635710,63.0,HFET
386594:10199,92:92,10/04/24 20:55:56,STABLE BEAMS,6800,487643.422687798,466533.008674298,63.6,HFET
386594:10199,93:93,10/04/24 20:56:19,STABLE BEAMS,6800,487041.985939513,465890.687150625,63.6,HFET
386594:10199,94:94,10/04/24 20:56:42,STABLE BEAMS,6800,486356.231772301,457902.237019040,63.5,HFET
386594:10199,95:95,10/04/24 20:57:06,STABLE BEAMS,6800,485660.549544289,356212.448345715,63.4,HFET
386594:10199,96:96,10/04/24 20:57:29,STABLE BEAMS,6800,485063.257452520,463850.492801415,63.3,HFET
386594:10199,97:97,10/04/24 20:57:52,STABLE BEAMS,6800,484633.236518027,464622.025973400,63.2,HFET
386594:10199,98:98,10/04/24 20:58:16,STABLE BEAMS,6800,484356.602840806,463743.454366143,63.2,HFET
386594:10199,99:99,10/04/24 20:58:39,STABLE BEAMS,6800,484084.204732139,464277.418064449,63.2,HFET
386594:10199,100:100,10/04/24 20:59:02,STABLE BEAMS,6800,483595.860228447,463247.191190805,63.1,HFET
386594:10199,101:101,10/04/24 20:59:26,STABLE BEAMS,6800,483383.014167036,463295.178760571,63.1,HFET
386594:10199,102:102,10/04/24 20:59:49,STABLE BEAMS,6800,483117.033515843,462509.167263714,63.0,HFET
386594:10199,103:103,10/04/24 21:00:12,STABLE BEAMS,6800,482653.414755496,463251.697164397,63.0,HFET
386594:10199,104:104,10/04/24 21:00:36,STABLE BEAMS,6800,482894.944730536,463510.302285096,63.0,HFET
386594:10199,105:105,10/04/24 21:00:59,STABLE BEAMS,6800,482911.744809002,461992.504825624,63.0,HFET
386594:10199,106:106,10/04/24 21:01:22,STABLE BEAMS,6800,482724.165301011,461374.405532469,63.0,HFET
386594:10199,107:107,10/04/24 21:01:46,STABLE BEAMS,6800,482754.124314255,455603.211434575,63.0,HFET
386594:10199,108:108,10/04/24 21:02:09,STABLE BEAMS,6800,482877.188910129,463299.230173971,63.0,HFET
386594:10199,109:109,10/04/24 21:02:32,STABLE BEAMS,6800,483085.163018717,463166.148936336,63.0,HFET
386594:10199,110:110,10/04/24 21:02:55,STABLE BEAMS,6800,483358.290754768,463635.140831256,63.0,HFET
386594:10199,111:111,10/04/24 21:03:19,STABLE BEAMS,6800,483330.655826196,463047.000551344,63.0,HFET
386594:10199,112:112,10/04/24 21:03:42,STABLE BEAMS,6800,483562.852165302,463907.268534886,63.0,HFET
386594:10199,113:113,10/04/24 21:04:05,STABLE BEAMS,6800,483557.845009961,464278.464718428,63.1,HFET
386594:10199,114:114,10/04/24 21:04:29,STABLE BEAMS,6800,483469.564758595,463866.383759498,63.1,HFET
386594:10199,115:115,10/04/24 21:04:52,STABLE BEAMS,6800,483407.143154437,462070.996880864,63.1,HFET
386594:10199,116:116,10/04/24 21:05:15,STABLE BEAMS,6800,482925.267391933,463646.523484669,63.0,HFET
386594:10199,117:117,10/04/24 21:05:39,STABLE BEAMS,6800,482530.075092429,462559.931147266,63.0,HFET
386594:10199,118:118,10/04/24 21:06:02,STABLE BEAMS,6800,482047.287878464,462731.712940291,62.9,HFET
386594:10199,119:119,10/04/24 21:06:25,STABLE BEAMS,6800,481669.853730446,462932.721788096,62.9,HFET
386594:10199,120:120,10/04/24 21:06:49,STABLE BEAMS,6800,481000.123392758,455471.451918112,62.8,HFET
386594:10199,121:121,10/04/24 21:07:12,STABLE BEAMS,6800,480385.893688926,461638.838347932,62.7,HFET
386594:10199,122:122,10/04/24 21:07:35,STABLE BEAMS,6800,480041.833583283,461568.906010762,62.6,HFET
386594:10199,123:123,10/04/24 21:07:58,STABLE BEAMS,6800,480181.106163835,461910.143181061,62.6,HFET
386594:10199,124:124,10/04/24 21:08:22,STABLE BEAMS,6800,479243.984872821,460160.014179965,62.5,HFET
386594:10199,125:125,10/04/24 21:08:45,STABLE BEAMS,6800,479019.847070035,460261.863635820,62.5,HFET
386594:10199,126:126,10/04/24 21:09:08,STABLE BEAMS,6800,478912.216540975,459423.904067835,62.5,HFET
386594:10199,127:127,10/04/24 21:09:32,STABLE BEAMS,6800,478661.350598923,459460.462362630,62.4,HFET
386594:10199,128:128,10/04/24 21:09:55,STABLE BEAMS,6800,478090.420667188,459865.806506413,62.4,HFET
386594:10199,129:129,10/04/24 21:10:18,STABLE BEAMS,6800,477606.722001762,459454.361931751,62.3,HFET
386594:10199,130:130,10/04/24 21:10:42,STABLE BEAMS,6800,477063.471289080,458678.278495694,62.2,HFET
386594:10199,131:131,10/04/24 21:11:05,STABLE BEAMS,6800,476558.555152556,458917.304893064,62.2,HFET
386594:10199,132:132,10/04/24 21:11:28,STABLE BEAMS,6800,476409.494375878,458550.204413401,62.1,HFET
386594:10199,133:133,10/04/24 21:11:52,STABLE BEAMS,6800,476393.239769642,452306.468188937,62.1,HFET
386594:10199,134:134,10/04/24 21:12:15,STABLE BEAMS,6800,476362.963729803,458657.697408865,62.1,HFET
386594:10199,135:135,10/04/24 21:12:38,STABLE BEAMS,6800,475740.675489651,457938.844266471,62.1,HFET
386594:10199,136:136,10/04/24 21:13:02,STABLE BEAMS,6800,475223.740315446,457974.127461651,62.0,HFET
386594:10199,137:137,10/04/24 21:13:25,STABLE BEAMS,6800,474990.723436917,457536.232145993,61.9,HFET
386594:10199,138:138,10/04/24 21:13:48,STABLE BEAMS,6800,474449.158093561,457139.084072127,61.9,HFET
386594:10199,139:139,10/04/24 21:14:11,STABLE BEAMS,6800,474013.309464304,456584.951887781,61.8,HFET
386594:10199,140:140,10/04/24 21:14:35,STABLE BEAMS,6800,473830.466706617,457079.350200794,61.8,HFET
386594:10199,141:141,10/04/24 21:14:58,STABLE BEAMS,6800,473823.590026795,457111.264988400,61.8,HFET
386594:10199,142:142,10/04/24 21:15:21,STABLE BEAMS,6800,474035.209941228,456657.434424179,61.8,HFET
386594:10199,143:143,10/04/24 21:15:45,STABLE BEAMS,6800,474019.775874414,449689.924151863,61.8,HFET
386594:10199,144:144,10/04/24 21:16:08,STABLE BEAMS,6800,473877.088264731,450160.372970473,61.8,HFET
386594:10199,145:145,10/04/24 21:16:31,STABLE BEAMS,6800,473683.771974013,449842.672693787,61.8,HFET
386594:10199,146:146,10/04/24 21:16:55,STABLE BEAMS,6800,473490.546595335,443254.009202700,61.7,HFET
386594:10199,147:147,10/04/24 21:17:18,STABLE BEAMS,6800,473369.029835190,448545.190069336,61.8,HFET
386594:10199,148:148,10/04/24 21:17:41,STABLE BEAMS,6800,473029.158676544,449631.556292183,61.7,HFET
386594:10199,149:149,10/04/24 21:18:05,STABLE BEAMS,6800,472707.041007227,448447.851249229,61.7,HFET
386594:10199,150:150,10/04/24 21:18:28,STABLE BEAMS,6800,472583.064959892,448289.228390982,61.7,HFET
386594:10199,151:151,10/04/24 21:18:51,STABLE BEAMS,6800,472505.575268151,448139.209541285,61.6,HFET
386594:10199,152:152,10/04/24 21:19:15,STABLE BEAMS,6800,472366.484511676,448471.616588478,61.6,HFET
386594:10199,153:153,10/04/24 21:19:38,STABLE BEAMS,6800,472162.424282892,448893.259628977,61.6,HFET
386594:10199,154:154,10/04/24 21:20:01,STABLE BEAMS,6800,471915.113234645,448246.338888596,61.6,HFET
386594:10199,155:155,10/04/24 21:20:24,STABLE BEAMS,6800,471802.745955281,447268.834003944,61.5,HFET
386594:10199,156:156,10/04/24 21:20:48,STABLE BEAMS,6800,471738.597022394,447619.087783583,61.5,HFET
386594:10199,157:157,10/04/24 21:21:11,STABLE BEAMS,6800,471575.556771516,448191.386058048,61.5,HFET
386594:10199,158:158,10/04/24 21:21:34,STABLE BEAMS,6800,471778.069164571,448380.648604287,61.5,HFET
386594:10199,159:159,10/04/24 21:21:58,STABLE BEAMS,6800,471636.703276060,440391.928067665,61.5,HFET
386594:10199,160:160,10/04/24 21:22:21,STABLE BEAMS,6800,471402.502209955,448022.611355522,61.5,HFET
386594:10199,161:161,10/04/24 21:22:44,STABLE BEAMS,6800,471454.405990603,446942.301273074,61.5,HFET
386594:10199,162:162,10/04/24 21:23:08,STABLE BEAMS,6800,471221.799381786,447272.705924346,61.5,HFET
386594:10199,163:163,10/04/24 21:23:31,STABLE BEAMS,6800,470959.506495840,446918.899581979,61.4,HFET
386594:10199,164:164,10/04/24 21:23:54,STABLE BEAMS,6800,470416.164871119,447132.475270775,61.4,HFET
386594:10199,165:165,10/04/24 21:24:18,STABLE BEAMS,6800,470234.005119259,447515.009817251,61.3,HFET
386594:10199,166:166,10/04/24 21:24:41,STABLE BEAMS,6800,470051.798745840,447400.868587599,61.3,HFET
386594:10199,167:167,10/04/24 21:25:04,STABLE BEAMS,6800,470047.882534958,446601.838020640,61.3,HFET
386594:10199,168:168,10/04/24 21:25:27,STABLE BEAMS,6800,469825.110743825,447072.377751289,61.3,HFET
386594:10199,169:169,10/04/24 21:25:51,STABLE BEAMS,6800,469824.427737999,446373.737385414,61.3,HFET
386594:10199,170:170,10/04/24 21:26:14,STABLE BEAMS,6800,469609.940597743,445662.485888070,61.2,HFET
386594:10199,171:171,10/04/24 21:26:37,STABLE BEAMS,6800,469434.107391318,446416.899623916,61.2,HFET
386594:10199,172:172,10/04/24 21:27:01,STABLE BEAMS,6800,469237.695429142,440580.234871963,61.2,HFET
386594:10199,173:173,10/04/24 21:27:24,STABLE BEAMS,6800,469037.824147354,445872.327190061,61.2,HFET
386594:10199,174:174,10/04/24 21:27:47,STABLE BEAMS,6800,468534.775204233,446546.656744457,61.1,HFET
386594:10199,175:175,10/04/24 21:28:11,STABLE BEAMS,6800,468389.357902322,445882.481365418,61.1,HFET
386594:10199,176:176,10/04/24 21:28:34,STABLE BEAMS,6800,468286.781150161,446461.199428435,61.1,HFET
386594:10199,177:177,10/04/24 21:28:57,STABLE BEAMS,6800,468706.419463661,446814.774994089,61.1,HFET
386594:10199,178:178,10/04/24 21:29:21,STABLE BEAMS,6800,468610.581857725,446591.774757321,61.1,HFET
386594:10199,179:179,10/04/24 21:29:44,STABLE BEAMS,6800,469293.196062998,446988.286446919,61.1,HFET
386594:10199,180:180,10/04/24 21:30:07,STABLE BEAMS,6800,469102.520883548,445439.394739264,61.3,HFET
386594:10199,181:181,10/04/24 21:30:30,STABLE BEAMS,6800,468080.215012628,446017.019526744,61.1,HFET
386594:10199,182:182,10/04/24 21:30:54,STABLE BEAMS,6800,467787.056324133,446209.468656480,61.0,HFET
386594:10199,183:183,10/04/24 21:31:17,STABLE BEAMS,6800,468510.508683235,446280.403357149,61.1,HFET
386594:10199,184:184,10/04/24 21:31:40,STABLE BEAMS,6800,468422.046607793,446980.591558753,61.1,HFET
386594:10199,185:185,10/04/24 21:32:04,STABLE BEAMS,6800,468204.601329674,440589.932156051,61.1,HFET
386594:10199,186:186,10/04/24 21:32:27,STABLE BEAMS,6800,467864.091455681,446228.681400578,61.0,HFET
386594:10199,187:187,10/04/24 21:32:50,STABLE BEAMS,6800,467657.982209418,445017.068692938,61.0,HFET
386594:10199,188:188,10/04/24 21:33:14,STABLE BEAMS,6800,467137.541094043,445414.445212440,61.0,HFET
386594:10199,189:189,10/04/24 21:33:37,STABLE BEAMS,6800,466882.943096263,445954.735456182,60.9,HFET
386594:10199,190:190,10/04/24 21:34:00,STABLE BEAMS,6800,465885.997021879,445368.005478403,60.9,HFET
386594:10199,191:191,10/04/24 21:34:24,STABLE BEAMS,6800,465290.481211473,445126.428881805,60.7,HFET
386594:10199,192:192,10/04/24 21:34:47,STABLE BEAMS,6800,464166.419127815,444058.321992194,60.7,HFET
386594:10199,193:193,10/04/24 21:35:10,STABLE BEAMS,6800,463806.283908934,443121.974619045,60.5,HFET
386594:10199,194:194,10/04/24 21:35:34,STABLE BEAMS,6800,464012.257952679,443536.561486724,60.6,HFET
386594:10199,195:195,10/04/24 21:35:57,STABLE BEAMS,6800,463707.760901251,443573.483429672,60.5,HFET
386594:10199,196:196,10/04/24 21:36:20,STABLE BEAMS,6800,462350.315959833,442731.017888096,60.3,HFET
386594:10199,197:197,10/04/24 21:36:44,STABLE BEAMS,6800,462554.695546290,442592.064665217,60.3,HFET
386594:10199,198:198,10/04/24 21:37:07,STABLE BEAMS,6800,464046.995675629,436982.999366740,60.5,HFET
386594:10199,199:199,10/04/24 21:37:30,STABLE BEAMS,6800,464014.943354426,443853.942405736,60.5,HFET
386594:10199,200:200,10/04/24 21:37:53,STABLE BEAMS,6800,463948.244222311,443976.687643937,60.5,HFET
386594:10199,201:201,10/04/24 21:38:17,STABLE BEAMS,6800,463668.333049555,442909.354672191,60.5,HFET
386594:10199,202:202,10/04/24 21:38:40,STABLE BEAMS,6800,463261.531982080,442656.260219661,60.4,HFET
386594:10199,203:203,10/04/24 21:39:03,STABLE BEAMS,6800,463635.551100967,442164.183660242,60.4,HFET
386594:10199,204:204,10/04/24 21:39:27,STABLE BEAMS,6800,463903.806884196,439992.274085050,60.5,HFET
386594:10199,205:205,10/04/24 21:39:50,STABLE BEAMS,6800,464062.385451963,442722.777527699,60.5,HFET
386594:10199,206:206,10/04/24 21:40:13,STABLE BEAMS,6800,463812.430961371,443835.275133868,60.5,HFET
386594:10199,207:207,10/04/24 21:40:37,STABLE BEAMS,6800,463529.650231713,442393.284327889,60.5,HFET
386594:10199,208:208,10/04/24 21:41:00,STABLE BEAMS,6800,461377.683028004,442300.087833220,60.4,HFET
386594:10199,209:209,10/04/24 21:41:23,STABLE BEAMS,6800,459113.169051932,439404.450831733,60.0,HFET
386594:10199,210:210,10/04/24 21:41:47,STABLE BEAMS,6800,457539.919911240,437724.937173634,59.8,HFET
386594:10199,211:211,10/04/24 21:42:10,STABLE BEAMS,6800,455801.399678115,432577.124591430,59.5,HFET
386594:10199,212:212,10/04/24 21:42:33,STABLE BEAMS,6800,454238.803563452,437130.694131765,59.2,HFET
386594:10199,213:213,10/04/24 21:42:57,STABLE BEAMS,6800,454112.370560004,435948.583546099,59.2,HFET
386594:10199,214:214,10/04/24 21:43:20,STABLE BEAMS,6800,453431.075744826,436863.622536113,59.2,HFET
386594:10199,215:215,10/04/24 21:43:43,STABLE BEAMS,6800,452627.674406793,435769.381932101,59.0,HFET
386594:10199,216:216,10/04/24 21:44:06,STABLE BEAMS,6800,453185.492025308,436410.792004313,59.0,HFET
386594:10199,217:217,10/04/24 21:44:30,STABLE BEAMS,6800,453360.413780272,436084.895657711,59.1,HFET
386594:10199,218:218,10/04/24 21:44:53,STABLE BEAMS,6800,453094.936641907,435658.837555658,59.1,HFET
386594:10199,219:219,10/04/24 21:45:16,STABLE BEAMS,6800,452754.107410241,435454.504590759,59.1,HFET
386594:10199,220:220,10/04/24 21:45:40,STABLE BEAMS,6800,452980.476054582,435744.977877507,59.0,HFET
386594:10199,221:221,10/04/24 21:46:03,STABLE BEAMS,6800,453072.945252944,436520.152193180,59.1,HFET
386594:10199,222:222,10/04/24 21:46:26,STABLE BEAMS,6800,452664.596349741,436073.878983529,59.1,HFET
386594:10199,223:223,10/04/24 21:46:50,STABLE BEAMS,6800,452552.049577378,433945.222558877,59.0,HFET
386594:10199,224:224,10/04/24 21:47:13,STABLE BEAMS,6800,451370.939024133,430495.362461006,59.0,HFET
386594:10199,225:225,10/04/24 21:47:36,STABLE BEAMS,6800,450905.907630576,434723.993727759,58.8,HFET
386594:10199,226:226,10/04/24 21:48:00,STABLE BEAMS,6800,450562.938469392,434497.942110012,58.8,HFET
386594:10199,227:227,10/04/24 21:48:23,STABLE BEAMS,6800,450060.027059868,434031.591326360,58.7,HFET
386594:10199,228:228,10/04/24 21:48:46,STABLE BEAMS,6800,449114.164226708,432786.877312460,58.6,HFET
386594:10199,229:229,10/04/24 21:49:09,STABLE BEAMS,6800,449005.762110860,433373.197020527,58.6,HFET
386594:10199,230:230,10/04/24 21:49:33,STABLE BEAMS,6800,448785.810923993,432373.430341876,58.5,HFET
386594:10199,231:231,10/04/24 21:49:56,STABLE BEAMS,6800,448092.224335019,431870.607513312,58.5,HFET
386594:10199,232:232,10/04/24 21:50:19,STABLE BEAMS,6800,447285.909149604,431908.214793164,58.4,HFET
386594:10199,233:233,10/04/24 21:50:43,STABLE BEAMS,6800,447863.258869890,430805.050822930,58.3,HFET
386594:10199,234:234,10/04/24 21:51:06,STABLE BEAMS,6800,448349.053174353,432427.198984849,58.5,HFET
386594:10199,235:235,10/04/24 21:51:29,STABLE BEAMS,6800,448627.234687304,432935.847177099,58.5,HFET
386594:10199,236:236,10/04/24 21:51:53,STABLE BEAMS,6800,448582.706437150,426503.209723472,58.5,HFET
386594:10199,237:237,10/04/24 21:52:16,STABLE BEAMS,6800,448879.646134008,432582.952286194,58.5,HFET
386594:10199,238:238,10/04/24 21:52:39,STABLE BEAMS,6800,448677.362186588,432599.526250103,58.5,HFET
386594:10199,239:239,10/04/24 21:53:03,STABLE BEAMS,6800,448598.322328040,431600.258422124,58.5,HFET
386594:10199,240:240,10/04/24 21:53:26,STABLE BEAMS,6800,448369.039836317,431865.371912336,58.5,HFET
386594:10199,241:241,10/04/24 21:53:49,STABLE BEAMS,6800,448007.086376670,432349.844495627,58.4,HFET
386594:10199,242:242,10/04/24 21:54:12,STABLE BEAMS,6800,447954.452968638,198551.837146009,58.4,HFET
386594:10199,243:243,10/04/24 21:54:36,STABLE BEAMS,6800,448096.776930168,432379.938711389,58.4,HFET
386594:10199,244:244,10/04/24 21:54:59,STABLE BEAMS,6800,447876.007534956,427495.512290668,58.4,HFET
386594:10199,245:245,10/04/24 21:55:22,STABLE BEAMS,6800,447531.900807755,431987.252320634,58.4,HFET
386594:10199,246:246,10/04/24 21:55:46,STABLE BEAMS,6800,446791.692660667,431358.590913488,58.4,HFET
386594:10199,247:247,10/04/24 21:56:09,STABLE BEAMS,6800,446379.110519987,429803.598774954,58.2,HFET
386594:10199,248:248,10/04/24 21:56:32,STABLE BEAMS,6800,446686.747533354,431158.036625874,58.2,HFET
386594:10199,249:249,10/04/24 21:56:56,STABLE BEAMS,6800,446593.686241204,430929.663254533,58.3,HFET
386594:10199,250:250,10/04/24 21:57:19,STABLE BEAMS,6800,446207.284436482,424640.123680301,58.2,HFET
386594:10199,251:251,10/04/24 21:57:42,STABLE BEAMS,6800,446057.130384266,430018.948414035,58.2,HFET
386594:10199,252:252,10/04/24 21:58:06,STABLE BEAMS,6800,446149.098400879,430950.423834361,58.2,HFET
386594:10199,253:253,10/04/24 21:58:29,STABLE BEAMS,6800,445842.006859742,430566.343783234,58.2,HFET
386594:10199,254:254,10/04/24 21:58:52,STABLE BEAMS,6800,445133.941945895,429866.563520263,58.1,HFET
386594:10199,255:255,10/04/24 21:59:16,STABLE BEAMS,6800,444931.019283129,429726.153373693,58.0,HFET
386594:10199,256:256,10/04/24 21:59:39,STABLE BEAMS,6800,444828.078882814,429889.009469417,58.0,HFET
386594:10199,257:257,10/04/24 22:00:02,STABLE BEAMS,6800,444395.827106766,429225.153448051,58.0,HFET
386594:10199,258:258,10/04/24 22:00:26,STABLE BEAMS,6800,443778.000549725,428759.392427109,57.9,HFET
386594:10199,259:259,10/04/24 22:00:49,STABLE BEAMS,6800,443835.867227656,409540.839282447,57.9,HFET
386594:10199,260:260,10/04/24 22:01:12,STABLE BEAMS,6800,443559.690441704,200697.749141750,57.9,HFET
386594:10199,261:261,10/04/24 22:01:35,STABLE BEAMS,6800,443180.752748436,428070.176609208,57.8,HFET
386594:10199,262:262,10/04/24 22:01:59,STABLE BEAMS,6800,442797.763641769,428084.246995446,57.8,HFET
386594:10199,263:263,10/04/24 22:02:22,STABLE BEAMS,6800,443157.805617533,422404.839090088,57.7,HFET
386594:10199,264:264,10/04/24 22:02:45,STABLE BEAMS,6800,443027.183667089,427476.754106762,57.8,HFET
386594:10199,265:265,10/04/24 22:03:09,STABLE BEAMS,6800,443042.435909825,428472.105723859,57.8,HFET
386594:10199,266:266,10/04/24 22:03:32,STABLE BEAMS,6800,442844.021551729,427742.779048434,57.8,HFET
386594:10199,267:267,10/04/24 22:03:55,STABLE BEAMS,6800,443345.247591928,428771.548998387,57.8,HFET
386594:10199,268:268,10/04/24 22:04:19,STABLE BEAMS,6800,442428.842590262,428011.263277298,57.7,HFET
386594:10199,269:269,10/04/24 22:04:42,STABLE BEAMS,6800,442162.134642762,427270.644860498,57.7,HFET
386594:10199,270:270,10/04/24 22:05:05,STABLE BEAMS,6800,441761.207891611,427305.748562680,57.7,HFET
386594:10199,271:271,10/04/24 22:05:29,STABLE BEAMS,6800,441550.408516601,427073.414689977,57.6,HFET
386594:10199,272:272,10/04/24 22:05:52,STABLE BEAMS,6800,441209.898642609,426851.097459036,57.6,HFET
386594:10199,273:273,10/04/24 22:06:15,STABLE BEAMS,6800,440662.051044296,426124.318651762,57.5,HFET
386594:10199,274:274,10/04/24 22:06:38,STABLE BEAMS,6800,440519.545258689,426021.424873006,57.4,HFET
386594:10199,275:275,10/04/24 22:07:02,STABLE BEAMS,6800,440277.968662091,425519.012314153,57.4,HFET
386594:10199,276:276,10/04/24 22:07:25,STABLE BEAMS,6800,439421.297531758,419142.786945843,57.4,HFET
386594:10199,277:277,10/04/24 22:07:48,STABLE BEAMS,6800,439119.623415673,424469.845432526,57.3,HFET
386594:10199,278:278,10/04/24 22:08:12,STABLE BEAMS,6800,439474.247966385,424924.270421612,57.3,HFET
386594:10199,279:279,10/04/24 22:08:35,STABLE BEAMS,6800,439197.796113240,425264.642762009,57.3,HFET
386594:10199,280:280,10/04/24 22:08:58,STABLE BEAMS,6800,439022.100440412,424600.786740643,57.3,HFET
386594:10199,281:281,10/04/24 22:09:22,STABLE BEAMS,6800,438814.716094534,419624.891153982,57.2,HFET
386594:10199,282:282,10/04/24 22:09:45,STABLE BEAMS,6800,438717.374943349,419693.275655422,57.2,HFET
386594:10199,283:283,10/04/24 22:10:08,STABLE BEAMS,6800,438515.955825832,419251.736864998,57.2,HFET
386594:10199,284:284,10/04/24 22:10:32,STABLE BEAMS,6800,438403.045405315,419213.129552724,57.2,HFET
386594:10199,285:285,10/04/24 22:10:55,STABLE BEAMS,6800,438084.205231533,418193.781819666,57.2,HFET
386594:10199,286:286,10/04/24 22:11:18,STABLE BEAMS,6800,437882.832735574,418366.381821035,57.1,HFET
386594:10199,287:287,10/04/24 22:11:41,STABLE BEAMS,6800,437462.145437016,417956.669237257,57.1,HFET
386594:10199,288:288,10/04/24 22:12:05,STABLE BEAMS,6800,437354.559198436,417769.499998977,57.0,HFET
386594:10199,289:289,10/04/24 22:12:28,STABLE BEAMS,6800,437364.349725640,411946.721478109,57.1,HFET
386594:10199,290:290,10/04/24 22:12:51,STABLE BEAMS,6800,437080.704166078,418487.534933027,57.0,HFET
386594:10199,291:291,10/04/24 22:13:15,STABLE BEAMS,6800,436308.397076229,416238.499314248,56.9,HFET
386594:10199,292:292,10/04/24 22:13:38,STABLE BEAMS,6800,436289.913959515,417998.237018471,56.9,HFET
386594:10199,293:293,10/04/24 22:14:01,STABLE BEAMS,6800,436561.584771875,329467.585926423,57.0,HFET
386594:10199,294:294,10/04/24 22:14:25,STABLE BEAMS,6800,436301.112457774,417463.364199782,56.9,HFET
386594:10199,295:295,10/04/24 22:14:48,STABLE BEAMS,6800,436024.252665995,417741.270645540,56.9,HFET
386594:10199,296:296,10/04/24 22:15:11,STABLE BEAMS,6800,436064.135077883,416334.019893589,56.9,HFET
386594:10199,297:297,10/04/24 22:15:35,STABLE BEAMS,6800,436014.737205984,417678.168366633,56.9,HFET
386594:10199,298:298,10/04/24 22:15:58,STABLE BEAMS,6800,435424.044395766,416977.842631433,56.9,HFET
386594:10199,299:299,10/04/24 22:16:21,STABLE BEAMS,6800,435100.698248393,415241.145301230,56.8,HFET
386594:10199,300:300,10/04/24 22:16:45,STABLE BEAMS,6800,435178.006116056,416737.450222411,56.7,HFET
386594:10199,301:301,10/04/24 22:17:08,STABLE BEAMS,6800,435067.235625057,416890.699946086,56.8,HFET
386594:10199,302:302,10/04/24 22:17:31,STABLE BEAMS,6800,434495.165796227,410564.830522694,56.7,HFET
386594:10199,303:303,10/04/24 22:17:54,STABLE BEAMS,6800,434158.434599519,416633.190432002,56.6,HFET
386594:10199,304:304,10/04/24 22:18:18,STABLE BEAMS,6800,434158.980071749,416602.138143221,56.7,HFET
386594:10199,305:305,10/04/24 22:18:41,STABLE BEAMS,6800,434011.238685166,416762.490661274,56.6,HFET
386594:10199,306:306,10/04/24 22:19:04,STABLE BEAMS,6800,433480.053631723,279729.735639169,56.6,HFET
386594:10199,307:307,10/04/24 22:19:28,STABLE BEAMS,6800,433099.796548361,247519.383671766,56.5,HFET
386594:10199,308:308,10/04/24 22:19:51,STABLE BEAMS,6800,433306.817246085,416083.156282614,56.5,HFET
386594:10199,309:309,10/04/24 22:20:14,STABLE BEAMS,6800,433190.125817205,415294.095735857,56.5,HFET
386594:10199,310:310,10/04/24 22:20:38,STABLE BEAMS,6800,433075.257291248,415741.688335603,56.5,HFET
386594:10199,311:311,10/04/24 22:21:01,STABLE BEAMS,6800,432846.520271754,415731.718315400,56.5,HFET
386594:10199,312:312,10/04/24 22:21:24,STABLE BEAMS,6800,432672.234901059,414419.211893847,56.4,HFET
386594:10199,313:313,10/04/24 22:21:48,STABLE BEAMS,6800,432254.006889691,414962.371694491,56.4,HFET
386594:10199,314:314,10/04/24 22:22:11,STABLE BEAMS,6800,432001.094261238,414387.798287990,56.3,HFET
386594:10199,315:315,10/04/24 22:22:34,STABLE BEAMS,6800,431788.427692826,408904.984168884,56.3,HFET
386594:10199,316:316,10/04/24 22:22:58,STABLE BEAMS,6800,431540.433638753,413873.958785244,56.3,HFET
386594:10199,317:317,10/04/24 22:23:21,STABLE BEAMS,6800,430586.603181312,413829.204420533,56.3,HFET
386594:10199,318:318,10/04/24 22:23:44,STABLE BEAMS,6800,430346.483508405,413596.597811716,56.1,HFET
386594:10199,319:319,10/04/24 22:24:07,STABLE BEAMS,6800,430677.114274233,413721.755715549,56.2,HFET
386594:10199,320:320,10/04/24 22:24:31,STABLE BEAMS,6800,430318.801958275,412461.607634835,56.2,HFET
386594:10199,321:321,10/04/24 22:24:54,STABLE BEAMS,6800,429854.908130735,412845.599105002,56.1,HFET
386594:10199,322:322,10/04/24 22:25:17,STABLE BEAMS,6800,429817.347472441,413263.552049177,56.0,HFET
386594:10199,323:323,10/04/24 22:25:41,STABLE BEAMS,6800,429936.906127145,413403.281520999,56.1,HFET
386594:10199,324:324,10/04/24 22:26:04,STABLE BEAMS,6800,429515.535822760,412049.752790462,56.1,HFET
386594:10199,325:325,10/04/24 22:26:27,STABLE BEAMS,6800,429054.283106488,412203.503695886,56.0,HFET
386594:10199,326:326,10/04/24 22:26:51,STABLE BEAMS,6800,429126.856554925,412757.817704308,55.9,HFET
386594:10199,327:327,10/04/24 22:27:14,STABLE BEAMS,6800,429180.308171302,412806.397367863,56.0,HFET
386594:10199,328:328,10/04/24 22:27:37,STABLE BEAMS,6800,429008.572999836,406667.923297307,56.0,HFET
386594:10199,329:329,10/04/24 22:28:01,STABLE BEAMS,6800,428947.883386562,412159.250512925,56.0,HFET
386594:10199,330:330,10/04/24 22:28:24,STABLE BEAMS,6800,428729.253920867,411542.426319383,55.9,HFET
386594:10199,331:331,10/04/24 22:28:47,STABLE BEAMS,6800,428463.047155117,412528.626124623,55.9,HFET
386594:10199,332:332,10/04/24 22:29:10,STABLE BEAMS,6800,428356.736016151,412424.454915175,55.9,HFET
386594:10199,333:333,10/04/24 22:29:34,STABLE BEAMS,6800,427926.398055064,412042.649996083,55.8,HFET
386594:10199,334:334,10/04/24 22:29:57,STABLE BEAMS,6800,427424.896947672,411194.312469263,55.8,HFET
386594:10199,335:335,10/04/24 22:30:20,STABLE BEAMS,6800,427068.906385308,411464.934296565,55.7,HFET
386594:10199,336:336,10/04/24 22:30:44,STABLE BEAMS,6800,426836.437310087,410729.826547935,55.7,HFET
386594:10199,337:337,10/04/24 22:31:07,STABLE BEAMS,6800,426261.043364163,410518.115721464,55.6,HFET
386594:10199,338:338,10/04/24 22:31:30,STABLE BEAMS,6800,425598.551023372,410392.913527151,55.5,HFET
386594:10199,339:339,10/04/24 22:31:54,STABLE BEAMS,6800,425992.195487147,410547.254195285,55.5,HFET
386594:10199,340:340,10/04/24 22:32:17,STABLE BEAMS,6800,425943.387377958,410152.747232685,55.6,HFET
386594:10199,341:341,10/04/24 22:32:40,STABLE BEAMS,6800,425518.103193770,403251.572444330,55.5,HFET
386594:10199,342:342,10/04/24 22:33:04,STABLE BEAMS,6800,425202.496225044,410005.052467660,55.5,HFET
386594:10199,343:343,10/04/24 22:33:27,STABLE BEAMS,6800,424806.576629233,409058.142980520,55.4,HFET
386594:10199,344:344,10/04/24 22:33:50,STABLE BEAMS,6800,424355.249642683,408085.736163249,55.4,HFET
386594:10199,345:345,10/04/24 22:34:14,STABLE BEAMS,6800,423366.180280541,408252.965361124,55.3,HFET
386594:10199,346:346,10/04/24 22:34:37,STABLE BEAMS,6800,422853.981856640,311668.689530326,55.2,HFET
386594:10199,347:347,10/04/24 22:35:00,STABLE BEAMS,6800,421986.883814835,407265.898394903,55.1,HFET
386594:10199,348:348,10/04/24 22:35:23,STABLE BEAMS,6800,421236.887471621,406136.327974153,55.0,HFET
386594:10199,349:349,10/04/24 22:35:47,STABLE BEAMS,6800,419885.270224967,405719.556886477,54.8,HFET
386594:10199,350:350,10/04/24 22:36:10,STABLE BEAMS,6800,419907.716174121,405455.807076840,54.7,HFET
386594:10199,351:351,10/04/24 22:36:33,STABLE BEAMS,6800,420311.330658098,402692.843374354,54.8,HFET
386594:10199,352:352,10/04/24 22:36:57,STABLE BEAMS,6800,419822.988485483,402223.075230492,54.8,HFET
386594:10199,353:353,10/04/24 22:37:20,STABLE BEAMS,6800,419466.860389523,400680.011217601,54.7,HFET
386594:10199,354:354,10/04/24 22:37:43,STABLE BEAMS,6800,420115.328965633,396568.299825363,54.7,HFET
386594:10199,355:355,10/04/24 22:38:07,STABLE BEAMS,6800,420540.932507494,402955.681732530,54.9,HFET
386594:10199,356:356,10/04/24 22:38:30,STABLE BEAMS,6800,421024.311815248,401763.962443737,54.8,HFET
386594:10199,357:357,10/04/24 22:38:53,STABLE BEAMS,6800,421119.832394588,403197.666267762,54.9,HFET
386594:10199,358:358,10/04/24 22:39:17,STABLE BEAMS,6800,421637.996046850,403662.243101128,54.9,HFET
386594:10199,359:359,10/04/24 22:39:40,STABLE BEAMS,6800,421482.242745504,403430.547943772,55.0,HFET
386594:10199,360:360,10/04/24 22:40:03,STABLE BEAMS,6800,421912.718240188,403341.992625213,55.0,HFET
386594:10199,361:361,10/04/24 22:40:27,STABLE BEAMS,6800,421955.696323535,403908.873474625,55.0,HFET
386594:10199,362:362,10/04/24 22:40:50,STABLE BEAMS,6800,421946.726335754,403460.460335457,55.0,HFET
386594:10199,363:363,10/04/24 22:41:13,STABLE BEAMS,6800,421802.628423937,403202.174572431,55.0,HFET
386594:10199,364:364,10/04/24 22:41:36,STABLE BEAMS,6800,421550.899983060,403290.226378162,55.0,HFET
386594:10199,365:365,10/04/24 22:42:00,STABLE BEAMS,6800,421210.844669259,402894.353403910,55.0,HFET
386594:10199,366:366,10/04/24 22:42:23,STABLE BEAMS,6800,420915.725544246,401718.205715527,54.9,HFET
386594:10199,367:367,10/04/24 22:42:46,STABLE BEAMS,6800,420835.459538720,396944.869143478,54.9,HFET
386594:10199,368:368,10/04/24 22:43:10,STABLE BEAMS,6800,420446.141555538,401944.122130754,54.9,HFET
386594:10199,369:369,10/04/24 22:43:33,STABLE BEAMS,6800,419673.060547824,401090.089780610,54.8,HFET
386594:10199,370:370,10/04/24 22:43:56,STABLE BEAMS,6800,419208.075775825,401595.325274807,54.7,HFET
386594:10199,371:371,10/04/24 22:44:20,STABLE BEAMS,6800,419643.511804292,401678.003945965,54.7,HFET
386594:10199,372:372,10/04/24 22:44:43,STABLE BEAMS,6800,419495.998863343,401757.635898301,54.7,HFET
386594:10199,373:373,10/04/24 22:45:06,STABLE BEAMS,6800,419310.652527986,401329.890095845,54.7,HFET
386594:10199,374:374,10/04/24 22:45:30,STABLE BEAMS,6800,418579.092679928,398673.235201247,54.7,HFET
386594:10199,375:375,10/04/24 22:45:53,STABLE BEAMS,6800,418678.482848592,400106.165107407,54.6,HFET
386594:10199,376:376,10/04/24 22:46:16,STABLE BEAMS,6800,418826.816328963,377070.814560665,54.6,HFET
386594:10199,377:377,10/04/24 22:46:39,STABLE BEAMS,6800,418881.678247473,363746.790514808,54.6,HFET
386594:10199,378:378,10/04/24 22:47:03,STABLE BEAMS,6800,418546.632420091,400202.641428689,54.6,HFET
386594:10199,379:379,10/04/24 22:47:26,STABLE BEAMS,6800,418237.354327879,398728.325565392,54.6,HFET
386594:10199,380:380,10/04/24 22:47:49,STABLE BEAMS,6800,418051.003297944,394725.655004347,54.5,HFET
386594:10199,381:381,10/04/24 22:48:13,STABLE BEAMS,6800,417708.626230549,400215.117357640,54.5,HFET
386594:10199,382:382,10/04/24 22:48:36,STABLE BEAMS,6800,417024.100541393,399774.352485080,54.5,HFET
386594:10199,383:383,10/04/24 22:48:59,STABLE BEAMS,6800,416727.981383958,399606.533524495,54.4,HFET
386594:10199,384:384,10/04/24 22:49:23,STABLE BEAMS,6800,416721.288859291,399656.658692701,54.4,HFET
386594:10199,385:385,10/04/24 22:49:46,STABLE BEAMS,6800,416226.662100643,399798.346269963,54.3,HFET
386594:10199,386:386,10/04/24 22:50:09,STABLE BEAMS,6800,415281.437982829,398528.363371565,54.2,HFET
386594:10199,387:387,10/04/24 22:50:33,STABLE BEAMS,6800,415598.546165727,399024.719790020,54.2,HFET
386594:10199,388:388,10/04/24 22:50:56,STABLE BEAMS,6800,415911.740468821,399437.437133218,54.3,HFET
386594:10199,389:389,10/04/24 22:51:19,STABLE BEAMS,6800,415695.796404874,398703.877220317,54.2,HFET
386594:10199,390:390,10/04/24 22:51:43,STABLE BEAMS,6800,415156.734639188,398757.100391059,54.2,HFET
386594:10199,391:391,10/04/24 22:52:06,STABLE BEAMS,6800,414692.295339418,398394.053655875,54.0,HFET
386594:10199,392:392,10/04/24 22:52:29,STABLE BEAMS,6800,414933.916226497,397958.888032444,54.1,HFET
386594:10199,393:393,10/04/24 22:52:52,STABLE BEAMS,6800,414392.395173620,392636.382140911,54.1,HFET
386594:10199,394:394,10/04/24 22:53:16,STABLE BEAMS,6800,413965.015350395,397818.296061798,54.0,HFET
386594:10199,395:395,10/04/24 22:53:39,STABLE BEAMS,6800,413416.347212660,397177.158725700,54.0,HFET
386594:10199,396:396,10/04/24 22:54:02,STABLE BEAMS,6800,412796.837617371,397099.531500364,53.9,HFET
386594:10199,397:397,10/04/24 22:54:26,STABLE BEAMS,6800,411715.434259386,396051.320360678,53.8,HFET
386594:10199,398:398,10/04/24 22:54:49,STABLE BEAMS,6800,411082.721438840,395183.084752854,53.6,HFET
386594:10199,399:399,10/04/24 22:55:12,STABLE BEAMS,6800,411789.874901226,394427.988011183,53.7,HFET
386594:10199,400:400,10/04/24 22:55:36,STABLE BEAMS,6800,411451.003775001,396000.647389164,53.7,HFET
386594:10199,401:401,10/04/24 22:55:59,STABLE BEAMS,6800,410759.601406024,394490.591439417,53.6,HFET
386594:10199,402:402,10/04/24 22:56:22,STABLE BEAMS,6800,411003.590668254,394804.967599010,53.6,HFET
386594:10199,403:403,10/04/24 22:56:46,STABLE BEAMS,6800,412533.451455888,396512.710610547,53.8,HFET
386594:10199,404:404,10/04/24 22:57:09,STABLE BEAMS,6800,412203.685519962,396679.981767824,53.7,HFET
386594:10199,405:405,10/04/24 22:57:32,STABLE BEAMS,6800,412076.205862535,396389.098211365,53.7,HFET
386594:10199,406:406,10/04/24 22:57:56,STABLE BEAMS,6800,411800.527927255,390648.683666137,53.7,HFET
386594:10199,407:407,10/04/24 22:58:19,STABLE BEAMS,6800,411043.291256066,395385.778969986,53.5,HFET
386594:10199,408:408,10/04/24 22:58:42,STABLE BEAMS,6800,412102.430488974,396421.971071990,53.7,HFET
386594:10199,409:409,10/04/24 22:59:05,STABLE BEAMS,6800,411831.079034287,395791.258316287,53.7,HFET
386594:10199,410:410,10/04/24 22:59:29,STABLE BEAMS,6800,412146.410935820,396280.875588516,53.7,HFET
386594:10199,411:411,10/04/24 22:59:52,STABLE BEAMS,6800,411186.936938769,318481.721600912,53.7,HFET
386594:10199,412:412,10/04/24 23:00:15,STABLE BEAMS,6800,409969.083935576,226729.879363012,53.6,HFET
386594:10199,413:413,10/04/24 23:00:39,STABLE BEAMS,6800,409750.044200169,394555.651823765,53.5,HFET
386594:10199,414:414,10/04/24 23:01:02,STABLE BEAMS,6800,410505.504589994,394037.077901792,53.5,HFET
386594:10199,415:415,10/04/24 23:01:25,STABLE BEAMS,6800,410945.451254209,393461.411219753,53.5,HFET
386594:10199,416:416,10/04/24 23:01:49,STABLE BEAMS,6800,409946.637986422,394649.258588145,53.5,HFET
386594:10199,417:417,10/04/24 23:02:12,STABLE BEAMS,6800,409516.983031161,391356.429222311,53.4,HFET
386594:10199,418:418,10/04/24 23:02:35,STABLE BEAMS,6800,408857.905719501,393276.974004779,53.3,HFET
386594:10199,419:419,10/04/24 23:02:59,STABLE BEAMS,6800,409261.702027555,388562.459852602,53.3,HFET
386594:10199,420:420,10/04/24 23:03:22,STABLE BEAMS,6800,409740.165092005,394671.748827779,53.5,HFET
386594:10199,421:421,10/04/24 23:03:45,STABLE BEAMS,6800,409472.865050718,394324.593050677,53.4,HFET
386594:10199,422:422,10/04/24 23:04:08,STABLE BEAMS,6800,409284.877604093,394178.900681573,53.4,HFET
386594:10199,423:423,10/04/24 23:04:32,STABLE BEAMS,6800,408668.323815589,333337.993458178,53.4,HFET
386594:10199,424:424,10/04/24 23:04:55,STABLE BEAMS,6800,408278.460360178,393640.293476078,53.3,HFET
386594:10199,425:425,10/04/24 23:05:18,STABLE BEAMS,6800,408312.699232456,392860.976834967,53.2,HFET
386594:10199,426:426,10/04/24 23:05:42,STABLE BEAMS,6800,408059.467246330,393608.059330799,53.2,HFET
386594:10199,427:427,10/04/24 23:06:05,STABLE BEAMS,6800,407396.839703020,392948.574080506,53.2,HFET
386594:10199,428:428,10/04/24 23:06:28,STABLE BEAMS,6800,406989.584075355,392658.781468507,53.1,HFET
386594:10199,429:429,10/04/24 23:06:52,STABLE BEAMS,6800,407021.181836366,392670.938039785,53.1,HFET
386594:10199,430:430,10/04/24 23:07:15,STABLE BEAMS,6800,406581.463617786,391411.563876936,53.1,HFET
386594:10199,431:431,10/04/24 23:07:38,STABLE BEAMS,6800,406151.398392813,392033.350935338,53.0,HFET
386594:10199,432:432,10/04/24 23:08:02,STABLE BEAMS,6800,406189.779590530,386422.465065017,53.0,HFET
386594:10199,433:433,10/04/24 23:08:25,STABLE BEAMS,6800,406510.438005078,391637.568873124,53.0,HFET
386594:10199,434:434,10/04/24 23:08:48,STABLE BEAMS,6800,406363.379624321,391901.638040434,53.0,HFET
386594:10199,435:435,10/04/24 23:09:12,STABLE BEAMS,6800,406456.942098221,392155.187053156,53.0,HFET
386594:10199,436:436,10/04/24 23:09:35,STABLE BEAMS,6800,406473.240994937,392125.684931182,53.0,HFET
386594:10199,437:437,10/04/24 23:09:58,STABLE BEAMS,6800,406427.439976247,392269.008925134,53.0,HFET
386594:10199,438:438,10/04/24 23:10:21,STABLE BEAMS,6800,406294.769008324,391288.772017177,53.0,HFET
386594:10199,439:439,10/04/24 23:10:45,STABLE BEAMS,6800,406042.038203947,391283.263680086,53.0,HFET
386594:10199,440:440,10/04/24 23:11:08,STABLE BEAMS,6800,406336.882261767,391613.985357953,52.9,HFET
386594:10199,441:441,10/04/24 23:11:31,STABLE BEAMS,6800,405462.317777430,390253.857345865,52.9,HFET
386594:10199,442:442,10/04/24 23:11:55,STABLE BEAMS,6800,404993.962266779,390190.890269477,52.8,HFET
386594:10199,443:443,10/04/24 23:12:18,STABLE BEAMS,6800,404815.170922492,390046.200263872,52.8,HFET
386594:10199,444:444,10/04/24 23:12:41,STABLE BEAMS,6800,404720.972064324,390099.148367421,52.8,HFET
386594:10199,445:445,10/04/24 23:13:05,STABLE BEAMS,6800,404020.236059413,384299.999983282,52.8,HFET
386594:10199,446:446,10/04/24 23:13:28,STABLE BEAMS,6800,403254.395379674,388975.724999109,52.6,HFET
386594:10199,447:447,10/04/24 23:13:51,STABLE BEAMS,6800,403759.630873871,389332.762215452,52.6,HFET
386594:10199,448:448,10/04/24 23:14:15,STABLE BEAMS,6800,403960.595431196,390108.710448990,52.7,HFET
386594:10199,449:449,10/04/24 23:14:38,STABLE BEAMS,6800,403769.055421843,390028.943294136,52.7,HFET
386594:10199,450:450,10/04/24 23:15:01,STABLE BEAMS,6800,403535.127091854,389281.177792478,52.6,HFET
386594:10199,451:451,10/04/24 23:15:25,STABLE BEAMS,6800,403244.653805106,389181.423975661,52.6,HFET
386594:10199,452:452,10/04/24 23:15:48,STABLE BEAMS,6800,403066.727290722,389729.819377281,52.6,HFET
386594:10199,453:453,10/04/24 23:16:11,STABLE BEAMS,6800,403379.965884296,386812.967235775,52.6,HFET
386594:10199,454:454,10/04/24 23:16:34,STABLE BEAMS,6800,403265.276851338,389743.113514577,52.6,HFET
386594:10199,455:455,10/04/24 23:16:58,STABLE BEAMS,6800,403068.592153047,389539.097576273,52.6,HFET
386594:10199,456:456,10/04/24 23:17:21,STABLE BEAMS,6800,402664.616351994,389114.543019469,52.5,HFET
386594:10199,457:457,10/04/24 23:17:44,STABLE BEAMS,6800,402197.169961726,175096.788377064,52.5,HFET
386594:10199,458:458,10/04/24 23:18:08,STABLE BEAMS,6800,402134.613155050,382470.287982487,52.4,HFET
386594:10199,459:459,10/04/24 23:18:31,STABLE BEAMS,6800,402005.219682662,388892.999706392,52.4,HFET
386594:10199,460:460,10/04/24 23:18:54,STABLE BEAMS,6800,401481.365869233,388369.779946153,52.4,HFET
386594:10199,461:461,10/04/24 23:19:18,STABLE BEAMS,6800,401115.997380454,297633.870878395,52.3,HFET
386594:10199,462:462,10/04/24 23:19:41,STABLE BEAMS,6800,401210.697420372,387733.743008514,52.3,HFET
386594:10199,463:463,10/04/24 23:20:04,STABLE BEAMS,6800,401006.819015664,387731.330342881,52.3,HFET
386594:10199,464:464,10/04/24 23:20:28,STABLE BEAMS,6800,400326.843590581,386937.943315531,52.3,HFET
386594:10199,465:465,10/04/24 23:20:51,STABLE BEAMS,6800,400012.285606912,386707.886905943,52.2,HFET
386594:10199,466:466,10/04/24 23:21:14,STABLE BEAMS,6800,400568.056539026,387451.053190893,52.2,HFET
386594:10199,467:467,10/04/24 23:21:37,STABLE BEAMS,6800,400384.712599589,387388.771451410,52.2,HFET
386594:10199,468:468,10/04/24 23:22:01,STABLE BEAMS,6800,400301.940685314,387254.916295910,52.2,HFET
386594:10199,469:469,10/04/24 23:22:24,STABLE BEAMS,6800,400162.439659128,386499.318372489,52.2,HFET
386594:10199,470:470,10/04/24 23:22:47,STABLE BEAMS,6800,400069.606812612,386631.534780221,52.2,HFET
386594:10199,471:471,10/04/24 23:23:11,STABLE BEAMS,6800,399808.178756569,380565.769360621,52.2,HFET
386594:10199,472:472,10/04/24 23:23:34,STABLE BEAMS,6800,399587.045713204,386648.334858687,52.1,HFET
386594:10199,473:473,10/04/24 23:23:57,STABLE BEAMS,6800,399494.623136400,386665.498585306,52.1,HFET
386594:10199,474:474,10/04/24 23:24:21,STABLE BEAMS,6800,399236.290751816,386277.865971450,52.1,HFET
386594:10199,475:475,10/04/24 23:24:44,STABLE BEAMS,6800,398656.071474628,385329.455270140,52.1,HFET
386594:10199,476:476,10/04/24 23:25:07,STABLE BEAMS,6800,398162.722146672,385129.537366794,51.9,HFET
386594:10199,477:477,10/04/24 23:25:31,STABLE BEAMS,6800,398372.745272739,385671.739094418,51.9,HFET
386594:10199,478:478,10/04/24 23:25:54,STABLE BEAMS,6800,398197.049599911,385562.880087302,52.0,HFET
386594:10199,479:479,10/04/24 23:26:17,STABLE BEAMS,6800,397616.510965049,384981.385710499,51.9,HFET
386594:10199,480:480,10/04/24 23:26:41,STABLE BEAMS,6800,397244.722687718,383564.481964940,51.8,HFET
386594:10199,481:481,10/04/24 23:27:04,STABLE BEAMS,6800,397585.370095307,384076.454274285,51.8,HFET
386594:10199,482:482,10/04/24 23:27:27,STABLE BEAMS,6800,397327.312777916,384217.822493874,51.8,HFET
386594:10199,483:483,10/04/24 23:27:50,STABLE BEAMS,6800,396923.197112189,382653.450097847,51.8,HFET
386594:10199,484:484,10/04/24 23:28:14,STABLE BEAMS,6800,396608.820952597,378123.030492193,51.7,HFET
386594:10199,485:485,10/04/24 23:28:37,STABLE BEAMS,6800,396782.194871831,384064.707972718,51.8,HFET
386594:10199,486:486,10/04/24 23:29:00,STABLE BEAMS,6800,396590.200302287,383204.211543542,51.7,HFET
386594:10199,487:487,10/04/24 23:29:24,STABLE BEAMS,6800,396364.922602405,383677.758364689,51.7,HFET
386594:10199,488:488,10/04/24 23:29:47,STABLE BEAMS,6800,396009.570755387,382947.792973918,51.7,HFET
386594:10199,489:489,10/04/24 23:30:10,STABLE BEAMS,6800,394070.358701051,381654.979498512,51.6,HFET
386594:10199,490:490,10/04/24 23:30:34,STABLE BEAMS,6800,392075.967701610,380047.400573504,51.2,HFET
386594:10199,491:491,10/04/24 23:30:57,STABLE BEAMS,6800,390478.769066515,378734.917462730,51.0,HFET
386594:10199,492:492,10/04/24 23:31:20,STABLE BEAMS,6800,388022.395723417,376541.200653731,50.8,HFET
386594:10199,493:493,10/04/24 23:31:44,STABLE BEAMS,6800,386972.956105674,375655.139293163,50.5,HFET
386594:10199,494:494,10/04/24 23:32:07,STABLE BEAMS,6800,387566.150162486,375873.792069636,50.5,HFET
386594:10199,495:495,10/04/24 23:32:30,STABLE BEAMS,6800,387368.374519735,375338.576582495,50.5,HFET
386594:10199,496:496,10/04/24 23:32:53,STABLE BEAMS,6800,387013.020341639,375644.052686643,50.5,HFET
386594:10199,497:497,10/04/24 23:33:17,STABLE BEAMS,6800,386888.771558189,370036.854581569,50.5,HFET
386594:10199,498:498,10/04/24 23:33:40,STABLE BEAMS,6800,386950.645359039,375208.523415060,50.5,HFET
386594:10199,499:499,10/04/24 23:34:03,STABLE BEAMS,6800,386591.787570851,374644.262697214,50.5,HFET
386594:10199,500:500,10/04/24 23:34:27,STABLE BEAMS,6800,386031.144685914,374778.367278049,50.4,HFET
386594:10199,501:501,10/04/24 23:34:50,STABLE BEAMS,6800,385857.407118527,374527.342822699,50.3,HFET
386594:10199,502:502,10/04/24 23:35:13,STABLE BEAMS,6800,385595.160854139,373669.375613050,50.3,HFET
386594:10199,503:503,10/04/24 23:35:37,STABLE BEAMS,6800,385098.303253936,374101.718301137,50.3,HFET
386594:10199,504:504,10/04/24 23:36:00,STABLE BEAMS,6800,384485.348649718,373580.069687406,50.2,HFET
386594:10199,505:505,10/04/24 23:36:23,STABLE BEAMS,6800,384551.458019123,372939.114175386,50.1,HFET
386594:10199,506:506,10/04/24 23:36:47,STABLE BEAMS,6800,384551.138661450,372923.498284496,50.2,HFET
386594:10199,507:507,10/04/24 23:37:10,STABLE BEAMS,6800,384001.740896330,373078.591890793,50.1,HFET
386594:10199,508:508,10/04/24 23:37:33,STABLE BEAMS,6800,383738.266153886,372674.660380221,50.0,HFET
386594:10199,509:509,10/04/24 23:37:57,STABLE BEAMS,6800,384345.348772859,373177.504188487,50.0,HFET
386594:10199,510:510,10/04/24 23:38:20,STABLE BEAMS,6800,384362.330675402,367287.024172004,50.1,HFET
386594:10199,511:511,10/04/24 23:38:43,STABLE BEAMS,6800,384627.625989690,373458.872284935,50.1,HFET
386594:10199,512:512,10/04/24 23:39:06,STABLE BEAMS,6800,384564.570332342,373287.524072401,50.2,HFET
386594:10199,513:513,10/04/24 23:39:30,STABLE BEAMS,6800,384560.199561269,372909.110871662,50.2,HFET
386594:10199,514:514,10/04/24 23:39:53,STABLE BEAMS,6800,384391.378237185,373336.423093628,50.1,HFET
386594:10199,515:515,10/04/24 23:40:16,STABLE BEAMS,6800,384112.056827138,371982.644937755,50.1,HFET
386594:10199,516:516,10/04/24 23:40:40,STABLE BEAMS,6800,383919.561075844,372953.979459190,50.1,HFET
386594:10199,517:517,10/04/24 23:41:03,STABLE BEAMS,6800,383517.907028385,372479.227470766,50.0,HFET
386594:10199,518:518,10/04/24 23:41:26,STABLE BEAMS,6800,383552.372015221,372008.937165453,50.0,HFET
386594:10199,519:519,10/04/24 23:41:50,STABLE BEAMS,6800,383413.735818937,372515.105090812,50.0,HFET
386594:10199,520:520,10/04/24 23:42:13,STABLE BEAMS,6800,382876.904894807,371387.900714136,50.0,HFET
386594:10199,521:521,10/04/24 23:42:36,STABLE BEAMS,6800,382623.446794123,371843.894518654,49.9,HFET
386594:10199,522:522,10/04/24 23:43:00,STABLE BEAMS,6800,382936.638766139,372104.548656832,49.9,HFET
386594:10199,523:523,10/04/24 23:43:23,STABLE BEAMS,6800,382770.686998957,366512.737997013,49.9,HFET
386594:10199,524:524,10/04/24 23:43:46,STABLE BEAMS,6800,382585.429244560,371759.826525064,49.9,HFET
386594:10199,525:525,10/04/24 23:44:10,STABLE BEAMS,6800,382324.276255710,371555.493560164,49.9,HFET
386594:10199,526:526,10/04/24 23:44:33,STABLE BEAMS,6800,382009.671650483,371174.439248158,49.8,HFET
386594:10199,527:527,10/04/24 23:44:56,STABLE BEAMS,6800,381949.392306920,91145.225834508,49.8,HFET
386594:10199,528:528,10/04/24 23:45:19,STABLE BEAMS,6800,381925.715548632,360131.594054322,49.8,HFET
386594:10199,529:529,10/04/24 23:45:43,STABLE BEAMS,6800,381624.633526336,369898.857100631,49.8,HFET
386594:10199,530:530,10/04/24 23:46:06,STABLE BEAMS,6800,381204.629233604,369480.377332850,49.7,HFET
386594:10199,531:531,10/04/24 23:46:29,STABLE BEAMS,6800,381083.431831133,369279.140039409,49.7,HFET
386594:10199,532:532,10/04/24 23:46:53,STABLE BEAMS,6800,380913.997433559,315125.810935873,49.7,HFET
386594:10199,533:533,10/04/24 23:47:16,STABLE BEAMS,6800,380481.927481588,115004.638995192,49.7,HFET
386594:10199,534:534,10/04/24 23:47:39,STABLE BEAMS,6800,380325.582086455,368204.704273284,49.6,HFET
386594:10199,535:535,10/04/24 23:48:03,STABLE BEAMS,6800,380183.826907933,368663.954593636,49.6,HFET
386594:10199,536:536,10/04/24 23:48:26,STABLE BEAMS,6800,379940.702475605,368855.380380171,49.6,HFET
386594:10199,537:537,10/04/24 23:48:49,STABLE BEAMS,6800,379234.299620305,362767.192322197,49.5,HFET
386594:10199,538:538,10/04/24 23:49:13,STABLE BEAMS,6800,378974.193285435,338482.255808732,49.4,HFET
386594:10199,539:539,10/04/24 23:49:36,STABLE BEAMS,6800,379027.006186466,305078.340669913,49.4,HFET
386594:10199,540:540,10/04/24 23:49:59,STABLE BEAMS,6800,378647.115082335,366538.985934231,49.4,HFET
386594:10199,541:541,10/04/24 23:50:22,STABLE BEAMS,6800,377812.752367559,366173.479911855,49.3,HFET
386594:10199,542:542,10/04/24 23:50:46,STABLE BEAMS,6800,377945.332423444,367062.522721065,49.3,HFET
386594:10199,543:543,10/04/24 23:51:09,STABLE BEAMS,6800,378367.658469770,367046.540850943,49.3,HFET
386594:10199,544:544,10/04/24 23:51:32,STABLE BEAMS,6800,378266.834688194,274279.246577381,49.3,HFET
386594:10199,545:545,10/04/24 23:51:56,STABLE BEAMS,6800,378146.000933875,367320.829463792,49.3,HFET
386594:10199,546:546,10/04/24 23:52:19,STABLE BEAMS,6800,377703.688225586,366949.132098499,49.3,HFET
386594:10199,547:547,10/04/24 23:52:42,STABLE BEAMS,6800,377562.299026296,366440.756642364,49.2,HFET
386594:10199,548:548,10/04/24 23:53:06,STABLE BEAMS,6800,378039.144322679,366477.179734640,49.2,HFET
386594:10199,549:549,10/04/24 23:53:29,STABLE BEAMS,6800,378014.810200422,367155.241344763,49.3,HFET
386594:10199,550:550,10/04/24 23:53:52,STABLE BEAMS,6800,378012.966317799,367082.008201278,49.3,HFET
386594:10199,551:551,10/04/24 23:54:16,STABLE BEAMS,6800,377707.716328207,361578.867082835,49.3,HFET
386594:10199,552:552,10/04/24 23:54:39,STABLE BEAMS,6800,377418.881789228,366777.285035293,49.2,HFET
386594:10199,553:553,10/04/24 23:55:02,STABLE BEAMS,6800,377273.553068277,365068.448748219,49.2,HFET
386594:10199,554:554,10/04/24 23:55:26,STABLE BEAMS,6800,377343.737161860,365967.690023265,49.2,HFET
386594:10199,555:555,10/04/24 23:55:49,STABLE BEAMS,6800,377102.002051965,366367.546809658,49.2,HFET
386594:10199,556:556,10/04/24 23:56:12,STABLE BEAMS,6800,376643.115379766,365308.318995790,49.1,HFET
386594:10199,557:557,10/04/24 23:56:35,STABLE BEAMS,6800,376553.946987719,365857.576896235,49.1,HFET
386594:10199,558:558,10/04/24 23:56:59,STABLE BEAMS,6800,376358.355564966,365616.820839060,49.1,HFET
386594:10199,559:559,10/04/24 23:57:22,STABLE BEAMS,6800,375966.920963046,365364.863952548,49.1,HFET
386594:10199,560:560,10/04/24 23:57:45,STABLE BEAMS,6800,375642.777587029,365136.833249659,49.0,HFET
386594:10199,561:561,10/04/24 23:58:09,STABLE BEAMS,6800,375603.009397958,364465.147137608,49.0,HFET
386594:10199,562:562,10/04/24 23:58:32,STABLE BEAMS,6800,375532.620169519,364856.807854085,49.0,HFET
386594:10199,563:563,10/04/24 23:58:55,STABLE BEAMS,6800,375080.088015691,363938.377145719,49.0,HFET
386594:10199,564:564,10/04/24 23:59:19,STABLE BEAMS,6800,374833.501932674,357972.116117601,48.9,HFET
386594:10199,565:565,10/04/24 23:59:42,STABLE BEAMS,6800,375274.336737571,364615.960884871,48.9,HFET
386594:10199,566:566,10/05/24 00:00:05,STABLE BEAMS,6800,375297.943563521,364799.600871202,49.0,HFET
386594:10199,567:567,10/05/24 00:00:29,STABLE BEAMS,6800,375139.297394495,364507.327992311,48.9,HFET
386594:10199,568:568,10/05/24 00:00:52,STABLE BEAMS,6800,374940.722192023,363869.878421461,48.9,HFET
386594:10199,569:569,10/05/24 00:01:15,STABLE BEAMS,6800,374580.498392182,364046.734971086,48.9,HFET
386594:10199,570:570,10/05/24 00:01:39,STABLE BEAMS,6800,374480.199103135,363608.634520573,48.8,HFET
386594:10199,571:571,10/05/24 00:02:02,STABLE BEAMS,6800,374519.603644052,364074.598345293,48.9,HFET
386594:10199,572:572,10/05/24 00:02:25,STABLE BEAMS,6800,374130.833464178,363289.773367090,48.8,HFET
386594:10199,573:573,10/05/24 00:02:48,STABLE BEAMS,6800,373608.891134632,363238.007120039,48.7,HFET
386594:10199,574:574,10/05/24 00:03:12,STABLE BEAMS,6800,373757.245594704,363264.276036958,48.7,HFET
386594:10199,575:575,10/05/24 00:03:35,STABLE BEAMS,6800,373682.578838308,362865.785262217,48.8,HFET
386594:10199,576:576,10/05/24 00:03:58,STABLE BEAMS,6800,373619.567471440,362732.249464391,48.7,HFET
386594:10199,577:577,10/05/24 00:04:22,STABLE BEAMS,6800,373506.587118586,290154.320695475,48.7,HFET
386594:10199,578:578,10/05/24 00:04:45,STABLE BEAMS,6800,373158.268133609,300104.608323548,48.7,HFET
386594:10199,579:579,10/05/24 00:05:08,STABLE BEAMS,6800,372984.894214375,362512.368209861,48.6,HFET
386594:10199,580:580,10/05/24 00:05:32,STABLE BEAMS,6800,372982.800906416,362664.753103633,48.7,HFET
386594:10199,581:581,10/05/24 00:05:55,STABLE BEAMS,6800,372715.477554349,362406.444029828,48.6,HFET
386594:10199,582:582,10/05/24 00:06:18,STABLE BEAMS,6800,372063.684861145,361831.824001769,48.5,HFET
386594:10199,583:583,10/05/24 00:06:42,STABLE BEAMS,6800,372073.337854753,361346.351386056,48.5,HFET
386594:10199,584:584,10/05/24 00:07:05,STABLE BEAMS,6800,372204.619500244,361634.708054065,48.6,HFET
386594:10199,585:585,10/05/24 00:07:28,STABLE BEAMS,6800,372050.961837936,361839.108620224,48.5,HFET
386594:10199,586:586,10/05/24 00:07:51,STABLE BEAMS,6800,371679.740012537,361502.354112737,48.5,HFET
386594:10199,587:587,10/05/24 00:08:15,STABLE BEAMS,6800,371559.339838709,360874.557535494,48.5,HFET
386594:10199,588:588,10/05/24 00:08:38,STABLE BEAMS,6800,371518.545975360,348118.736060222,48.5,HFET
386594:10199,589:589,10/05/24 00:09:01,STABLE BEAMS,6800,371165.993752906,360806.128743573,48.4,HFET
386594:10199,590:590,10/05/24 00:09:25,STABLE BEAMS,6800,370853.347253120,355523.549554409,48.4,HFET
386594:10199,591:591,10/05/24 00:09:48,STABLE BEAMS,6800,370894.276318988,263606.119663695,48.4,HFET
386594:10199,592:592,10/05/24 00:10:11,STABLE BEAMS,6800,370745.966149395,360758.915091672,48.3,HFET
386594:10199,593:593,10/05/24 00:10:35,STABLE BEAMS,6800,370294.685784403,360333.947934079,48.3,HFET
386594:10199,594:594,10/05/24 00:10:58,STABLE BEAMS,6800,370009.331544737,359965.709888398,48.3,HFET
386594:10199,595:595,10/05/24 00:11:21,STABLE BEAMS,6800,370163.583631911,360023.259539733,48.3,HFET
386594:10199,596:596,10/05/24 00:11:45,STABLE BEAMS,6800,370155.229048697,360055.516995792,48.3,HFET
386594:10199,597:597,10/05/24 00:12:08,STABLE BEAMS,6800,369556.412431977,358889.863820140,48.2,HFET
386594:10199,598:598,10/05/24 00:12:31,STABLE BEAMS,6800,369454.313550786,359350.524442625,48.2,HFET
386594:10199,599:599,10/05/24 00:12:55,STABLE BEAMS,6800,369748.656426857,357754.509995107,48.2,HFET
386594:10199,600:600,10/05/24 00:13:18,STABLE BEAMS,6800,369544.232549920,359487.929829775,48.2,HFET
386594:10199,601:601,10/05/24 00:13:41,STABLE BEAMS,6800,369395.763867030,358960.318318761,48.2,HFET
386594:10199,602:602,10/05/24 00:14:05,STABLE BEAMS,6800,369042.276882336,359074.641372489,48.2,HFET
386594:10199,603:603,10/05/24 00:14:28,STABLE BEAMS,6800,368687.514798028,353203.329809624,48.1,HFET
386594:10199,604:604,10/05/24 00:14:51,STABLE BEAMS,6800,368813.584153323,359003.639070560,48.1,HFET
386594:10199,605:605,10/05/24 00:15:14,STABLE BEAMS,6800,368694.846038042,358756.304711535,48.1,HFET
386594:10199,606:606,10/05/24 00:15:38,STABLE BEAMS,6800,368351.944478118,357805.434723034,48.1,HFET
386594:10199,607:607,10/05/24 00:16:01,STABLE BEAMS,6800,368224.623333988,358280.163400679,48.0,HFET
386594:10199,608:608,10/05/24 00:16:24,STABLE BEAMS,6800,368315.999256812,358381.283229149,48.0,HFET
386594:10199,609:609,10/05/24 00:16:48,STABLE BEAMS,6800,368095.754354129,358024.381215324,48.0,HFET
386594:10199,610:610,10/05/24 00:17:11,STABLE BEAMS,6800,367964.927268829,357576.832906059,48.0,HFET
386594:10199,611:611,10/05/24 00:17:34,STABLE BEAMS,6800,367714.086968634,357691.657141536,48.0,HFET
386594:10199,612:612,10/05/24 00:17:58,STABLE BEAMS,6800,367359.324884326,357577.811958779,47.9,HFET
386594:10199,613:613,10/05/24 00:18:21,STABLE BEAMS,6800,367183.582589940,357296.877442822,47.9,HFET
386594:10199,614:614,10/05/24 00:18:44,STABLE BEAMS,6800,367109.144279178,357296.194436995,47.9,HFET
386594:10199,615:615,10/05/24 00:19:08,STABLE BEAMS,6800,366902.692364463,356388.029795726,47.9,HFET
386594:10199,616:616,10/05/24 00:19:31,STABLE BEAMS,6800,366448.428219751,351080.295944881,47.8,HFET
386594:10199,617:617,10/05/24 00:19:54,STABLE BEAMS,6800,366512.693706533,356755.971794512,47.8,HFET
386594:10199,618:618,10/05/24 00:20:17,STABLE BEAMS,6800,366584.127257874,356249.871470413,47.8,HFET
386594:10199,619:619,10/05/24 00:20:41,STABLE BEAMS,6800,366447.654301886,356042.874083467,47.8,HFET
386594:10199,620:620,10/05/24 00:21:04,STABLE BEAMS,6800,366178.783114091,356650.138526517,47.8,HFET
386594:10199,621:621,10/05/24 00:21:27,STABLE BEAMS,6800,365660.575171349,356056.921158927,47.7,HFET
386594:10199,622:622,10/05/24 00:21:51,STABLE BEAMS,6800,365028.314579917,354899.645877268,47.7,HFET
386594:10199,623:623,10/05/24 00:22:14,STABLE BEAMS,6800,362937.995062501,353111.385103791,47.5,HFET
386594:10199,624:624,10/05/24 00:22:37,STABLE BEAMS,6800,361226.405772420,351953.608640383,47.2,HFET
386594:10199,625:625,10/05/24 00:23:01,STABLE BEAMS,6800,359326.803393857,349730.114642217,47.0,HFET
386594:10199,626:626,10/05/24 00:23:24,STABLE BEAMS,6800,358106.129786398,348587.933089997,46.7,HFET
386594:10199,627:627,10/05/24 00:23:47,STABLE BEAMS,6800,358163.313458502,349093.644124086,46.7,HFET
386594:10199,628:628,10/05/24 00:24:11,STABLE BEAMS,6800,357900.339897807,348826.094657463,46.7,HFET
386594:10199,629:629,10/05/24 00:24:34,STABLE BEAMS,6800,357646.378284296,343572.472118043,46.7,HFET
386594:10199,630:630,10/05/24 00:24:57,STABLE BEAMS,6800,357523.087573866,346045.260911753,46.6,HFET
386594:10199,631:631,10/05/24 00:25:20,STABLE BEAMS,6800,357382.379049324,348117.915520799,46.6,HFET
386594:10199,632:632,10/05/24 00:25:44,STABLE BEAMS,6800,357115.967148718,348214.186707225,46.6,HFET
386594:10199,633:633,10/05/24 00:26:07,STABLE BEAMS,6800,356745.477281781,347189.057900961,46.6,HFET
386594:10199,634:634,10/05/24 00:26:30,STABLE BEAMS,6800,356719.229344563,347657.140675497,46.5,HFET
386594:10199,635:635,10/05/24 00:26:54,STABLE BEAMS,6800,356554.893014369,347256.829328913,46.5,HFET
386594:10199,636:636,10/05/24 00:27:17,STABLE BEAMS,6800,356095.211444605,346999.818665501,46.5,HFET
386594:10199,637:637,10/05/24 00:27:40,STABLE BEAMS,6800,355957.827037157,347060.007097025,46.4,HFET
386594:10199,638:638,10/05/24 00:28:04,STABLE BEAMS,6800,356059.333824559,346129.147081266,46.5,HFET
386594:10199,639:639,10/05/24 00:28:27,STABLE BEAMS,6800,355911.774262052,346778.457176501,46.4,HFET
386594:10199,640:640,10/05/24 00:28:50,STABLE BEAMS,6800,355368.274124034,346189.016155118,46.4,HFET
386594:10199,641:641,10/05/24 00:29:14,STABLE BEAMS,6800,355313.274671928,346368.378613491,46.3,HFET
386594:10199,642:642,10/05/24 00:29:37,STABLE BEAMS,6800,355502.105968754,341191.336645428,46.4,HFET
386594:10199,643:643,10/05/24 00:30:00,STABLE BEAMS,6800,355290.465074621,346383.288187776,46.3,HFET
386594:10199,644:644,10/05/24 00:30:24,STABLE BEAMS,6800,354941.348861000,345463.468156978,46.3,HFET
386594:10199,645:645,10/05/24 00:30:47,STABLE BEAMS,6800,354924.231755939,345598.211453160,46.3,HFET
386594:10199,646:646,10/05/24 00:31:10,STABLE BEAMS,6800,354979.093674449,346117.128043585,46.3,HFET
386594:10199,647:647,10/05/24 00:31:33,STABLE BEAMS,6800,354689.280082749,345197.762572979,46.3,HFET
386594:10199,648:648,10/05/24 00:31:57,STABLE BEAMS,6800,354280.339085757,345523.020204234,46.2,HFET
386594:10199,649:649,10/05/24 00:32:20,STABLE BEAMS,6800,354489.725827556,345667.369872465,46.2,HFET
386594:10199,650:650,10/05/24 00:32:43,STABLE BEAMS,6800,354477.158986567,345131.312866200,46.2,HFET
386594:10199,651:651,10/05/24 00:33:07,STABLE BEAMS,6800,354358.192425651,345626.074827366,46.2,HFET
386594:10199,652:652,10/05/24 00:33:30,STABLE BEAMS,6800,354212.614279364,345463.992649507,46.2,HFET
386594:10199,653:653,10/05/24 00:33:53,STABLE BEAMS,6800,353905.068178035,344161.549491273,46.2,HFET
386594:10199,654:654,10/05/24 00:34:17,STABLE BEAMS,6800,353787.010737503,344984.436309519,46.1,HFET
386594:10199,655:655,10/05/24 00:34:40,STABLE BEAMS,6800,353826.210143564,339568.414565644,46.2,HFET
386594:10199,656:656,10/05/24 00:35:03,STABLE BEAMS,6800,353704.968450613,345025.549530541,46.1,HFET
386594:10199,657:657,10/05/24 00:35:27,STABLE BEAMS,6800,353100.389409310,344315.640734071,46.1,HFET
386594:10199,658:658,10/05/24 00:35:50,STABLE BEAMS,6800,353108.517877967,343921.292284769,46.0,HFET
386594:10199,659:659,10/05/24 00:36:13,STABLE BEAMS,6800,353283.530544969,344454.139396759,46.1,HFET
386594:10199,660:660,10/05/24 00:36:37,STABLE BEAMS,6800,353210.250779926,344254.473249826,46.1,HFET
386594:10199,661:661,10/05/24 00:37:00,STABLE BEAMS,6800,353076.964407436,343909.660206020,46.0,HFET
386594:10199,662:662,10/05/24 00:37:23,STABLE BEAMS,6800,353285.691454188,344023.845726151,46.0,HFET
386594:10199,663:663,10/05/24 00:37:46,STABLE BEAMS,6800,352623.840159821,343912.779188258,46.0,HFET
386594:10199,664:664,10/05/24 00:38:10,STABLE BEAMS,6800,352320.753410526,343824.634139411,46.0,HFET
386594:10199,665:665,10/05/24 00:38:33,STABLE BEAMS,6800,352150.430872270,342607.284649045,45.9,HFET
386594:10199,666:666,10/05/24 00:38:56,STABLE BEAMS,6800,352223.799218273,255487.844810310,45.9,HFET
386594:10199,667:667,10/05/24 00:39:20,STABLE BEAMS,6800,352049.903137588,0,45.9,HFET
386594:10199,668:668,10/05/24 00:39:43,STABLE BEAMS,6800,351458.984212813,191319.303596195,45.8,HFET
386594:10199,669:669,10/05/24 00:40:06,STABLE BEAMS,6800,351275.160071327,337954.392541305,45.8,HFET
386594:10199,670:670,10/05/24 00:40:30,STABLE BEAMS,6800,351385.909582626,342250.156520663,45.8,HFET
386594:10199,671:671,10/05/24 00:40:53,STABLE BEAMS,6800,351151.025510695,342055.861177225,45.8,HFET
386594:10199,672:672,10/05/24 00:41:16,STABLE BEAMS,6800,350665.755698760,342206.357897893,45.8,HFET
386594:10199,673:673,10/05/24 00:41:40,STABLE BEAMS,6800,350714.813233285,342201.849593224,45.7,HFET
386594:10199,674:674,10/05/24 00:42:03,STABLE BEAMS,6800,350916.278972360,341345.793867457,45.8,HFET
386594:10199,675:675,10/05/24 00:42:26,STABLE BEAMS,6800,350516.193740332,341783.598271077,45.7,HFET
386594:10199,676:676,10/05/24 00:42:49,STABLE BEAMS,6800,350299.636602896,341331.611589479,45.7,HFET
386594:10199,677:677,10/05/24 00:43:13,STABLE BEAMS,6800,350365.333371511,341807.410231883,45.7,HFET
386594:10199,678:678,10/05/24 00:43:36,STABLE BEAMS,6800,350432.626928492,341825.804767637,45.7,HFET
386594:10199,679:679,10/05/24 00:43:59,STABLE BEAMS,6800,350241.154520398,341200.623659804,45.7,HFET
386594:10199,680:680,10/05/24 00:44:23,STABLE BEAMS,6800,350102.131365182,341548.898354301,45.7,HFET
386594:10199,681:681,10/05/24 00:44:46,STABLE BEAMS,6800,349840.614728179,340348.369922102,45.6,HFET
386594:10199,682:682,10/05/24 00:45:09,STABLE BEAMS,6800,349766.561045272,336427.081952900,45.6,HFET
386594:10199,683:683,10/05/24 00:45:33,STABLE BEAMS,6800,349656.086601166,340630.078355924,45.6,HFET
386594:10199,684:684,10/05/24 00:45:56,STABLE BEAMS,6800,349510.142475648,341078.288691315,45.6,HFET
386594:10199,685:685,10/05/24 00:46:19,STABLE BEAMS,6800,348997.510471257,339606.271270832,45.5,HFET
386594:10199,686:686,10/05/24 00:46:43,STABLE BEAMS,6800,348987.950720766,339629.150800477,45.5,HFET
386594:10199,687:687,10/05/24 00:47:06,STABLE BEAMS,6800,349127.405125394,340627.255420581,45.5,HFET
386594:10199,688:688,10/05/24 00:47:29,STABLE BEAMS,6800,348828.553944654,340335.280919662,45.5,HFET
386594:10199,689:689,10/05/24 00:47:53,STABLE BEAMS,6800,348508.438671258,339854.836438992,45.5,HFET
386594:10199,690:690,10/05/24 00:48:16,STABLE BEAMS,6800,348734.376066187,340237.142539833,45.4,HFET
386594:10199,691:691,10/05/24 00:48:39,STABLE BEAMS,6800,348608.966405940,340230.312481570,45.5,HFET
386594:10199,692:692,10/05/24 00:49:03,STABLE BEAMS,6800,348336.272250379,339531.536913177,45.4,HFET
386594:10199,693:693,10/05/24 00:49:26,STABLE BEAMS,6800,348157.504216871,339844.136791405,45.4,HFET
386594:10199,694:694,10/05/24 00:49:49,STABLE BEAMS,6800,348266.794473400,339393.788857575,45.4,HFET
386594:10199,695:695,10/05/24 00:50:12,STABLE BEAMS,6800,348205.673610714,334639.026314279,45.4,HFET
386594:10199,696:696,10/05/24 00:50:36,STABLE BEAMS,6800,347997.468725413,339683.420625199,45.4,HFET
386594:10199,697:697,10/05/24 00:50:59,STABLE BEAMS,6800,347742.483768702,339413.752208759,45.4,HFET
386594:10199,698:698,10/05/24 00:51:22,STABLE BEAMS,6800,347496.081840839,338674.590715651,45.3,HFET
386594:10199,699:699,10/05/24 00:51:46,STABLE BEAMS,6800,347240.325297340,334572.576607500,45.3,HFET
386594:10199,700:700,10/05/24 00:52:09,STABLE BEAMS,6800,346633.673927780,337263.789732049,45.3,HFET
386594:10199,701:701,10/05/24 00:52:32,STABLE BEAMS,6800,346289.045039128,337142.387194722,45.2,HFET
386594:10199,702:702,10/05/24 00:52:56,STABLE BEAMS,6800,346617.785300775,336698.412427886,45.2,HFET
386594:10199,703:703,10/05/24 00:53:19,STABLE BEAMS,6800,346415.568954614,337163.077842213,45.2,HFET
386594:10199,704:704,10/05/24 00:53:42,STABLE BEAMS,6800,346147.562596721,336857.967717296,45.2,HFET
386594:10199,705:705,10/05/24 00:54:05,STABLE BEAMS,6800,346104.514581037,336181.591476498,45.1,HFET
386594:10199,706:706,10/05/24 00:54:29,STABLE BEAMS,6800,346272.743811333,336936.823420689,45.2,HFET
386594:10199,707:707,10/05/24 00:54:52,STABLE BEAMS,6800,346086.600247332,336881.961502179,45.2,HFET
386594:10199,708:708,10/05/24 00:55:15,STABLE BEAMS,6800,345821.507736821,331750.447816691,45.1,HFET
386594:10199,709:709,10/05/24 00:55:39,STABLE BEAMS,6800,345811.332581763,336114.549675931,45.1,HFET
386594:10199,710:710,10/05/24 00:56:02,STABLE BEAMS,6800,345717.907641460,336139.522513535,45.1,HFET
386594:10199,711:711,10/05/24 00:56:25,STABLE BEAMS,6800,345529.076344633,335403.251557029,45.1,HFET
386594:10199,712:712,10/05/24 00:56:49,STABLE BEAMS,6800,345381.290667570,336338.277209006,45.0,HFET
386594:10199,713:713,10/05/24 00:57:12,STABLE BEAMS,6800,345274.730103268,336015.956735911,45.0,HFET
386594:10199,714:714,10/05/24 00:57:35,STABLE BEAMS,6800,345119.795010268,335947.730747768,45.0,HFET
386594:10199,715:715,10/05/24 00:57:59,STABLE BEAMS,6800,344408.177533693,334805.593486029,45.0,HFET
386594:10199,716:716,10/05/24 00:58:22,STABLE BEAMS,6800,344229.090142512,335093.700728702,44.9,HFET
386594:10199,717:717,10/05/24 00:58:45,STABLE BEAMS,6800,344501.171224583,335516.094376287,44.9,HFET
386594:10199,718:718,10/05/24 00:59:09,STABLE BEAMS,6800,344263.487528088,335188.811038331,44.9,HFET
386594:10199,719:719,10/05/24 00:59:32,STABLE BEAMS,6800,343919.630226223,334775.681094343,44.9,HFET
386594:10199,720:720,10/05/24 00:59:55,STABLE BEAMS,6800,343864.246146262,334280.054303274,44.8,HFET
386594:10199,721:721,10/05/24 01:00:18,STABLE BEAMS,6800,344118.956035780,330105.284922609,44.9,HFET
386594:10199,722:722,10/05/24 01:00:42,STABLE BEAMS,6800,343855.185246442,334709.392231940,44.9,HFET
386594:10199,723:723,10/05/24 01:01:05,STABLE BEAMS,6800,343581.418795045,334495.315361395,44.8,HFET
386594:10199,724:724,10/05/24 01:01:28,STABLE BEAMS,6800,343654.994606981,334460.234969992,44.8,HFET
386594:10199,725:725,10/05/24 01:01:52,STABLE BEAMS,6800,343648.141237939,334428.888965395,44.8,HFET
386594:10199,726:726,10/05/24 01:02:15,STABLE BEAMS,6800,343540.307905100,334392.284049042,44.8,HFET
386594:10199,727:727,10/05/24 01:02:38,STABLE BEAMS,6800,343429.877751475,334348.825763647,44.8,HFET
386594:10199,728:728,10/05/24 01:03:02,STABLE BEAMS,6800,343309.293422493,333686.722712866,44.8,HFET
386594:10199,729:729,10/05/24 01:03:25,STABLE BEAMS,6800,343165.400645532,334124.254380370,44.8,HFET
386594:10199,730:730,10/05/24 01:03:48,STABLE BEAMS,6800,343036.074774403,333763.939668491,44.7,HFET
386594:10199,731:731,10/05/24 01:04:12,STABLE BEAMS,6800,342802.442491308,333279.716510536,44.7,HFET
386594:10199,732:732,10/05/24 01:04:35,STABLE BEAMS,6800,342542.951561004,332533.088574896,44.7,HFET
386594:10199,733:733,10/05/24 01:04:58,STABLE BEAMS,6800,342457.743670318,327674.704956537,44.7,HFET
386594:10199,734:734,10/05/24 01:05:22,STABLE BEAMS,6800,342173.212301153,332727.565742410,44.6,HFET
386594:10199,735:735,10/05/24 01:05:45,STABLE BEAMS,6800,341597.976868526,332147.801025413,44.6,HFET
386594:10199,736:736,10/05/24 01:06:08,STABLE BEAMS,6800,341045.119783795,332317.282044545,44.5,HFET
386594:10199,737:737,10/05/24 01:06:31,STABLE BEAMS,6800,341308.139966047,332397.093489879,44.5,HFET
386594:10199,738:738,10/05/24 01:06:55,STABLE BEAMS,6800,341342.880020075,332388.899751041,44.5,HFET
386594:10199,739:739,10/05/24 01:07:18,STABLE BEAMS,6800,340895.443602550,332112.310364299,44.5,HFET
386594:10199,740:740,10/05/24 01:07:41,STABLE BEAMS,6800,340544.485837384,331856.029328272,44.4,HFET
386594:10199,741:741,10/05/24 01:08:05,STABLE BEAMS,6800,340993.400158302,331667.540699898,44.4,HFET
386594:10199,742:742,10/05/24 01:08:28,STABLE BEAMS,6800,340911.607296748,332088.386511754,44.5,HFET
386594:10199,743:743,10/05/24 01:08:51,STABLE BEAMS,6800,340816.473676339,332079.621658828,44.5,HFET
386594:10199,744:744,10/05/24 01:09:15,STABLE BEAMS,6800,340492.376921881,331119.758371767,44.4,HFET
386594:10199,745:745,10/05/24 01:09:38,STABLE BEAMS,6800,339988.829128088,331074.889784239,44.4,HFET
386594:10199,746:746,10/05/24 01:10:01,STABLE BEAMS,6800,339978.334615356,326532.271647904,44.3,HFET
386594:10199,747:747,10/05/24 01:10:25,STABLE BEAMS,6800,340237.005006237,330385.583054299,44.4,HFET
386594:10199,748:748,10/05/24 01:10:48,STABLE BEAMS,6800,340041.665339898,330861.337406222,44.4,HFET
386594:10199,749:749,10/05/24 01:11:11,STABLE BEAMS,6800,339870.543241920,330524.673810774,44.3,HFET
386594:10199,750:750,10/05/24 01:11:34,STABLE BEAMS,6800,338982.707931066,330386.904775471,44.3,HFET
386594:10199,751:751,10/05/24 01:11:58,STABLE BEAMS,6800,339262.756637419,330354.008604066,44.2,HFET
386594:10199,752:752,10/05/24 01:12:21,STABLE BEAMS,6800,339485.484138072,330127.276311571,44.3,HFET
386594:10199,753:753,10/05/24 01:12:44,STABLE BEAMS,6800,339423.153445953,330170.960711524,44.3,HFET
386594:10199,754:754,10/05/24 01:13:08,STABLE BEAMS,6800,339560.288428065,330848.134180965,44.3,HFET
386594:10199,755:755,10/05/24 01:13:31,STABLE BEAMS,6800,338852.768986448,329113.234111827,44.2,HFET
386594:10199,756:756,10/05/24 01:13:54,STABLE BEAMS,6800,338144.885896678,329323.031123337,44.2,HFET
386594:10199,757:757,10/05/24 01:14:18,STABLE BEAMS,6800,337867.888571303,328708.276926976,44.1,HFET
386594:10199,758:758,10/05/24 01:14:41,STABLE BEAMS,6800,338505.405743413,329359.295702315,44.1,HFET
386594:10199,759:759,10/05/24 01:15:04,STABLE BEAMS,6800,338311.042798716,324497.949283939,44.1,HFET
386594:10199,760:760,10/05/24 01:15:28,STABLE BEAMS,6800,338284.955705874,329622.406796606,44.1,HFET
386594:10199,761:761,10/05/24 01:15:51,STABLE BEAMS,6800,338115.794044415,329524.520173191,44.1,HFET
386594:10199,762:762,10/05/24 01:16:14,STABLE BEAMS,6800,338027.308658194,328974.301868649,44.1,HFET
386594:10199,763:763,10/05/24 01:16:38,STABLE BEAMS,6800,338165.191916314,329048.036193883,44.1,HFET
386594:10199,764:764,10/05/24 01:17:01,STABLE BEAMS,6800,337776.421736441,328681.325004231,44.1,HFET
386594:10199,765:765,10/05/24 01:17:24,STABLE BEAMS,6800,336992.550169102,327676.684041679,44.0,HFET
386594:10199,766:766,10/05/24 01:17:47,STABLE BEAMS,6800,336797.574150916,327772.750093250,43.9,HFET
386594:10199,767:767,10/05/24 01:18:11,STABLE BEAMS,6800,336547.962328777,327400.211208833,43.9,HFET
386594:10199,768:768,10/05/24 01:18:34,STABLE BEAMS,6800,336987.543013760,328444.301002782,43.9,HFET
386594:10199,769:769,10/05/24 01:18:57,STABLE BEAMS,6800,337175.667993981,328600.100925685,44.0,HFET
386594:10199,770:770,10/05/24 01:19:21,STABLE BEAMS,6800,336970.355976362,328440.750771132,44.0,HFET
386594:10199,771:771,10/05/24 01:19:44,STABLE BEAMS,6800,336497.697295897,328032.105821034,43.9,HFET
386594:10199,772:772,10/05/24 01:20:07,STABLE BEAMS,6800,336538.013288275,322820.006772348,43.9,HFET
386594:10199,773:773,10/05/24 01:20:31,STABLE BEAMS,6800,336772.827427869,328162.203278950,43.9,HFET
386594:10199,774:774,10/05/24 01:20:54,STABLE BEAMS,6800,336793.795473630,328263.414019458,43.9,HFET
386594:10199,775:775,10/05/24 01:21:17,STABLE BEAMS,6800,336695.179222831,328134.022878148,43.9,HFET
386594:10199,776:776,10/05/24 01:21:41,STABLE BEAMS,6800,336780.293870401,327794.855705029,44.0,HFET
386594:10199,777:777,10/05/24 01:22:04,STABLE BEAMS,6800,336089.781973184,327612.670311312,43.9,HFET
386594:10199,778:778,10/05/24 01:22:27,STABLE BEAMS,6800,336001.909660452,327432.172617998,43.8,HFET
386594:10199,779:779,10/05/24 01:22:51,STABLE BEAMS,6800,335936.189581057,326878.494993843,43.8,HFET
386594:10199,780:780,10/05/24 01:23:14,STABLE BEAMS,6800,335422.440990349,325871.919236630,43.8,HFET
386594:10199,781:781,10/05/24 01:23:37,STABLE BEAMS,6800,335209.161348448,326302.669798507,43.7,HFET
386594:10199,782:782,10/05/24 01:24:00,STABLE BEAMS,6800,335505.690775594,327068.328654169,43.8,HFET
386594:10199,783:783,10/05/24 01:24:24,STABLE BEAMS,6800,335739.276437132,327254.108570018,43.8,HFET
386594:10199,784:784,10/05/24 01:24:47,STABLE BEAMS,6800,334791.229383974,326230.823646377,43.7,HFET
386594:10199,785:785,10/05/24 01:25:10,STABLE BEAMS,6800,334702.743997753,321630.063764919,43.6,HFET
386594:10199,786:786,10/05/24 01:25:34,STABLE BEAMS,6800,334894.307317885,325951.140919255,43.7,HFET
386594:10199,787:787,10/05/24 01:25:57,STABLE BEAMS,6800,334692.181883762,326834.787283112,43.7,HFET
386594:10199,788:788,10/05/24 01:26:20,STABLE BEAMS,6800,334307.803454663,325475.090520437,43.6,HFET
386594:10199,789:789,10/05/24 01:26:44,STABLE BEAMS,6800,334409.060816729,325691.307320499,43.6,HFET
386594:10199,790:790,10/05/24 01:27:07,STABLE BEAMS,6800,334562.242939144,325183.682471449,43.6,HFET
386594:10199,791:791,10/05/24 01:27:30,STABLE BEAMS,6800,334439.518680645,326066.624849779,43.6,HFET
386594:10199,792:792,10/05/24 01:27:54,STABLE BEAMS,6800,334300.292721651,325546.913361788,43.6,HFET
386594:10199,793:793,10/05/24 01:28:17,STABLE BEAMS,6800,334102.582349081,325137.995675576,43.6,HFET
386594:10199,794:794,10/05/24 01:28:40,STABLE BEAMS,6800,333969.114152514,325512.651178731,43.6,HFET
386594:10199,795:795,10/05/24 01:29:03,STABLE BEAMS,6800,333730.612247674,324890.955032367,43.5,HFET
386594:10199,796:796,10/05/24 01:29:27,STABLE BEAMS,6800,333640.441492127,325169.068944058,43.5,HFET
386594:10199,797:797,10/05/24 01:29:50,STABLE BEAMS,6800,333371.868682303,324541.999663122,43.5,HFET
386594:10199,798:798,10/05/24 01:30:13,STABLE BEAMS,6800,333083.829040889,320037.373434494,43.5,HFET
386594:10199,799:799,10/05/24 01:30:37,STABLE BEAMS,6800,332489.404174944,324259.197953762,43.4,HFET
386594:10199,800:800,10/05/24 01:31:00,STABLE BEAMS,6800,332521.388894887,324334.228358312,43.4,HFET
386594:10199,801:801,10/05/24 01:31:23,STABLE BEAMS,6800,332539.713498304,323786.812009412,43.4,HFET
386594:10199,802:802,10/05/24 01:31:47,STABLE BEAMS,6800,332232.440133090,323311.992419728,43.4,HFET
386594:10199,803:803,10/05/24 01:32:10,STABLE BEAMS,6800,331886.601415005,323704.928235820,43.3,HFET
386594:10199,804:804,10/05/24 01:32:33,STABLE BEAMS,6800,332086.861986803,323897.013717403,43.3,HFET
386594:10199,805:805,10/05/24 01:32:57,STABLE BEAMS,6800,332093.484579133,322925.632574409,43.3,HFET
386594:10199,806:806,10/05/24 01:33:20,STABLE BEAMS,6800,331779.451087993,323240.351402454,43.3,HFET
386594:10199,807:807,10/05/24 01:33:43,STABLE BEAMS,6800,331590.344723974,323429.912326665,43.3,HFET
386594:10199,808:808,10/05/24 01:34:07,STABLE BEAMS,6800,331724.246501031,322582.413987890,43.2,HFET
386594:10199,809:809,10/05/24 01:34:30,STABLE BEAMS,6800,331593.419415731,322949.013285803,43.3,HFET
386594:10199,810:810,10/05/24 01:34:53,STABLE BEAMS,6800,331410.392502890,323217.952074858,43.2,HFET
386594:10199,811:811,10/05/24 01:35:16,STABLE BEAMS,6800,331228.936736557,318484.339401400,43.2,HFET
386594:10199,812:812,10/05/24 01:35:40,STABLE BEAMS,6800,330922.961781737,322792.849714747,43.2,HFET
386594:10199,813:813,10/05/24 01:36:03,STABLE BEAMS,6800,330788.150884296,322123.186978318,43.1,HFET
386594:10199,814:814,10/05/24 01:36:26,STABLE BEAMS,6800,330766.774899901,322393.424177766,43.1,HFET
386594:10199,815:815,10/05/24 01:36:50,STABLE BEAMS,6800,330300.330873133,321721.849957455,43.1,HFET
386594:10199,816:816,10/05/24 01:37:13,STABLE BEAMS,6800,329784.169616792,236646.042807840,43.0,HFET
386594:10199,817:817,10/05/24 01:37:36,STABLE BEAMS,6800,330054.702863134,321109.645960323,43.0,HFET
386594:10199,818:818,10/05/24 01:38:00,STABLE BEAMS,6800,330258.991537553,322256.473350808,43.1,HFET
386594:10199,819:819,10/05/24 01:38:23,STABLE BEAMS,6800,330092.105008131,322019.540261398,43.1,HFET
386594:10199,820:820,10/05/24 01:38:46,STABLE BEAMS,6800,330000.136991518,322064.317936888,43.0,HFET
386594:10199,821:821,10/05/24 01:39:10,STABLE BEAMS,6800,329668.958422382,320116.707008858,43.0,HFET
386594:10199,822:822,10/05/24 01:39:33,STABLE BEAMS,6800,329544.436902817,321056.173364244,43.0,HFET
386594:10199,823:823,10/05/24 01:39:56,STABLE BEAMS,6800,329798.762164481,321746.822795058,43.0,HFET
386594:10199,824:824,10/05/24 01:40:19,STABLE BEAMS,6800,329601.531993961,315511.599667106,43.0,HFET
386594:10199,825:825,10/05/24 01:40:43,STABLE BEAMS,6800,329206.614761650,321207.329779960,42.9,HFET
386594:10199,826:826,10/05/24 01:41:06,STABLE BEAMS,6800,329148.678151382,321186.340754497,42.9,HFET
386594:10199,827:827,10/05/24 01:41:29,STABLE BEAMS,6800,329173.536766168,321144.225169975,42.9,HFET
386594:10199,828:828,10/05/24 01:41:53,STABLE BEAMS,6800,328901.388082837,320386.648161412,42.9,HFET
386594:10199,829:829,10/05/24 01:42:16,STABLE BEAMS,6800,328591.655430433,320607.144820509,42.9,HFET
386594:10199,830:830,10/05/24 01:42:39,STABLE BEAMS,6800,328577.177105561,320708.674918691,42.9,HFET
386594:10199,831:831,10/05/24 01:43:03,STABLE BEAMS,6800,328443.869753370,320461.566674222,42.8,HFET
386594:10199,832:832,10/05/24 01:43:26,STABLE BEAMS,6800,328012.368584407,319997.854670759,42.8,HFET
386594:10199,833:833,10/05/24 01:43:49,STABLE BEAMS,6800,327742.497364190,319838.047624936,42.7,HFET
386594:10199,834:834,10/05/24 01:44:13,STABLE BEAMS,6800,328114.763512492,319728.300477137,42.7,HFET
386594:10199,835:835,10/05/24 01:44:36,STABLE BEAMS,6800,328148.979073991,320317.900011818,42.8,HFET
386594:10199,836:836,10/05/24 01:44:59,STABLE BEAMS,6800,327988.330509044,320025.832267783,42.8,HFET
386594:10199,837:837,10/05/24 01:45:23,STABLE BEAMS,6800,327848.510125184,315264.559023897,42.8,HFET
386594:10199,838:838,10/05/24 01:45:46,STABLE BEAMS,6800,327487.990278449,319196.432417868,42.7,HFET
386594:10199,839:839,10/05/24 01:46:09,STABLE BEAMS,6800,327371.002802675,319403.658250448,42.7,HFET
386594:10199,840:840,10/05/24 01:46:32,STABLE BEAMS,6800,327562.246765134,319681.382872130,42.7,HFET
386594:10199,841:841,10/05/24 01:46:56,STABLE BEAMS,6800,327365.813823257,319476.844772375,42.7,HFET
386594:10199,842:842,10/05/24 01:47:19,STABLE BEAMS,6800,327108.507112952,319174.601873282,42.7,HFET
386594:10199,843:843,10/05/24 01:47:42,STABLE BEAMS,6800,327130.223434721,318758.241055316,42.7,HFET
386594:10199,844:844,10/05/24 01:48:06,STABLE BEAMS,6800,327021.387738383,318685.576694841,42.7,HFET
386594:10199,845:845,10/05/24 01:48:29,STABLE BEAMS,6800,326860.534038580,318944.020971165,42.6,HFET
386594:10199,846:846,10/05/24 01:48:52,STABLE BEAMS,6800,326786.823024125,319004.939030073,42.6,HFET
386594:10199,847:847,10/05/24 01:49:16,STABLE BEAMS,6800,326543.880415874,318251.026475978,42.6,HFET
386594:10199,848:848,10/05/24 01:49:39,STABLE BEAMS,6800,326220.786024915,318465.308481379,42.6,HFET
386594:10199,849:849,10/05/24 01:50:02,STABLE BEAMS,6800,326218.531872580,318370.790265537,42.5,HFET
386594:10199,850:850,10/05/24 01:50:26,STABLE BEAMS,6800,326027.311220900,313204.468924762,42.5,HFET
386594:10199,851:851,10/05/24 01:50:49,STABLE BEAMS,6800,325376.497580417,155079.351290243,42.4,HFET
386594:10199,852:852,10/05/24 01:51:12,STABLE BEAMS,6800,325346.449986212,116232.700487858,42.4,HFET
386594:10199,853:853,10/05/24 01:51:36,STABLE BEAMS,6800,325746.807954355,317955.270966696,42.5,HFET
386594:10199,854:854,10/05/24 01:51:59,STABLE BEAMS,6800,325671.730928247,316941.569104325,42.5,HFET
386594:10199,855:855,10/05/24 01:52:22,STABLE BEAMS,6800,325483.832062583,317765.437306370,42.5,HFET
386594:10199,856:856,10/05/24 01:52:45,STABLE BEAMS,6800,325181.134603298,317449.967871240,42.4,HFET
386594:10199,857:857,10/05/24 01:53:09,STABLE BEAMS,6800,324888.017874206,317206.230365423,42.4,HFET
386594:10199,858:858,10/05/24 01:53:32,STABLE BEAMS,6800,325002.660285607,317368.060786869,42.4,HFET
386594:10199,859:859,10/05/24 01:53:55,STABLE BEAMS,6800,325015.544153191,316876.485409199,42.4,HFET
386594:10199,860:860,10/05/24 01:54:19,STABLE BEAMS,6800,324681.363155712,316439.135565771,42.4,HFET
386594:10199,861:861,10/05/24 01:54:42,STABLE BEAMS,6800,324531.868798544,316282.540745302,42.3,HFET
386594:10199,862:862,10/05/24 01:55:05,STABLE BEAMS,6800,324617.507938642,316881.835232993,42.3,HFET
386594:10199,863:863,10/05/24 01:55:29,STABLE BEAMS,6800,324501.320022590,316285.636416761,42.3,HFET
386594:10199,864:864,10/05/24 01:55:52,STABLE BEAMS,6800,324467.810777696,312240.008752071,42.3,HFET
386594:10199,865:865,10/05/24 01:56:15,STABLE BEAMS,6800,324192.839159021,315601.404443422,42.3,HFET
386594:10199,866:866,10/05/24 01:56:39,STABLE BEAMS,6800,324102.987761147,315583.716224273,42.3,HFET
386594:10199,867:867,10/05/24 01:57:02,STABLE BEAMS,6800,323928.658099972,315866.587865971,42.3,HFET
386594:10199,868:868,10/05/24 01:57:25,STABLE BEAMS,6800,323610.113973084,315964.565401424,42.2,HFET
386594:10199,869:869,10/05/24 01:57:48,STABLE BEAMS,6800,323486.207858087,315875.625455011,42.2,HFET
386594:10199,870:870,10/05/24 01:58:12,STABLE BEAMS,6800,322909.037630799,315390.765912788,42.1,HFET
386594:10199,871:871,10/05/24 01:58:35,STABLE BEAMS,6800,322966.813396691,315297.909755493,42.1,HFET
386614:10201,26:26,10/06/24 00:32:57,STABLE BEAMS,6800,12014.091530595,2216.540085071,0.2,BCM1F
386614:10201,27:27,10/06/24 00:33:21,STABLE BEAMS,6800,120650.468655750,118823.645792911,3.8,HFET
386614:10201,28:28,10/06/24 00:33:44,STABLE BEAMS,6800,320119.576565760,306948.599439799,35.2,HFET
386614:10201,29:29,10/06/24 00:34:07,STABLE BEAMS,6800,281358.189366822,276418.740183216,48.6,HFET
386614:10201,30:30,10/06/24 00:34:31,STABLE BEAMS,6800,66631.858605186,66363.670889432,15.8,HFET
386614:10201,31:31,10/06/24 00:34:54,STABLE BEAMS,6800,7660.989934748,7639.332426074,1.8,HFET
386614:10201,32:32,10/06/24 00:35:17,STABLE BEAMS,6800,236875.145806565,211500.952067435,0.2,BCM1F
386614:10201,33:33,10/06/24 00:35:41,STABLE BEAMS,6800,11788.381485694,11731.293271230,7.3,HFET
386614:10201,34:34,10/06/24 00:36:04,STABLE BEAMS,6800,58856.143109488,58374.407910982,3.3,HFET
386614:10201,35:35,10/06/24 00:36:27,STABLE BEAMS,6800,214478.243930663,211664.901438696,13.2,HFET
386614:10201,36:36,10/06/24 00:36:51,STABLE BEAMS,6800,359187.735948160,350734.664692730,34.4,HFET
386614:10201,37:37,10/06/24 00:37:14,STABLE BEAMS,6800,271792.301147550,190948.163591630,42.7,HFET
386614:10201,38:38,10/06/24 00:37:37,STABLE BEAMS,6800,102120.482356901,101440.656820127,16.8,HFET
386614:10201,39:39,10/06/24 00:38:00,STABLE BEAMS,6800,20492.425633031,20420.013378631,4.8,HFET
386614:10201,40:40,10/06/24 00:38:24,STABLE BEAMS,6800,263077.074539769,255049.744359796,1.0,HFET
386614:10201,41:41,10/06/24 00:38:47,STABLE BEAMS,6800,370929.811270582,361937.610648206,48.5,HFET
386614:10201,42:42,10/06/24 00:39:10,STABLE BEAMS,6800,370861.473390699,357772.743686485,48.4,HFET
386614:10201,43:43,10/06/24 00:39:34,STABLE BEAMS,6800,368684.510038608,267647.514090908,48.3,HFET
386614:10201,44:44,10/06/24 00:39:57,STABLE BEAMS,6800,364144.623925579,355802.868633377,47.5,HFET
386614:10201,45:45,10/06/24 00:40:20,STABLE BEAMS,6800,366310.568272410,358741.712163846,47.5,HFET
386614:10201,46:46,10/06/24 00:40:44,STABLE BEAMS,6800,368252.533329753,360197.384066053,48.0,HFET
386614:10201,47:47,10/06/24 00:41:07,STABLE BEAMS,6800,367354.271107427,359788.715805177,48.0,HFET
386614:10201,48:48,10/06/24 00:41:30,STABLE BEAMS,6800,366098.517108565,358157.098804805,47.7,HFET
386614:10201,49:49,10/06/24 00:41:54,STABLE BEAMS,6800,364859.425654573,357341.564206273,47.7,HFET
386614:10201,50:50,10/06/24 00:42:17,STABLE BEAMS,6800,364097.363652119,356284.520612402,47.5,HFET
386614:10201,51:51,10/06/24 00:42:40,STABLE BEAMS,6800,363127.644567673,355785.136123749,47.4,HFET
386614:10201,52:52,10/06/24 00:43:04,STABLE BEAMS,6800,362258.863487620,354340.641740099,47.2,HFET
386614:10201,53:53,10/06/24 00:43:27,STABLE BEAMS,6800,363286.721986111,355972.624719702,47.3,HFET
386614:10201,54:54,10/06/24 00:43:50,STABLE BEAMS,6800,363938.262922902,356148.001034857,47.5,HFET
386614:10201,55:55,10/06/24 00:44:13,STABLE BEAMS,6800,363719.269809054,351130.560977761,47.5,HFET
386614:10201,56:56,10/06/24 00:44:37,STABLE BEAMS,6800,363221.843425841,355818.463544566,47.4,HFET
386614:10201,57:57,10/06/24 00:45:00,STABLE BEAMS,6800,362679.002982870,355264.832541970,47.3,HFET
386614:10201,58:58,10/06/24 00:45:23,STABLE BEAMS,6800,362220.048709412,354879.293236074,47.3,HFET
386614:10201,59:59,10/06/24 00:45:47,STABLE BEAMS,6800,361666.326794778,354356.873035556,47.2,HFET
386614:10201,60:60,10/06/24 00:46:10,STABLE BEAMS,6800,361294.629429485,353750.268287554,47.1,HFET
386614:10201,61:61,10/06/24 00:46:33,STABLE BEAMS,6800,360851.657026149,353462.230977218,47.1,HFET
386614:10201,62:62,10/06/24 00:46:57,STABLE BEAMS,6800,360375.492404514,352852.917516689,47.0,HFET
386614:10201,63:63,10/06/24 00:47:20,STABLE BEAMS,6800,360004.524666606,352820.865195486,47.0,HFET
386614:10201,64:64,10/06/24 00:47:43,STABLE BEAMS,6800,359614.113407886,352139.936359539,46.9,HFET
386614:10201,65:65,10/06/24 00:48:07,STABLE BEAMS,6800,359411.738548428,351130.127397270,46.9,HFET
386614:10201,66:66,10/06/24 00:48:30,STABLE BEAMS,6800,366058.769899195,358033.989918451,47.0,HFET
386614:10201,67:67,10/06/24 00:48:53,STABLE BEAMS,6800,373753.490228198,365699.888800228,48.2,HFET
386614:10201,68:68,10/06/24 00:49:16,STABLE BEAMS,6800,388850.156825564,373876.121243582,50.1,HFET
386614:10201,69:69,10/06/24 00:49:40,STABLE BEAMS,6800,403220.203128954,393176.308736500,51.4,HFET
386614:10201,70:70,10/06/24 00:50:03,STABLE BEAMS,6800,416088.664619706,404645.939328696,53.3,HFET
386614:10201,71:71,10/06/24 00:50:26,STABLE BEAMS,6800,430740.125641101,417112.928596067,55.6,HFET
386614:10201,72:72,10/06/24 00:50:50,STABLE BEAMS,6800,446017.201350820,430124.986816886,57.5,HFET
386614:10201,73:73,10/06/24 00:51:13,STABLE BEAMS,6800,450121.308766930,435206.827563282,58.6,HFET
386614:10201,74:74,10/06/24 00:51:36,STABLE BEAMS,6800,443379.896733918,318973.772518475,58.7,HFET
386614:10201,75:75,10/06/24 00:52:00,STABLE BEAMS,6800,417815.391929706,405411.507272320,57.3,HFET
386614:10201,76:76,10/06/24 00:52:23,STABLE BEAMS,6800,400818.055320097,391014.961275299,51.8,HFET
386614:10201,77:77,10/06/24 00:52:46,STABLE BEAMS,6800,409688.900026704,398827.897558132,53.4,HFET
386614:10201,78:78,10/06/24 00:53:10,STABLE BEAMS,6800,411734.374267370,401369.273657061,53.8,HFET
386614:10201,79:79,10/06/24 00:53:33,STABLE BEAMS,6800,412806.625813497,401120.957914237,53.9,HFET
386614:10201,80:80,10/06/24 00:53:56,STABLE BEAMS,6800,410488.159039298,295656.576004314,53.8,HFET
386614:10201,81:81,10/06/24 00:54:20,STABLE BEAMS,6800,408742.400809276,392224.527296538,52.9,HFET
386614:10201,82:82,10/06/24 00:54:43,STABLE BEAMS,6800,434698.862376858,420029.461379900,54.8,HFET
386614:10201,83:83,10/06/24 00:55:06,STABLE BEAMS,6800,475914.322145000,450283.118208674,58.9,HFET
386614:10201,84:84,10/06/24 00:55:29,STABLE BEAMS,6800,485698.247736179,459075.881129753,63.5,HFET
386614:10201,85:85,10/06/24 00:55:53,STABLE BEAMS,6800,485152.355912230,349045.453750543,63.2,HFET
386614:10201,86:86,10/06/24 00:56:16,STABLE BEAMS,6800,486165.237235178,458743.564994598,63.3,HFET
386614:10201,87:87,10/06/24 00:56:39,STABLE BEAMS,6800,486471.053676700,458577.659848974,63.5,HFET
386614:10201,88:88,10/06/24 00:57:03,STABLE BEAMS,6800,487131.497000012,457357.576004225,63.5,HFET
386614:10201,89:89,10/06/24 00:57:26,STABLE BEAMS,6800,487496.501840638,459848.460955717,63.6,HFET
386614:10201,90:90,10/06/24 00:57:49,STABLE BEAMS,6800,487550.543219725,461103.144989820,63.6,HFET
386614:10201,91:91,10/06/24 00:58:13,STABLE BEAMS,6800,484280.024600526,349872.916474718,63.6,HFET
386614:10201,92:92,10/06/24 00:58:36,STABLE BEAMS,6800,489199.188744197,461807.750584054,63.3,HFET
386614:10201,93:93,10/06/24 00:58:59,STABLE BEAMS,6800,491065.100053790,461856.784807800,64.1,HFET
386614:10201,94:94,10/06/24 00:59:23,STABLE BEAMS,6800,490316.467391151,461750.746404949,64.0,HFET
386614:10201,95:95,10/06/24 00:59:46,STABLE BEAMS,6800,488999.590198525,455123.974452260,63.9,HFET
386614:10201,96:96,10/06/24 01:00:09,STABLE BEAMS,6800,488226.966082080,461321.000537650,63.7,HFET
386614:10201,97:97,10/06/24 01:00:33,STABLE BEAMS,6800,487698.102782232,460664.473425219,63.6,HFET
386614:10201,98:98,10/06/24 01:00:56,STABLE BEAMS,6800,487479.610850133,460543.639670901,63.6,HFET
386614:10201,99:99,10/06/24 01:01:19,STABLE BEAMS,6800,487117.428944852,461263.679331949,63.6,HFET
386614:10201,100:100,10/06/24 01:01:42,STABLE BEAMS,6800,485598.403007324,459247.434477142,63.5,HFET
386614:10201,101:101,10/06/24 01:02:06,STABLE BEAMS,6800,485142.705249701,460538.679137118,63.2,HFET
386614:10201,102:102,10/06/24 01:02:29,STABLE BEAMS,6800,482750.937730758,459176.954336665,63.1,HFET
386614:10201,103:103,10/06/24 01:02:52,STABLE BEAMS,6800,484457.585135679,455569.156717451,62.9,HFET
386614:10201,104:104,10/06/24 01:03:16,STABLE BEAMS,6800,485782.611776664,457690.938793359,63.4,HFET
386614:10201,105:105,10/06/24 01:03:39,STABLE BEAMS,6800,483972.294344043,458781.263186489,63.2,HFET
386614:10201,106:106,10/06/24 01:04:02,STABLE BEAMS,6800,482203.908340790,457842.139499554,63.0,HFET
386614:10201,107:107,10/06/24 01:04:26,STABLE BEAMS,6800,489474.913301036,354080.763850863,63.5,HFET
386614:10201,108:108,10/06/24 01:04:49,STABLE BEAMS,6800,496820.631639236,456871.919233358,65.1,HFET
386614:10201,109:109,10/06/24 01:05:12,STABLE BEAMS,6800,472646.213860356,452863.148241434,61.3,HFET
386614:10201,110:110,10/06/24 01:05:36,STABLE BEAMS,6800,494358.202155738,463296.726596300,62.7,HFET
386614:10201,111:111,10/06/24 01:05:59,STABLE BEAMS,6800,501357.354479547,467671.777528464,65.6,HFET
386614:10201,112:112,10/06/24 01:06:22,STABLE BEAMS,6800,491907.292859251,462561.616516592,64.3,HFET
386614:10201,113:113,10/06/24 01:06:45,STABLE BEAMS,6800,490599.248120809,463817.804095944,64.1,HFET
386614:10201,114:114,10/06/24 01:07:09,STABLE BEAMS,6800,489288.061089351,461894.163642018,63.9,HFET
386614:10201,115:115,10/06/24 01:07:32,STABLE BEAMS,6800,487841.109749589,461771.371782259,63.7,HFET
386614:10201,116:116,10/06/24 01:07:55,STABLE BEAMS,6800,486487.445816533,461375.862456160,63.4,HFET
386614:10201,117:117,10/06/24 01:08:19,STABLE BEAMS,6800,484101.550282835,460223.617640621,63.1,HFET
386614:10201,118:118,10/06/24 01:08:42,STABLE BEAMS,6800,477782.827944302,456499.538862239,62.9,HFET
386614:10201,119:119,10/06/24 01:09:05,STABLE BEAMS,6800,489482.424034048,461368.715371301,62.3,HFET
386614:10201,120:120,10/06/24 01:09:29,STABLE BEAMS,6800,491778.946040843,464253.242455489,64.5,HFET
386614:10201,121:121,10/06/24 01:09:52,STABLE BEAMS,6800,488366.558020305,455902.838864258,63.7,HFET
386614:10201,122:122,10/06/24 01:10:15,STABLE BEAMS,6800,488766.209671843,453704.156859319,63.8,HFET
386614:10201,123:123,10/06/24 01:10:39,STABLE BEAMS,6800,486407.816195275,362755.809668784,63.5,HFET
386614:10201,124:124,10/06/24 01:11:02,STABLE BEAMS,6800,485884.323698922,460761.087280098,63.4,HFET
386614:10201,125:125,10/06/24 01:11:25,STABLE BEAMS,6800,484645.665825420,460698.756587978,63.3,HFET
386614:10201,126:126,10/06/24 01:11:49,STABLE BEAMS,6800,484229.076561820,458163.117271775,63.1,HFET
386614:10201,127:127,10/06/24 01:12:12,STABLE BEAMS,6800,486185.088694623,461354.463160986,63.4,HFET
386614:10201,128:128,10/06/24 01:12:35,STABLE BEAMS,6800,486115.792741721,461648.444719981,63.6,HFET
386614:10201,129:129,10/06/24 01:12:58,STABLE BEAMS,6800,484167.885766796,459487.369994895,63.2,HFET
386614:10201,130:130,10/06/24 01:13:22,STABLE BEAMS,6800,484327.420076505,459796.829911184,63.2,HFET
386614:10201,131:131,10/06/24 01:13:45,STABLE BEAMS,6800,485157.729046803,165503.890657422,63.2,HFET
386614:10201,132:132,10/06/24 01:14:08,STABLE BEAMS,6800,486170.381924116,461345.448882724,63.3,HFET
386614:10201,133:133,10/06/24 01:14:32,STABLE BEAMS,6800,486299.546950869,461401.541610369,63.5,HFET
386614:10201,134:134,10/06/24 01:14:55,STABLE BEAMS,6800,486670.607931893,196380.269539946,63.4,HFET
386614:10201,135:135,10/06/24 01:15:18,STABLE BEAMS,6800,487779.690508930,461426.353603596,63.6,HFET
386614:10201,136:136,10/06/24 01:15:42,STABLE BEAMS,6800,487679.391219883,461173.942156893,63.6,HFET
386614:10201,137:137,10/06/24 01:16:05,STABLE BEAMS,6800,487331.139836165,461187.965921573,63.5,HFET
386614:10201,138:138,10/06/24 01:16:28,STABLE BEAMS,6800,487723.963760517,461971.016949490,63.6,HFET
386614:10201,139:139,10/06/24 01:16:52,STABLE BEAMS,6800,487804.686657313,461118.306320518,63.6,HFET
386614:10201,140:140,10/06/24 01:17:15,STABLE BEAMS,6800,488404.666481907,461506.258292047,63.6,HFET
386614:10201,141:141,10/06/24 01:17:38,STABLE BEAMS,6800,489303.588399281,461192.154868570,63.8,HFET
386614:10201,142:142,10/06/24 01:18:01,STABLE BEAMS,6800,489236.294842300,462240.137562621,63.8,HFET
386614:10201,143:143,10/06/24 01:18:25,STABLE BEAMS,6800,488350.895507857,462412.600030394,63.8,HFET
386614:10201,144:144,10/06/24 01:18:48,STABLE BEAMS,6800,487274.228900176,461108.380590796,63.6,HFET
386614:10201,145:145,10/06/24 01:19:11,STABLE BEAMS,6800,485901.944316811,460323.735105592,63.4,HFET
386614:10201,146:146,10/06/24 01:19:35,STABLE BEAMS,6800,486547.725160096,460924.670672128,63.4,HFET
386614:10201,147:147,10/06/24 01:19:58,STABLE BEAMS,6800,486336.562136933,454367.194672340,63.5,HFET
386614:10201,148:148,10/06/24 01:20:21,STABLE BEAMS,6800,485491.136126417,460611.115051959,63.4,HFET
386614:10201,149:149,10/06/24 01:20:45,STABLE BEAMS,6800,485621.441050266,460441.792546124,63.3,HFET
386614:10201,150:150,10/06/24 01:21:08,STABLE BEAMS,6800,484616.436439561,459514.960632986,63.3,HFET
386614:10201,151:151,10/06/24 01:21:31,STABLE BEAMS,6800,483134.106330424,458664.846824802,63.1,HFET
386614:10201,152:152,10/06/24 01:21:55,STABLE BEAMS,6800,491333.036479345,462503.658926623,64.1,HFET
386614:10201,153:153,10/06/24 01:22:18,STABLE BEAMS,6800,490590.142930510,462130.959197831,64.0,HFET
386614:10201,154:154,10/06/24 01:22:41,STABLE BEAMS,6800,490065.058307946,462659.183782334,63.9,HFET
386614:10201,155:155,10/06/24 01:23:05,STABLE BEAMS,6800,489192.451929050,462715.138976381,63.9,HFET
386614:10201,156:156,10/06/24 01:23:28,STABLE BEAMS,6800,487844.478157162,460966.012338785,63.6,HFET
386614:10201,157:157,10/06/24 01:23:51,STABLE BEAMS,6800,486831.825279849,460803.930160926,63.6,HFET
386614:10201,158:158,10/06/24 01:24:14,STABLE BEAMS,6800,485640.835618441,461340.623551460,63.4,HFET
386614:10201,159:159,10/06/24 01:24:38,STABLE BEAMS,6800,484593.580220696,459153.370821493,63.3,HFET
386614:10201,160:160,10/06/24 01:25:01,STABLE BEAMS,6800,483741.461685512,452946.330425420,63.1,HFET
386614:10201,161:161,10/06/24 01:25:24,STABLE BEAMS,6800,484237.407834255,460213.738532457,63.1,HFET
386614:10201,162:162,10/06/24 01:25:48,STABLE BEAMS,6800,483872.950796938,460170.851361149,63.1,HFET
386614:10201,163:163,10/06/24 01:26:11,STABLE BEAMS,6800,483729.307445312,459948.578420687,63.1,HFET
386614:10201,164:164,10/06/24 01:26:34,STABLE BEAMS,6800,484281.707638774,459161.156621698,63.1,HFET
386614:10201,165:165,10/06/24 01:26:58,STABLE BEAMS,6800,493198.127249515,463642.061801558,64.4,HFET
386614:10201,166:166,10/06/24 01:27:21,STABLE BEAMS,6800,493095.732321431,464036.843831350,64.3,HFET
386614:10201,167:167,10/06/24 01:27:44,STABLE BEAMS,6800,492081.622520426,464168.057875582,64.2,HFET
386614:10201,168:168,10/06/24 01:28:08,STABLE BEAMS,6800,491507.913943829,463706.667625713,64.1,HFET
386614:10201,169:169,10/06/24 01:28:31,STABLE BEAMS,6800,490748.537343122,463320.081665837,64.0,HFET
386614:10201,170:170,10/06/24 01:28:54,STABLE BEAMS,6800,490189.896854107,463246.188827305,64.0,HFET
386614:10201,171:171,10/06/24 01:29:18,STABLE BEAMS,6800,490250.542176900,464013.940990927,64.0,HFET
386614:10201,172:172,10/06/24 01:29:41,STABLE BEAMS,6800,489479.920456377,463276.145509471,63.9,HFET
386614:10201,173:173,10/06/24 01:30:04,STABLE BEAMS,6800,488974.960029373,452934.856859968,63.8,HFET
386614:10201,174:174,10/06/24 01:30:27,STABLE BEAMS,6800,488078.224663075,462139.017734151,63.7,HFET
386614:10201,175:175,10/06/24 01:30:51,STABLE BEAMS,6800,487561.424691389,462584.472735457,63.6,HFET
386614:10201,176:176,10/06/24 01:31:14,STABLE BEAMS,6800,486435.222678212,461404.136100078,63.5,HFET
386614:10201,177:177,10/06/24 01:31:37,STABLE BEAMS,6800,486073.679488277,460862.570756721,63.4,HFET
386614:10201,178:178,10/06/24 01:32:01,STABLE BEAMS,6800,485505.887187404,459161.429357813,63.4,HFET
386614:10201,179:179,10/06/24 01:32:24,STABLE BEAMS,6800,484690.877081401,460489.689203852,63.2,HFET
386614:10201,180:180,10/06/24 01:32:47,STABLE BEAMS,6800,484878.272434237,460451.354627693,63.2,HFET
386614:10201,181:181,10/06/24 01:33:11,STABLE BEAMS,6800,485063.893836788,460499.568312016,63.2,HFET
386614:10201,182:182,10/06/24 01:33:34,STABLE BEAMS,6800,486021.822329187,460570.230276571,63.2,HFET
386614:10201,183:183,10/06/24 01:33:57,STABLE BEAMS,6800,488153.483513260,461505.027482913,63.6,HFET
386614:10201,184:184,10/06/24 01:34:21,STABLE BEAMS,6800,488901.703575110,462199.798259464,63.7,HFET
386614:10201,185:185,10/06/24 01:34:44,STABLE BEAMS,6800,488871.063887118,461685.459906045,63.8,HFET
386614:10201,186:186,10/06/24 01:35:07,STABLE BEAMS,6800,488465.992479450,455595.700701563,63.7,HFET
386614:10201,187:187,10/06/24 01:35:30,STABLE BEAMS,6800,488470.272338484,462600.317071982,63.7,HFET
386614:10201,188:188,10/06/24 01:35:54,STABLE BEAMS,6800,489350.209957394,462747.100385546,63.7,HFET
386614:10201,189:189,10/06/24 01:36:17,STABLE BEAMS,6800,490123.745525300,462707.581621811,64.0,HFET
386614:10201,190:190,10/06/24 01:36:40,STABLE BEAMS,6800,490225.455116480,462379.955615403,63.9,HFET
386614:10201,191:191,10/06/24 01:37:04,STABLE BEAMS,6800,491076.480376125,343294.132091794,64.0,HFET
386614:10201,192:192,10/06/24 01:37:27,STABLE BEAMS,6800,491459.970664543,463142.609711645,64.1,HFET
386614:10201,193:193,10/06/24 01:37:50,STABLE BEAMS,6800,491308.998403982,463397.389533501,64.1,HFET
386614:10201,194:194,10/06/24 01:38:14,STABLE BEAMS,6800,491687.297381904,463733.619548459,64.1,HFET
386614:10201,195:195,10/06/24 01:38:37,STABLE BEAMS,6800,491803.986479705,463537.300829399,64.2,HFET
386614:10201,196:196,10/06/24 01:39:00,STABLE BEAMS,6800,491450.637028608,463936.497920745,64.1,HFET
386614:10201,197:197,10/06/24 01:39:24,STABLE BEAMS,6800,491654.925703028,463621.119397653,64.1,HFET
386614:10201,198:198,10/06/24 01:39:47,STABLE BEAMS,6800,491725.039864274,463862.285724540,64.1,HFET
386614:10201,199:199,10/06/24 01:40:10,STABLE BEAMS,6800,491387.488128144,456230.145512993,64.1,HFET
386614:10201,200:200,10/06/24 01:40:34,STABLE BEAMS,6800,490353.801934888,463033.249522778,64.0,HFET
386614:10201,201:201,10/06/24 01:40:57,STABLE BEAMS,6800,489348.342763992,463004.931588380,63.8,HFET
386614:10201,202:202,10/06/24 01:41:20,STABLE BEAMS,6800,488394.966866742,462302.375011625,63.8,HFET
386614:10201,203:203,10/06/24 01:41:43,STABLE BEAMS,6800,487902.209632574,462211.500270550,63.6,HFET
386614:10201,204:204,10/06/24 01:42:07,STABLE BEAMS,6800,487654.395071500,462198.704983926,63.6,HFET
386614:10201,205:205,10/06/24 01:42:30,STABLE BEAMS,6800,487359.914661833,462534.755505885,63.5,HFET
386614:10201,206:206,10/06/24 01:42:53,STABLE BEAMS,6800,485715.821732510,460981.264581522,63.4,HFET
386614:10201,207:207,10/06/24 01:43:17,STABLE BEAMS,6800,484922.663150795,460152.685271030,63.2,HFET
386614:10201,208:208,10/06/24 01:43:40,STABLE BEAMS,6800,484673.209841954,460372.906862934,63.3,HFET
386614:10201,209:209,10/06/24 01:44:03,STABLE BEAMS,6800,483405.732852304,458909.519092859,63.1,HFET
386614:10201,210:210,10/06/24 01:44:27,STABLE BEAMS,6800,483353.875693215,458942.207798330,63.0,HFET
386614:10201,211:211,10/06/24 01:44:50,STABLE BEAMS,6800,482863.118523890,459341.633335311,63.1,HFET
386614:10201,212:212,10/06/24 01:45:13,STABLE BEAMS,6800,490363.135570822,456856.713612179,64.0,HFET
386614:10201,213:213,10/06/24 01:45:37,STABLE BEAMS,6800,489444.819085274,460872.496486443,63.9,HFET
386614:10201,214:214,10/06/24 01:46:00,STABLE BEAMS,6800,488230.017463059,463005.157702937,63.8,HFET
386614:10201,215:215,10/06/24 01:46:23,STABLE BEAMS,6800,487117.655059409,462710.040909002,63.6,HFET
386614:10201,216:216,10/06/24 01:46:47,STABLE BEAMS,6800,485753.382390804,458912.568142759,63.4,HFET
386614:10201,217:217,10/06/24 01:47:10,STABLE BEAMS,6800,483966.238203644,460193.479134379,63.3,HFET
386614:10201,218:218,10/06/24 01:47:33,STABLE BEAMS,6800,482998.749960754,459316.411072371,63.0,HFET
386614:10201,219:219,10/06/24 01:47:56,STABLE BEAMS,6800,492584.853287624,461919.523438553,62.9,HFET
386614:10201,220:220,10/06/24 01:48:20,STABLE BEAMS,6800,493765.917219310,464565.798043237,64.5,HFET
386614:10201,221:221,10/06/24 01:48:43,STABLE BEAMS,6800,492681.784169098,464738.533247125,64.3,HFET
386614:10201,222:222,10/06/24 01:49:06,STABLE BEAMS,6800,492387.849231660,464365.106222026,64.3,HFET
386614:10201,223:223,10/06/24 01:49:30,STABLE BEAMS,6800,491269.022748978,464507.521095595,64.1,HFET
386614:10201,224:224,10/06/24 01:49:53,STABLE BEAMS,6800,490715.028098228,463854.271478700,64.0,HFET
386614:10201,225:225,10/06/24 01:50:16,STABLE BEAMS,6800,489502.228871934,457291.378053860,63.9,HFET
386614:10201,226:226,10/06/24 01:50:40,STABLE BEAMS,6800,488484.067657530,461549.600023547,63.8,HFET
386614:10201,227:227,10/06/24 01:51:03,STABLE BEAMS,6800,488606.721983693,463857.504683755,65.0,HFET
386614:10201,228:228,10/06/24 01:51:26,STABLE BEAMS,6800,488826.945906675,462807.745708340,63.7,HFET
386614:10201,229:229,10/06/24 01:51:50,STABLE BEAMS,6800,488449.057198465,463559.427420880,63.7,HFET
386614:10201,230:230,10/06/24 01:52:13,STABLE BEAMS,6800,489294.480877903,463481.618371466,63.8,HFET
386614:10201,231:231,10/06/24 01:52:36,STABLE BEAMS,6800,489717.809287729,463691.506295015,63.9,HFET
386614:10201,232:232,10/06/24 01:52:59,STABLE BEAMS,6800,490258.281355547,462257.072843606,63.9,HFET
386614:10201,233:233,10/06/24 01:53:23,STABLE BEAMS,6800,491409.341983510,460159.195971620,64.0,HFET
386614:10201,234:234,10/06/24 01:53:46,STABLE BEAMS,6800,491887.031130095,463511.621675190,64.2,HFET
386614:10201,235:235,10/06/24 01:54:09,STABLE BEAMS,6800,491538.644543859,464425.795835301,64.1,HFET
386614:10201,236:236,10/06/24 01:54:33,STABLE BEAMS,6800,491754.861343922,465338.876719873,64.1,HFET
386614:10201,237:237,10/06/24 01:54:56,STABLE BEAMS,6800,492185.975553952,464757.930146378,64.1,HFET
386614:10201,238:238,10/06/24 01:55:19,STABLE BEAMS,6800,492029.264179587,458902.507210518,64.2,HFET
386614:10201,239:239,10/06/24 01:55:43,STABLE BEAMS,6800,491657.839550410,463023.962508402,64.1,HFET
386614:10201,240:240,10/06/24 01:56:06,STABLE BEAMS,6800,490939.939818879,465060.695206922,64.1,HFET
386614:10201,241:241,10/06/24 01:56:29,STABLE BEAMS,6800,490309.548751927,464204.616170377,64.0,HFET
386614:10201,242:242,10/06/24 01:56:53,STABLE BEAMS,6800,489433.937613610,464249.006886935,63.9,HFET
386614:10201,243:243,10/06/24 01:57:16,STABLE BEAMS,6800,488691.724739523,463803.460973590,63.7,HFET
386614:10201,244:244,10/06/24 01:57:39,STABLE BEAMS,6800,488208.072695655,463098.766798395,63.7,HFET
386614:10201,245:245,10/06/24 01:58:03,STABLE BEAMS,6800,493653.051089274,464486.212712460,63.6,HFET
386614:10201,246:246,10/06/24 01:58:26,STABLE BEAMS,6800,504530.671812235,469657.699721874,65.3,HFET
386614:10201,247:247,10/06/24 01:58:49,STABLE BEAMS,6800,499586.600101142,468548.526232799,65.8,HFET
386614:10201,248:248,10/06/24 01:59:12,STABLE BEAMS,6800,492732.457140611,372300.298592882,64.3,HFET
386614:10201,249:249,10/06/24 01:59:36,STABLE BEAMS,6800,492194.125002310,448915.705578131,64.2,HFET
386614:10201,250:250,10/06/24 01:59:59,STABLE BEAMS,6800,491530.266649866,465388.822395080,64.2,HFET
386614:10201,251:251,10/06/24 02:00:22,STABLE BEAMS,6800,489999.722856406,456802.033517746,64.0,HFET
386614:10201,252:252,10/06/24 02:00:46,STABLE BEAMS,6800,489009.881907478,463800.456214170,63.8,HFET
386614:10201,253:253,10/06/24 02:01:09,STABLE BEAMS,6800,488254.374896095,463890.102477188,63.8,HFET
386614:10201,254:254,10/06/24 02:01:32,STABLE BEAMS,6800,487030.286259504,462252.520248456,63.6,HFET
386614:10201,255:255,10/06/24 02:01:56,STABLE BEAMS,6800,486764.669256465,463204.984694245,63.5,HFET
386614:10201,256:256,10/06/24 02:02:19,STABLE BEAMS,6800,485682.174954020,462001.064543694,63.4,HFET
386614:10201,257:257,10/06/24 02:02:42,STABLE BEAMS,6800,484824.275345630,460803.519891214,63.3,HFET
386614:10201,258:258,10/06/24 02:03:06,STABLE BEAMS,6800,483973.977382291,460043.733020797,63.2,HFET
386614:10201,259:259,10/06/24 02:03:29,STABLE BEAMS,6800,483268.099019520,460582.932320079,63.0,HFET
386614:10201,260:260,10/06/24 02:03:52,STABLE BEAMS,6800,490543.474750838,463514.582144130,64.0,HFET
386614:10201,261:261,10/06/24 02:04:16,STABLE BEAMS,6800,490016.341110796,464315.433282934,63.9,HFET
386614:10201,262:262,10/06/24 02:04:39,STABLE BEAMS,6800,489426.606373597,464056.009953891,63.9,HFET
386614:10201,263:263,10/06/24 02:05:02,STABLE BEAMS,6800,489018.758652143,463576.227499346,63.8,HFET
386614:10201,264:264,10/06/24 02:05:25,STABLE BEAMS,6800,488219.728085183,456483.967261829,63.7,HFET
386614:10201,265:265,10/06/24 02:05:49,STABLE BEAMS,6800,487783.832834368,462329.511089524,63.6,HFET
386614:10201,266:266,10/06/24 02:06:12,STABLE BEAMS,6800,487899.706054903,462756.753379153,63.6,HFET
386614:10201,267:267,10/06/24 02:06:35,STABLE BEAMS,6800,487881.173985553,463227.612467475,63.7,HFET
386614:10201,268:268,10/06/24 02:06:59,STABLE BEAMS,6800,488306.232055185,462868.025051903,63.7,HFET
386614:10201,269:269,10/06/24 02:07:22,STABLE BEAMS,6800,488632.902319651,463064.527926117,63.7,HFET
386614:10201,270:270,10/06/24 02:07:45,STABLE BEAMS,6800,488970.269900627,463018.179104118,63.8,HFET
386614:10201,271:271,10/06/24 02:08:09,STABLE BEAMS,6800,488399.794529084,462761.124150226,63.7,HFET
386614:10201,272:272,10/06/24 02:08:32,STABLE BEAMS,6800,488342.701769019,462713.910498325,63.6,HFET
386614:10201,273:273,10/06/24 02:08:55,STABLE BEAMS,6800,488113.598770294,463234.761883412,63.7,HFET
386614:10201,274:274,10/06/24 02:09:19,STABLE BEAMS,6800,487463.675601570,463123.760615700,63.6,HFET
386614:10201,275:275,10/06/24 02:09:42,STABLE BEAMS,6800,487343.433941040,461612.065918185,63.5,HFET
386614:10201,276:276,10/06/24 02:10:05,STABLE BEAMS,6800,487133.180038260,462646.299914749,63.6,HFET
386614:10201,277:277,10/06/24 02:10:28,STABLE BEAMS,6800,487267.401172991,456429.515613031,63.5,HFET
386614:10201,278:278,10/06/24 02:10:52,STABLE BEAMS,6800,487646.564980815,463055.376114259,63.6,HFET
386614:10201,279:279,10/06/24 02:11:15,STABLE BEAMS,6800,486796.905732822,461728.757347065,63.6,HFET
386614:10201,280:280,10/06/24 02:11:38,STABLE BEAMS,6800,486488.264024878,461245.331417754,63.4,HFET
386614:10201,281:281,10/06/24 02:12:02,STABLE BEAMS,6800,486337.063318683,462239.818204948,63.5,HFET
386614:10201,282:282,10/06/24 02:12:25,STABLE BEAMS,6800,485763.536566161,434142.270905321,63.3,HFET
386614:10201,283:283,10/06/24 02:12:48,STABLE BEAMS,6800,485980.890932242,461921.390631956,63.4,HFET
386614:10201,284:284,10/06/24 02:13:12,STABLE BEAMS,6800,486749.782992959,461899.079885321,63.4,HFET
386614:10201,285:285,10/06/24 02:13:35,STABLE BEAMS,6800,486684.675987054,352196.346113778,63.5,HFET
386614:10201,286:286,10/06/24 02:13:58,STABLE BEAMS,6800,486685.769262592,461693.973002557,63.4,HFET
386614:10201,287:287,10/06/24 02:14:22,STABLE BEAMS,6800,486314.298011856,460735.226301812,63.5,HFET
386614:10201,288:288,10/06/24 02:14:45,STABLE BEAMS,6800,485451.025268894,461811.163282108,63.4,HFET
386614:10201,289:289,10/06/24 02:15:08,STABLE BEAMS,6800,485447.246591609,460049.607337119,63.3,HFET
386614:10201,290:290,10/06/24 02:15:32,STABLE BEAMS,6800,484538.764923744,454358.725866309,63.2,HFET
386614:10201,291:291,10/06/24 02:15:55,STABLE BEAMS,6800,484261.492531176,459982.041044023,63.2,HFET
386614:10201,292:292,10/06/24 02:16:18,STABLE BEAMS,6800,484517.866810320,460686.646638258,63.2,HFET
386614:10201,293:293,10/06/24 02:16:41,STABLE BEAMS,6800,483874.999814417,460835.071030668,63.2,HFET
386614:10201,294:294,10/06/24 02:17:05,STABLE BEAMS,6800,484790.857012775,461469.651044616,63.0,HFET
386614:10201,295:295,10/06/24 02:17:28,STABLE BEAMS,6800,492475.810125353,464760.023454337,64.2,HFET
386614:10201,296:296,10/06/24 02:17:51,STABLE BEAMS,6800,492066.323656132,465727.649230825,64.2,HFET
386614:10201,297:297,10/06/24 02:18:15,STABLE BEAMS,6800,491926.643136946,465551.725112362,64.2,HFET
386614:10201,298:298,10/06/24 02:18:38,STABLE BEAMS,6800,492323.108204986,465737.982899180,64.2,HFET
386614:10201,299:299,10/06/24 02:19:01,STABLE BEAMS,6800,491858.440459582,464171.880843348,64.2,HFET
386614:10201,300:300,10/06/24 02:19:25,STABLE BEAMS,6800,492218.163077673,464554.415389824,64.1,HFET
386614:10201,301:301,10/06/24 02:19:48,STABLE BEAMS,6800,492598.420161035,465027.367786105,64.3,HFET
386614:10201,302:302,10/06/24 02:20:11,STABLE BEAMS,6800,492363.673622701,464610.778522505,64.2,HFET
386614:10201,303:303,10/06/24 02:20:35,STABLE BEAMS,6800,492895.040500220,458291.464090183,64.2,HFET
386614:10201,304:304,10/06/24 02:20:58,STABLE BEAMS,6800,493561.992193045,465594.567993190,64.4,HFET
386614:10201,305:305,10/06/24 02:21:21,STABLE BEAMS,6800,493802.568757221,465712.714014683,64.4,HFET
386614:10201,306:306,10/06/24 02:21:45,STABLE BEAMS,6800,494263.000934071,463638.010388158,64.4,HFET
386614:10201,307:307,10/06/24 02:22:08,STABLE BEAMS,6800,493528.165921555,465334.596860838,64.5,HFET
386614:10201,308:308,10/06/24 02:22:31,STABLE BEAMS,6800,492506.179408308,464564.977503814,64.3,HFET
386614:10201,309:309,10/06/24 02:22:55,STABLE BEAMS,6800,492248.394827032,463586.654410818,64.2,HFET
386614:10201,310:310,10/06/24 02:23:18,STABLE BEAMS,6800,491571.834431080,463818.804128365,64.2,HFET
386614:10201,311:311,10/06/24 02:23:41,STABLE BEAMS,6800,491034.185298605,464096.393547528,64.0,HFET
386614:10201,312:312,10/06/24 02:24:04,STABLE BEAMS,6800,490988.200124760,464294.628412626,64.1,HFET
386614:10201,313:313,10/06/24 02:24:28,STABLE BEAMS,6800,490197.638363831,462815.713332621,64.0,HFET
386614:10201,314:314,10/06/24 02:24:51,STABLE BEAMS,6800,490003.228797576,461557.523357348,63.9,HFET
386614:10201,315:315,10/06/24 02:25:14,STABLE BEAMS,6800,489410.442679399,462698.749167627,63.8,HFET
386614:10201,316:316,10/06/24 02:25:38,STABLE BEAMS,6800,489039.885211202,456724.816562121,63.8,HFET
386614:10201,317:317,10/06/24 02:26:01,STABLE BEAMS,6800,488569.480683072,462942.283869665,63.7,HFET
386614:10201,318:318,10/06/24 02:26:24,STABLE BEAMS,6800,487654.441693058,462963.680833762,63.7,HFET
386614:10201,319:319,10/06/24 02:26:48,STABLE BEAMS,6800,487068.984483816,460590.671498726,63.5,HFET
386614:10201,320:320,10/06/24 02:27:11,STABLE BEAMS,6800,486557.970247491,461661.328587566,63.5,HFET
386614:10201,321:321,10/06/24 02:27:34,STABLE BEAMS,6800,486004.155089740,459310.354931972,63.4,HFET
386614:10201,322:322,10/06/24 02:27:57,STABLE BEAMS,6800,485115.932819954,460106.154624955,63.3,HFET
386614:10201,323:323,10/06/24 02:28:21,STABLE BEAMS,6800,484697.341160433,461294.775911211,63.3,HFET
386614:10201,324:324,10/06/24 02:28:44,STABLE BEAMS,6800,483270.376482634,459533.082432625,63.1,HFET
386614:10201,325:325,10/06/24 02:29:07,STABLE BEAMS,6800,490165.495130590,461847.814820019,63.0,HFET
386614:10201,326:326,10/06/24 02:29:31,STABLE BEAMS,6800,491191.031875488,465036.018416213,64.1,HFET
386614:10201,327:327,10/06/24 02:29:54,STABLE BEAMS,6800,490414.491548162,463515.628798110,64.0,HFET
386614:10201,328:328,10/06/24 02:30:17,STABLE BEAMS,6800,489920.685328937,462033.618046646,63.9,HFET
386614:10201,329:329,10/06/24 02:30:41,STABLE BEAMS,6800,489450.189888768,454921.054120571,63.9,HFET
386614:10201,330:330,10/06/24 02:31:04,STABLE BEAMS,6800,488451.469864097,462658.594019623,63.8,HFET
386614:10201,331:331,10/06/24 02:31:27,STABLE BEAMS,6800,487789.616238652,459691.385933199,63.6,HFET
386614:10201,332:332,10/06/24 02:31:51,STABLE BEAMS,6800,487223.010456433,461617.439052758,63.6,HFET
386614:10201,333:333,10/06/24 02:32:14,STABLE BEAMS,6800,486074.043136430,461875.405458111,63.5,HFET
386614:10201,334:334,10/06/24 02:32:37,STABLE BEAMS,6800,485130.639590461,461905.136025720,63.3,HFET
386614:10201,335:335,10/06/24 02:33:01,STABLE BEAMS,6800,484289.220702864,461253.070596401,63.2,HFET
386614:10201,336:336,10/06/24 02:33:24,STABLE BEAMS,6800,483141.710306553,459357.477671835,63.1,HFET
386614:10201,337:337,10/06/24 02:33:47,STABLE BEAMS,6800,487276.187005617,462718.327890956,62.9,HFET
386614:10201,338:338,10/06/24 02:34:10,STABLE BEAMS,6800,491970.623583792,465542.435766908,64.2,HFET
386614:10201,339:339,10/06/24 02:34:34,STABLE BEAMS,6800,491051.668382897,465257.470817251,64.1,HFET
386614:10201,340:340,10/06/24 02:34:57,STABLE BEAMS,6800,490680.971050026,464439.772978423,64.0,HFET
386614:10201,341:341,10/06/24 02:35:20,STABLE BEAMS,6800,491081.627396141,465323.852922771,64.0,HFET
386614:10201,342:342,10/06/24 02:35:44,STABLE BEAMS,6800,491971.898683407,458457.644303001,64.1,HFET
386614:10201,343:343,10/06/24 02:36:07,STABLE BEAMS,6800,494001.164939395,464265.897877439,64.3,HFET
386614:10201,344:344,10/06/24 02:36:30,STABLE BEAMS,6800,494418.800856974,465791.707251672,64.4,HFET
386614:10201,345:345,10/06/24 02:36:54,STABLE BEAMS,6800,494954.037323817,466311.418739663,64.6,HFET
386614:10201,346:346,10/06/24 02:37:17,STABLE BEAMS,6800,494727.440233841,465324.489307039,64.5,HFET
386614:10201,347:347,10/06/24 02:37:40,STABLE BEAMS,6800,495863.477064701,466384.174012177,64.6,HFET
386614:10201,348:348,10/06/24 02:38:04,STABLE BEAMS,6800,497344.075182954,467549.076580743,64.8,HFET
386614:10201,349:349,10/06/24 02:38:27,STABLE BEAMS,6800,497922.473888298,467672.367291174,64.9,HFET
386614:10201,350:350,10/06/24 02:38:50,STABLE BEAMS,6800,498555.781133710,467052.720162289,65.0,HFET
386614:10201,351:351,10/06/24 02:39:13,STABLE BEAMS,6800,491088.909683518,464505.835726269,65.1,HFET
386614:10201,352:352,10/06/24 02:39:37,STABLE BEAMS,6800,489559.277341520,464228.246307107,63.9,HFET
386614:10201,353:353,10/06/24 02:40:00,STABLE BEAMS,6800,489617.008816932,463641.469707770,63.8,HFET
386614:10201,354:354,10/06/24 02:40:23,STABLE BEAMS,6800,489902.155590665,464917.643949085,63.9,HFET
386614:10201,355:355,10/06/24 02:40:47,STABLE BEAMS,6800,489449.052322750,457090.047517303,63.9,HFET
386614:10201,356:356,10/06/24 02:41:10,STABLE BEAMS,6800,489791.429390145,462868.798969767,63.8,HFET
386614:10201,357:357,10/06/24 02:41:33,STABLE BEAMS,6800,489917.270299805,461938.918006729,63.9,HFET
386614:10201,358:358,10/06/24 02:41:57,STABLE BEAMS,6800,489686.712708467,463598.899563056,63.8,HFET
386614:10201,359:359,10/06/24 02:42:20,STABLE BEAMS,6800,489674.330022632,463835.014444122,63.9,HFET
386614:10201,360:360,10/06/24 02:42:43,STABLE BEAMS,6800,489396.283712200,463783.928871819,63.8,HFET
386614:10201,361:361,10/06/24 02:43:07,STABLE BEAMS,6800,489111.136938467,463288.940796095,63.8,HFET
386614:10201,362:362,10/06/24 02:43:30,STABLE BEAMS,6800,489177.062152717,463626.308377071,63.8,HFET
386614:10201,363:363,10/06/24 02:43:53,STABLE BEAMS,6800,489078.539145034,464229.157758568,63.8,HFET
386614:10201,364:364,10/06/24 02:44:17,STABLE BEAMS,6800,488571.846727146,462575.866395829,63.8,HFET
386614:10201,365:365,10/06/24 02:44:40,STABLE BEAMS,6800,488506.786342799,462462.592327159,63.7,HFET
386614:10201,366:366,10/06/24 02:45:03,STABLE BEAMS,6800,487941.910220386,462545.270998317,63.7,HFET
386614:10201,367:367,10/06/24 02:45:26,STABLE BEAMS,6800,487809.376786059,461557.476735790,63.6,HFET
386614:10201,368:368,10/06/24 02:45:50,STABLE BEAMS,6800,488079.224695497,456053.309943069,63.7,HFET
386614:10201,369:369,10/06/24 02:46:13,STABLE BEAMS,6800,487450.334842716,462225.887683384,63.6,HFET
386614:10201,370:370,10/06/24 02:46:36,STABLE BEAMS,6800,486687.727368032,462156.545108924,63.5,HFET
386614:10201,371:371,10/06/24 02:47:00,STABLE BEAMS,6800,486760.846288699,461944.836613531,63.5,HFET
386614:10201,372:372,10/06/24 02:47:23,STABLE BEAMS,6800,486630.042514179,462265.951919349,63.5,HFET
386614:10201,373:373,10/06/24 02:47:46,STABLE BEAMS,6800,486023.370164917,462714.775328228,63.4,HFET
386614:10201,374:374,10/06/24 02:48:10,STABLE BEAMS,6800,485843.119565861,461573.549517950,63.4,HFET
386614:10201,375:375,10/06/24 02:48:33,STABLE BEAMS,6800,484731.260675038,461414.381187473,63.2,HFET
386614:10201,376:376,10/06/24 02:48:56,STABLE BEAMS,6800,489182.526199328,453828.132906654,64.0,HFET
386614:10201,377:377,10/06/24 02:49:20,STABLE BEAMS,6800,487261.846214342,463143.383629510,63.6,HFET
386614:10201,378:378,10/06/24 02:49:43,STABLE BEAMS,6800,485432.768266737,460482.950057627,63.4,HFET
386614:10201,379:379,10/06/24 02:50:06,STABLE BEAMS,6800,484938.416575281,372314.480870861,63.3,HFET
386614:10201,380:380,10/06/24 02:50:30,STABLE BEAMS,6800,484087.617430193,393152.361573175,63.2,HFET
386614:10201,381:381,10/06/24 02:50:53,STABLE BEAMS,6800,483562.579429187,453977.240304890,63.1,HFET
386614:10201,382:382,10/06/24 02:51:16,STABLE BEAMS,6800,493913.702896374,464598.442458228,64.5,HFET
386614:10201,383:383,10/06/24 02:51:39,STABLE BEAMS,6800,492490.379362263,464417.874832577,64.3,HFET
386614:10201,384:384,10/06/24 02:52:03,STABLE BEAMS,6800,491558.039112034,465178.204844147,64.1,HFET
386614:10201,385:385,10/06/24 02:52:26,STABLE BEAMS,6800,490791.972317739,464133.956536900,64.1,HFET
386614:10201,386:386,10/06/24 02:52:49,STABLE BEAMS,6800,489481.878561818,462709.949996963,63.9,HFET
386614:10201,387:387,10/06/24 02:53:13,STABLE BEAMS,6800,489080.131271243,464177.482423555,63.8,HFET
386614:10201,388:388,10/06/24 02:53:36,STABLE BEAMS,6800,488089.651606969,463213.863769988,63.7,HFET
386614:10201,389:389,10/06/24 02:53:59,STABLE BEAMS,6800,487084.010611996,461683.683624681,63.6,HFET
386614:10201,390:390,10/06/24 02:54:23,STABLE BEAMS,6800,486881.314063787,461904.907580085,63.5,HFET
386614:10201,391:391,10/06/24 02:54:46,STABLE BEAMS,6800,486205.301471143,462256.298925741,63.5,HFET
386614:10201,392:392,10/06/24 02:55:09,STABLE BEAMS,6800,485069.220349802,461546.231615973,63.3,HFET
386614:10201,393:393,10/06/24 02:55:33,STABLE BEAMS,6800,484449.482308879,458069.738953030,63.2,HFET
386614:10201,394:394,10/06/24 02:55:56,STABLE BEAMS,6800,483826.737177458,453021.225627451,63.2,HFET
386614:10201,395:395,10/06/24 02:56:19,STABLE BEAMS,6800,482745.382772109,460330.975433567,63.0,HFET
386614:10201,396:396,10/06/24 02:56:42,STABLE BEAMS,6800,488935.576468157,462592.211914104,62.9,HFET
386614:10201,397:397,10/06/24 02:57:06,STABLE BEAMS,6800,491041.241471425,464356.136234245,64.0,HFET
386614:10201,398:398,10/06/24 02:57:29,STABLE BEAMS,6800,491148.599264371,463210.994213086,64.1,HFET
386614:10201,399:399,10/06/24 02:57:52,STABLE BEAMS,6800,491245.166497691,465130.445720016,64.1,HFET
386614:10201,400:400,10/06/24 02:58:16,STABLE BEAMS,6800,491291.105049978,463055.194290182,64.1,HFET
386614:10201,401:401,10/06/24 02:58:39,STABLE BEAMS,6800,491995.209462463,464494.180336741,64.1,HFET
386614:10201,402:402,10/06/24 02:59:03,STABLE BEAMS,6800,492592.046994041,465165.502800639,64.2,HFET
386614:10201,403:403,10/06/24 02:59:26,STABLE BEAMS,6800,492470.665436415,464239.945987115,64.3,HFET
386614:10201,404:404,10/06/24 02:59:49,STABLE BEAMS,6800,493242.790702188,465411.769525983,64.2,HFET
386614:10201,405:405,10/06/24 03:00:12,STABLE BEAMS,6800,490830.125069821,464213.040685928,64.2,HFET
386614:10201,406:406,10/06/24 03:00:36,STABLE BEAMS,6800,488334.142050949,463298.318722510,63.6,HFET
386614:10201,407:407,10/06/24 03:00:59,STABLE BEAMS,6800,496156.500550677,459209.598751655,64.3,HFET
386614:10201,408:408,10/06/24 03:01:22,STABLE BEAMS,6800,495263.634773702,465551.678490804,64.7,HFET
386614:10201,409:409,10/06/24 03:01:46,STABLE BEAMS,6800,494418.437208821,465143.921681388,64.3,HFET
386614:10201,410:410,10/06/24 03:02:09,STABLE BEAMS,6800,494523.927808364,467303.674685302,64.6,HFET
386614:10201,411:411,10/06/24 03:02:32,STABLE BEAMS,6800,494220.568322954,465177.659371917,64.4,HFET
386614:10201,412:412,10/06/24 03:02:55,STABLE BEAMS,6800,495070.819664735,467048.486924812,64.5,HFET
386614:10201,413:413,10/06/24 03:03:19,STABLE BEAMS,6800,494027.342944275,467047.393649275,64.5,HFET
386614:10201,414:414,10/06/24 03:03:42,STABLE BEAMS,6800,493127.283460884,465632.674123714,64.3,HFET
386614:10201,415:415,10/06/24 03:04:05,STABLE BEAMS,6800,492988.283616447,464646.245872840,64.3,HFET
386614:10201,416:416,10/06/24 03:04:29,STABLE BEAMS,6800,492469.574491955,465646.469442760,64.3,HFET
386614:10201,417:417,10/06/24 03:04:52,STABLE BEAMS,6800,491800.389626497,456565.920967759,64.2,HFET
386614:10201,418:418,10/06/24 03:05:15,STABLE BEAMS,6800,491212.340258624,464428.026676856,64.1,HFET
386614:10201,419:419,10/06/24 03:05:39,STABLE BEAMS,6800,489859.813891586,464188.953657929,63.9,HFET
386614:10201,420:420,10/06/24 03:06:02,STABLE BEAMS,6800,489522.672425167,457328.892090596,63.9,HFET
386614:10201,421:421,10/06/24 03:06:25,STABLE BEAMS,6800,489146.149728610,463461.039615715,63.8,HFET
386614:10201,422:422,10/06/24 03:06:49,STABLE BEAMS,6800,488463.397989741,461967.737122876,63.7,HFET
386614:10201,423:423,10/06/24 03:07:12,STABLE BEAMS,6800,488369.290043611,463163.918094781,63.7,HFET
386614:10201,424:424,10/06/24 03:07:35,STABLE BEAMS,6800,487994.769742975,462038.079729758,63.7,HFET
386614:10201,425:425,10/06/24 03:07:59,STABLE BEAMS,6800,488254.647632210,463649.073683898,63.6,HFET
386614:10201,426:426,10/06/24 03:08:22,STABLE BEAMS,6800,488050.587403426,462531.293855195,63.7,HFET
386614:10201,427:427,10/06/24 03:08:45,STABLE BEAMS,6800,487986.893030731,462458.037400931,63.6,HFET
386614:10201,428:428,10/06/24 03:09:08,STABLE BEAMS,6800,487859.366751746,462992.411368949,63.6,HFET
386614:10201,429:429,10/06/24 03:09:32,STABLE BEAMS,6800,488170.055146091,462283.297470045,63.6,HFET
386614:10201,430:430,10/06/24 03:09:55,STABLE BEAMS,6800,488715.126430618,463818.167744097,63.7,HFET
386614:10201,431:431,10/06/24 03:10:18,STABLE BEAMS,6800,489197.142057796,463352.954526463,63.8,HFET
386614:10201,432:432,10/06/24 03:10:42,STABLE BEAMS,6800,489607.947917112,463364.290558318,63.8,HFET
386614:10201,433:433,10/06/24 03:11:05,STABLE BEAMS,6800,489674.647049227,456768.524272852,63.9,HFET
386614:10201,434:434,10/06/24 03:11:28,STABLE BEAMS,6800,490447.135963153,463930.623604423,63.9,HFET
386614:10201,435:435,10/06/24 03:11:52,STABLE BEAMS,6800,490033.005986744,464588.742843062,64.0,HFET
386614:10201,436:436,10/06/24 03:12:15,STABLE BEAMS,6800,489519.711956227,463199.066087442,63.9,HFET
386614:10201,437:437,10/06/24 03:12:38,STABLE BEAMS,6800,489574.984144448,460200.444395161,63.8,HFET
386614:10201,438:438,10/06/24 03:13:02,STABLE BEAMS,6800,489342.925338939,346154.756303138,63.9,HFET
386614:10201,439:439,10/06/24 03:13:25,STABLE BEAMS,6800,489585.956528150,57587.333209492,63.8,HFET
386614:10201,440:440,10/06/24 03:13:48,STABLE BEAMS,6800,489920.503504860,463826.909286243,63.9,HFET
386614:10201,441:441,10/06/24 03:14:11,STABLE BEAMS,6800,489752.365186602,462293.906205593,63.9,HFET
386614:10201,442:442,10/06/24 03:14:35,STABLE BEAMS,6800,488959.071402368,464079.549178582,63.8,HFET
386614:10201,443:443,10/06/24 03:14:58,STABLE BEAMS,6800,489821.796342023,464278.282894352,63.8,HFET
386614:10201,444:444,10/06/24 03:15:21,STABLE BEAMS,6800,488462.852517511,463357.143473459,63.8,HFET
386614:10201,445:445,10/06/24 03:15:45,STABLE BEAMS,6800,487527.962068053,463315.801806802,63.6,HFET
386614:10201,446:446,10/06/24 03:16:08,STABLE BEAMS,6800,486877.901365733,462560.889220285,63.6,HFET
386614:10201,447:447,10/06/24 03:16:31,STABLE BEAMS,6800,485874.626414834,455680.703457393,63.5,HFET
386614:10201,448:448,10/06/24 03:16:55,STABLE BEAMS,6800,485490.180384475,461731.079100659,63.3,HFET
386614:10201,449:449,10/06/24 03:17:18,STABLE BEAMS,6800,486045.224020283,461631.052547727,63.4,HFET
386614:10201,450:450,10/06/24 03:17:41,STABLE BEAMS,6800,487302.912813806,461809.615446379,63.5,HFET
386614:10201,451:451,10/06/24 03:18:05,STABLE BEAMS,6800,487902.435747131,462294.498299381,63.6,HFET
386614:10201,452:452,10/06/24 03:18:28,STABLE BEAMS,6800,486194.466621037,461363.479770325,63.5,HFET
386614:10201,453:453,10/06/24 03:18:51,STABLE BEAMS,6800,484450.256226744,460088.170358912,63.3,HFET
386614:10201,454:454,10/06/24 03:19:15,STABLE BEAMS,6800,483683.049535352,392418.116323370,63.1,HFET
386614:10201,455:455,10/06/24 03:19:38,STABLE BEAMS,6800,482801.745904790,265851.740253342,63.0,HFET
386614:10201,456:456,10/06/24 03:20:01,STABLE BEAMS,6800,488356.040196795,463887.097717768,62.9,HFET
386614:10201,457:457,10/06/24 03:20:24,STABLE BEAMS,6800,490159.485611749,463971.599291848,64.0,HFET
386614:10201,458:458,10/06/24 03:20:48,STABLE BEAMS,6800,489350.300869432,465012.390610561,63.9,HFET
386614:10201,459:459,10/06/24 03:21:11,STABLE BEAMS,6800,489453.285560227,464268.811724821,63.8,HFET
386614:10201,460:460,10/06/24 03:21:34,STABLE BEAMS,6800,489141.459599864,462841.483398869,63.9,HFET
386614:10201,461:461,10/06/24 03:21:58,STABLE BEAMS,6800,488739.392951616,456423.869742343,63.7,HFET
386614:10201,462:462,10/06/24 03:22:21,STABLE BEAMS,6800,487543.941607096,464088.791902478,63.6,HFET
386614:10201,463:463,10/06/24 03:22:44,STABLE BEAMS,6800,487272.408328332,463029.016285302,63.6,HFET
386614:10201,464:464,10/06/24 03:23:08,STABLE BEAMS,6800,487058.468991384,462707.171352100,63.4,HFET
386614:10201,465:465,10/06/24 03:23:31,STABLE BEAMS,6800,487178.300382202,463840.704605289,63.6,HFET
386614:10201,466:466,10/06/24 03:23:54,STABLE BEAMS,6800,486695.419925121,462731.484494656,63.5,HFET
386614:10201,467:467,10/06/24 03:24:18,STABLE BEAMS,6800,486656.994436924,461402.816709983,63.5,HFET
386614:10201,468:468,10/06/24 03:24:41,STABLE BEAMS,6800,487255.561628308,463208.809993088,63.5,HFET
386614:10201,469:469,10/06/24 03:25:04,STABLE BEAMS,6800,487196.785829994,463029.060575782,63.6,HFET
386614:10201,470:470,10/06/24 03:25:28,STABLE BEAMS,6800,487360.415843583,463096.852983435,63.6,HFET
386614:10201,471:471,10/06/24 03:25:51,STABLE BEAMS,6800,487036.659426498,462868.617145691,63.6,HFET
386614:10201,472:472,10/06/24 03:26:14,STABLE BEAMS,6800,486526.554310557,463514.673056169,63.5,HFET
386614:10201,473:473,10/06/24 03:26:37,STABLE BEAMS,6800,485688.459540054,457120.962272488,63.4,HFET
386614:10201,474:474,10/06/24 03:27:01,STABLE BEAMS,6800,485586.017990411,461602.186810021,63.3,HFET
386614:10201,475:475,10/06/24 03:27:24,STABLE BEAMS,6800,486086.700889458,463194.466870734,63.3,HFET
386614:10201,476:476,10/06/24 03:27:47,STABLE BEAMS,6800,486447.971343279,462557.882129787,63.4,HFET
386614:10201,477:477,10/06/24 03:28:11,STABLE BEAMS,6800,485681.538569752,462051.464779092,63.4,HFET
386614:10201,478:478,10/06/24 03:28:34,STABLE BEAMS,6800,485649.304424472,462234.445070376,63.3,HFET
386614:10201,479:479,10/06/24 03:28:57,STABLE BEAMS,6800,496854.914801994,468035.006087725,64.1,HFET
386614:10201,480:480,10/06/24 03:29:21,STABLE BEAMS,6800,496167.018374187,466066.611269088,65.1,HFET
386614:10201,481:481,10/06/24 03:29:44,STABLE BEAMS,6800,493840.903333380,465494.676642776,64.5,HFET
386614:10201,482:482,10/06/24 03:30:07,STABLE BEAMS,6800,493974.075483053,466404.025471622,64.4,HFET
386614:10201,483:483,10/06/24 03:30:31,STABLE BEAMS,6800,493876.233150118,464099.263104430,64.4,HFET
386614:10201,484:484,10/06/24 03:30:54,STABLE BEAMS,6800,493298.426538562,465663.952527052,64.3,HFET
386614:10201,485:485,10/06/24 03:31:17,STABLE BEAMS,6800,493784.994760890,466301.085071307,64.3,HFET
386614:10201,486:486,10/06/24 03:31:40,STABLE BEAMS,6800,493711.328036915,458086.993591688,64.4,HFET
386614:10201,487:487,10/06/24 03:32:04,STABLE BEAMS,6800,493159.974497433,466515.616502044,64.3,HFET
386614:10201,488:488,10/06/24 03:32:27,STABLE BEAMS,6800,493510.044121917,464146.066486620,64.3,HFET
386614:10201,489:489,10/06/24 03:32:50,STABLE BEAMS,6800,492684.059301134,464231.432890604,64.4,HFET
386614:10201,490:490,10/06/24 03:33:14,STABLE BEAMS,6800,492410.157647218,466211.574010808,64.2,HFET
386614:10201,491:491,10/06/24 03:33:37,STABLE BEAMS,6800,490298.210388994,465469.636203914,64.3,HFET
386614:10201,492:492,10/06/24 03:34:00,STABLE BEAMS,6800,493503.580042884,466932.478501759,63.7,HFET
386614:10201,493:493,10/06/24 03:34:24,STABLE BEAMS,6800,495234.906569593,466564.879171425,64.6,HFET
386614:10201,494:494,10/06/24 03:34:47,STABLE BEAMS,6800,493772.290386304,467073.662566194,64.5,HFET
386614:10201,495:495,10/06/24 03:35:10,STABLE BEAMS,6800,491719.850884856,465997.816497936,64.2,HFET
386614:10201,496:496,10/06/24 03:35:34,STABLE BEAMS,6800,491273.258317532,463679.258811698,64.0,HFET
386614:10201,497:497,10/06/24 03:35:57,STABLE BEAMS,6800,491015.881674890,465049.039817394,64.0,HFET
386614:10201,498:498,10/06/24 03:36:20,STABLE BEAMS,6800,490731.236082906,463954.207119594,64.0,HFET
386614:10201,499:499,10/06/24 03:36:44,STABLE BEAMS,6800,490650.785922226,454745.267535705,64.0,HFET
386614:10201,500:500,10/06/24 03:37:07,STABLE BEAMS,6800,490195.269988679,351234.275295940,64.0,HFET
386614:10201,501:501,10/06/24 03:37:30,STABLE BEAMS,6800,489425.149449906,463387.191067664,63.9,HFET
386614:10201,502:502,10/06/24 03:37:53,STABLE BEAMS,6800,488920.643583093,463739.675688858,63.7,HFET
386614:10201,503:503,10/06/24 03:38:17,STABLE BEAMS,6800,488621.200308565,463935.633090842,63.8,HFET
386614:10201,504:504,10/06/24 03:38:40,STABLE BEAMS,6800,488455.292831863,463132.593069884,63.7,HFET
386614:10201,505:505,10/06/24 03:39:03,STABLE BEAMS,6800,488872.292365174,462856.006014221,63.8,HFET
386614:10201,506:506,10/06/24 03:39:27,STABLE BEAMS,6800,488344.384807267,462813.710936700,63.7,HFET
386614:10201,507:507,10/06/24 03:39:50,STABLE BEAMS,6800,488163.999005692,463802.505231649,63.6,HFET
386614:10201,508:508,10/06/24 03:40:13,STABLE BEAMS,6800,487999.002980451,462278.427848300,63.7,HFET
386614:10201,509:509,10/06/24 03:40:37,STABLE BEAMS,6800,484954.260911806,461902.266468818,63.3,HFET
386614:10201,510:510,10/06/24 03:41:00,STABLE BEAMS,6800,484034.942062758,459189.658711250,63.1,HFET
386614:10201,511:511,10/06/24 03:41:23,STABLE BEAMS,6800,484527.200446254,459250.621060639,63.2,HFET
386614:10201,512:512,10/06/24 03:41:47,STABLE BEAMS,6800,481669.580994331,452106.913933745,63.2,HFET
386614:10201,513:513,10/06/24 03:42:10,STABLE BEAMS,6800,493280.990075828,464838.287063942,63.3,HFET
386614:10201,514:514,10/06/24 03:42:33,STABLE BEAMS,6800,497480.753273797,468214.298613762,64.9,HFET
386614:10201,515:515,10/06/24 03:42:56,STABLE BEAMS,6800,497327.685374199,465261.158582498,64.9,HFET
386614:10201,516:516,10/06/24 03:43:20,STABLE BEAMS,6800,497264.627385773,466587.597856693,64.8,HFET
386614:10201,517:517,10/06/24 03:43:43,STABLE BEAMS,6800,494803.883271601,467028.682086926,64.5,HFET
386614:10201,518:518,10/06/24 03:44:06,STABLE BEAMS,6800,493949.671428458,466297.805244694,64.4,HFET
386614:10201,519:519,10/06/24 03:44:30,STABLE BEAMS,6800,493478.129334310,464459.715349906,64.4,HFET
386614:10201,520:520,10/06/24 03:44:53,STABLE BEAMS,6800,492825.972992953,465685.715470379,64.3,HFET
386614:10201,521:521,10/06/24 03:45:16,STABLE BEAMS,6800,492181.830897435,464532.880892131,64.2,HFET
386614:10201,522:522,10/06/24 03:45:40,STABLE BEAMS,6800,491633.071847662,465650.658389756,64.1,HFET
386614:10201,523:523,10/06/24 03:46:03,STABLE BEAMS,6800,491619.777710366,464526.505394059,64.1,HFET
386614:10201,524:524,10/06/24 03:46:26,STABLE BEAMS,6800,491854.433336662,464410.361768487,64.1,HFET
386614:10201,525:525,10/06/24 03:46:50,STABLE BEAMS,6800,491671.772403052,458238.150007403,64.1,HFET
386614:10201,526:526,10/06/24 03:47:13,STABLE BEAMS,6800,491304.170741639,465763.843877466,64.1,HFET
386614:10201,527:527,10/06/24 03:47:36,STABLE BEAMS,6800,491411.892182738,463040.308026677,64.1,HFET
386614:10201,528:528,10/06/24 03:48:00,STABLE BEAMS,6800,490471.766132304,464630.585691469,64.0,HFET
386614:10201,529:529,10/06/24 03:48:23,STABLE BEAMS,6800,489621.288675966,463702.933238908,63.9,HFET
386614:10201,530:530,10/06/24 03:48:46,STABLE BEAMS,6800,489521.898507302,462136.376622884,63.8,HFET
386614:10201,531:531,10/06/24 03:49:09,STABLE BEAMS,6800,488712.622852947,463987.991431681,63.8,HFET
386614:10201,532:532,10/06/24 03:49:33,STABLE BEAMS,6800,488605.311681560,464309.834033805,63.7,HFET
386614:10201,533:533,10/06/24 03:49:56,STABLE BEAMS,6800,488844.291457371,461815.352229105,63.8,HFET
386614:10201,534:534,10/06/24 03:50:19,STABLE BEAMS,6800,488097.754433769,463745.048823430,63.7,HFET
386614:10201,535:535,10/06/24 03:50:43,STABLE BEAMS,6800,488227.147906157,464499.005668006,63.6,HFET
386614:10201,536:536,10/06/24 03:51:06,STABLE BEAMS,6800,487981.065335967,457698.085878218,63.7,HFET
386614:10201,537:537,10/06/24 03:51:29,STABLE BEAMS,6800,487391.146443613,440751.515483238,63.6,HFET
386614:10201,538:538,10/06/24 03:51:53,STABLE BEAMS,6800,487309.285980800,443354.170958151,63.5,HFET
386614:10201,539:539,10/06/24 03:52:16,STABLE BEAMS,6800,486173.204859459,463389.650354854,63.5,HFET
386614:10201,540:540,10/06/24 03:52:39,STABLE BEAMS,6800,484963.867283856,462361.927058881,63.3,HFET
386614:10201,541:541,10/06/24 03:53:03,STABLE BEAMS,6800,484989.590728545,462135.831150654,63.2,HFET
386614:10201,542:542,10/06/24 03:53:26,STABLE BEAMS,6800,484641.341675905,461565.808008225,63.3,HFET
386614:10201,543:543,10/06/24 03:53:49,STABLE BEAMS,6800,484828.918852818,461010.312143304,63.2,HFET
386614:10201,544:544,10/06/24 03:54:13,STABLE BEAMS,6800,484717.327822396,459842.768463471,63.2,HFET
386614:10201,545:545,10/06/24 03:54:36,STABLE BEAMS,6800,484187.508780606,462003.251094769,63.2,HFET
386614:10201,546:546,10/06/24 03:54:59,STABLE BEAMS,6800,484001.113460191,451085.428602247,63.1,HFET
386614:10201,547:547,10/06/24 03:55:22,STABLE BEAMS,6800,483941.106852743,459394.082588188,63.1,HFET
386614:10201,548:548,10/06/24 03:55:46,STABLE BEAMS,6800,483425.947959902,461165.156324266,63.1,HFET
386614:10201,549:549,10/06/24 03:56:09,STABLE BEAMS,6800,485688.641364130,460742.739365902,63.0,HFET
386614:10201,550:550,10/06/24 03:56:32,STABLE BEAMS,6800,489140.548148402,463297.272068530,63.8,HFET
386614:10201,551:551,10/06/24 03:56:56,STABLE BEAMS,6800,488556.776308486,455888.815099577,63.8,HFET
386614:10201,552:552,10/06/24 03:57:19,STABLE BEAMS,6800,488370.837879340,462326.459708546,63.7,HFET
386614:10201,553:553,10/06/24 03:57:42,STABLE BEAMS,6800,488819.206728028,91219.938746247,63.7,HFET
386614:10201,555:555,10/06/24 03:58:29,STABLE BEAMS,6800,488105.314119417,401046.519603476,63.6,HFET
386614:10201,556:556,10/06/24 03:58:52,STABLE BEAMS,6800,487138.963442544,461108.562414872,63.6,HFET
386614:10201,557:557,10/06/24 03:59:16,STABLE BEAMS,6800,486361.511663757,460878.506005284,63.4,HFET
386614:10201,558:558,10/06/24 03:59:39,STABLE BEAMS,6800,486416.692939940,462189.599793626,63.5,HFET
386614:10201,559:559,10/06/24 04:00:02,STABLE BEAMS,6800,485969.007097079,460679.907492033,63.4,HFET
386614:10201,560:560,10/06/24 04:00:26,STABLE BEAMS,6800,485893.794868452,353743.349648330,63.3,HFET
386614:10201,561:561,10/06/24 04:00:49,STABLE BEAMS,6800,486072.723746336,458334.260349454,63.4,HFET
386614:10201,562:562,10/06/24 04:01:12,STABLE BEAMS,6800,485990.543925849,462043.588066849,63.4,HFET
386614:10201,563:563,10/06/24 04:01:36,STABLE BEAMS,6800,485476.158950873,460536.038025851,63.3,HFET
386614:10201,564:564,10/06/24 04:01:59,STABLE BEAMS,6800,485336.567012648,461792.997191990,63.3,HFET
386614:10201,565:565,10/06/24 04:02:22,STABLE BEAMS,6800,485408.457455258,375536.035198650,63.3,HFET
386614:10201,566:566,10/06/24 04:02:45,STABLE BEAMS,6800,485051.874799106,391451.492910382,63.3,HFET
386614:10201,567:567,10/06/24 04:03:09,STABLE BEAMS,6800,484341.760867780,452815.480029341,63.2,HFET
386614:10201,568:568,10/06/24 04:03:32,STABLE BEAMS,6800,483591.855436605,458794.240297190,63.1,HFET
386614:10201,569:569,10/06/24 04:03:55,STABLE BEAMS,6800,483094.862633882,460560.304546849,63.0,HFET
386614:10201,570:570,10/06/24 04:04:19,STABLE BEAMS,6800,488961.437446442,463627.856212801,63.0,HFET
386614:10201,571:571,10/06/24 04:04:42,STABLE BEAMS,6800,490762.514486245,354592.120755640,64.1,HFET
386614:10201,572:572,10/06/24 04:05:05,STABLE BEAMS,6800,490302.170890355,463513.260422958,64.0,HFET
386614:10201,573:573,10/06/24 04:05:29,STABLE BEAMS,6800,489928.198393027,462180.858251480,63.9,HFET
386614:10201,574:574,10/06/24 04:05:52,STABLE BEAMS,6800,488855.037726516,463716.502443397,63.8,HFET
386614:10201,575:575,10/06/24 04:06:15,STABLE BEAMS,6800,488773.995472048,463111.832490056,63.8,HFET
386614:10201,576:576,10/06/24 04:06:38,STABLE BEAMS,6800,488278.914153208,463613.151773372,63.7,HFET
386614:10201,577:577,10/06/24 04:07:02,STABLE BEAMS,6800,488179.889963775,463229.342127281,63.7,HFET
386614:10201,578:578,10/06/24 04:07:25,STABLE BEAMS,6800,488549.128041877,444439.262081382,63.7,HFET
386614:10201,579:579,10/06/24 04:07:48,STABLE BEAMS,6800,488290.252516141,464192.597132695,63.7,HFET
386614:10201,580:580,10/06/24 04:08:12,STABLE BEAMS,6800,488197.736696221,457335.813060898,63.7,HFET
386614:10201,581:581,10/06/24 04:08:35,STABLE BEAMS,6800,488373.159632934,448516.552777265,63.7,HFET
386614:10201,582:582,10/06/24 04:08:58,STABLE BEAMS,6800,487919.373359194,333548.177428620,63.7,HFET
386614:10201,583:583,10/06/24 04:09:22,STABLE BEAMS,6800,488127.394089340,462919.882210992,63.6,HFET
386614:10201,584:584,10/06/24 04:09:45,STABLE BEAMS,6800,488426.655539791,462735.535908056,63.7,HFET
386614:10201,585:585,10/06/24 04:10:08,STABLE BEAMS,6800,488454.975805267,464066.982337592,63.7,HFET
386614:10201,586:586,10/06/24 04:10:32,STABLE BEAMS,6800,488699.191182055,463143.383629510,63.7,HFET
386614:10201,587:587,10/06/24 04:10:55,STABLE BEAMS,6800,488404.619860349,463655.857120603,63.8,HFET
386614:10201,588:588,10/06/24 04:11:18,STABLE BEAMS,6800,487638.688268572,463770.681356081,63.6,HFET
386614:10201,589:589,10/06/24 04:11:42,STABLE BEAMS,6800,487656.763446653,463153.400271270,63.6,HFET
386614:10201,590:590,10/06/24 04:12:05,STABLE BEAMS,6800,486887.461116224,463547.317471160,63.6,HFET
386614:10201,591:591,10/06/24 04:12:28,STABLE BEAMS,6800,486748.507893345,463069.719236613,64.8,HFET
386614:10201,592:592,10/06/24 04:12:51,STABLE BEAMS,6800,485952.116106574,463071.085248265,63.4,HFET
386614:10201,593:593,10/06/24 04:13:15,STABLE BEAMS,6800,485771.231454328,455486.704160849,63.4,HFET
386614:10201,594:594,10/06/24 04:13:38,STABLE BEAMS,6800,484371.081165678,461525.242590511,63.2,HFET
386614:10201,595:595,10/06/24 04:14:01,STABLE BEAMS,6800,483967.695127335,460530.711512836,63.2,HFET
386614:10201,596:596,10/06/24 04:14:25,STABLE BEAMS,6800,483158.328560942,460202.220676525,63.1,HFET
386614:10201,597:597,10/06/24 04:14:48,STABLE BEAMS,6800,488127.121353225,462983.350469130,63.0,HFET
386614:10201,598:598,10/06/24 04:15:11,STABLE BEAMS,6800,491961.516062415,465405.669095104,64.2,HFET
386614:10201,599:599,10/06/24 04:15:35,STABLE BEAMS,6800,491011.739349451,465932.301553397,64.1,HFET
386614:10201,600:600,10/06/24 04:15:58,STABLE BEAMS,6800,490730.872434753,464236.668491580,64.0,HFET
386614:10201,601:601,10/06/24 04:16:21,STABLE BEAMS,6800,490653.837303204,464703.839814655,64.0,HFET
386614:10201,602:602,10/06/24 04:16:45,STABLE BEAMS,6800,490430.426796725,464686.722709594,64.0,HFET
386614:10201,603:603,10/06/24 04:17:08,STABLE BEAMS,6800,490324.253191356,463646.661018266,64.0,HFET
386614:10201,604:604,10/06/24 04:17:31,STABLE BEAMS,6800,489881.485922875,463460.265697850,63.9,HFET
386614:10201,605:605,10/06/24 04:17:54,STABLE BEAMS,6800,489744.306650282,465262.934863862,63.9,HFET
386614:10201,606:606,10/06/24 04:18:18,STABLE BEAMS,6800,489703.102517222,454113.370592426,64.1,HFET
386614:10201,607:607,10/06/24 04:18:41,STABLE BEAMS,6800,489012.066127476,464314.113892840,63.8,HFET
386614:10201,608:608,10/06/24 04:19:04,STABLE BEAMS,6800,488294.530044098,464125.214994754,63.7,HFET
386614:10201,609:609,10/06/24 04:19:28,STABLE BEAMS,6800,487730.747197223,463366.292954239,63.6,HFET
386614:10201,610:610,10/06/24 04:19:51,STABLE BEAMS,6800,487294.625831851,462843.986976539,63.6,HFET
386614:10201,611:611,10/06/24 04:20:14,STABLE BEAMS,6800,486973.692350110,462850.224941015,63.6,HFET
386614:10201,612:612,10/06/24 04:20:38,STABLE BEAMS,6800,486057.105524368,463087.976238770,63.4,HFET
386614:10201,613:613,10/06/24 04:21:01,STABLE BEAMS,6800,484954.351823845,462367.482017530,63.3,HFET
386614:10201,614:614,10/06/24 04:21:24,STABLE BEAMS,6800,484587.207053702,462297.139410648,63.2,HFET
386614:10201,615:615,10/06/24 04:21:48,STABLE BEAMS,6800,483796.141779946,290264.000242014,63.1,HFET
386614:10201,616:616,10/06/24 04:22:11,STABLE BEAMS,6800,483843.537255924,460964.828151209,63.0,HFET
386614:10201,617:617,10/06/24 04:22:34,STABLE BEAMS,6800,492055.488806026,463942.143791432,64.2,HFET
386614:10201,618:618,10/06/24 04:22:58,STABLE BEAMS,6800,491694.080818609,465818.342147822,64.1,HFET
386614:10201,619:619,10/06/24 04:23:21,STABLE BEAMS,6800,491900.280976911,459169.989075882,64.1,HFET
386614:10201,620:620,10/06/24 04:23:44,STABLE BEAMS,6800,492254.858906064,466074.487981331,64.2,HFET
386614:10201,621:621,10/06/24 04:24:07,STABLE BEAMS,6800,491845.554260919,462398.851332906,64.2,HFET
386614:10201,622:622,10/06/24 04:24:31,STABLE BEAMS,6800,491937.387075013,466174.878182417,64.1,HFET
386614:10201,623:623,10/06/24 04:24:54,STABLE BEAMS,6800,491815.096397004,465619.062959823,64.2,HFET
386614:10201,624:624,10/06/24 04:25:17,STABLE BEAMS,6800,491597.285139654,463107.690164618,64.1,HFET
386614:10201,625:625,10/06/24 04:25:41,STABLE BEAMS,6800,496926.896156644,466409.442896675,64.1,HFET
386614:10201,626:626,10/06/24 04:26:04,STABLE BEAMS,6800,500280.916317501,469415.759477122,65.2,HFET
386614:10201,627:627,10/06/24 04:26:27,STABLE BEAMS,6800,496561.252600672,468114.043615195,65.4,HFET
386614:10201,628:628,10/06/24 04:26:51,STABLE BEAMS,6800,489081.725728531,463526.053378504,63.8,HFET
386614:10201,629:629,10/06/24 04:27:14,STABLE BEAMS,6800,488652.569623941,463897.843986913,63.8,HFET
386614:10201,630:630,10/06/24 04:27:37,STABLE BEAMS,6800,488653.891345114,461950.344950622,63.7,HFET
386614:10201,631:631,10/06/24 04:28:01,STABLE BEAMS,6800,489235.294809878,463792.353387370,63.7,HFET
386614:10201,632:632,10/06/24 04:28:24,STABLE BEAMS,6800,489181.798903021,456817.968766309,63.8,HFET
386614:10201,633:633,10/06/24 04:28:47,STABLE BEAMS,6800,489233.656062111,463450.339968128,63.8,HFET
386614:10201,634:634,10/06/24 04:29:11,STABLE BEAMS,6800,489471.999453654,463844.937842766,63.8,HFET
386614:10201,635:635,10/06/24 04:29:34,STABLE BEAMS,6800,488448.236659042,464033.062822987,63.8,HFET
386614:10201,636:636,10/06/24 04:29:57,STABLE BEAMS,6800,488235.754245785,463858.460425697,63.7,HFET
386614:10201,637:637,10/06/24 04:30:20,STABLE BEAMS,6800,487995.361836763,463780.879821918,63.7,HFET
386614:10201,638:638,10/06/24 04:30:44,STABLE BEAMS,6800,487566.296644211,330237.545620821,63.6,HFET
386614:10201,639:639,10/06/24 04:31:07,STABLE BEAMS,6800,487735.437325969,383440.007066934,63.6,HFET
386614:10201,640:640,10/06/24 04:31:30,STABLE BEAMS,6800,486865.425436782,461522.328743129,63.6,HFET
386614:10201,641:641,10/06/24 04:31:54,STABLE BEAMS,6800,486096.808443257,462574.866363408,63.4,HFET
386614:10201,642:642,10/06/24 04:32:17,STABLE BEAMS,6800,485666.559063130,462005.663760402,63.4,HFET
386614:10201,643:643,10/06/24 04:32:40,STABLE BEAMS,6800,485177.806620804,459779.575272526,63.3,HFET
386614:10201,644:644,10/06/24 04:33:04,STABLE BEAMS,6800,484370.761808005,461273.649352152,63.2,HFET
386614:10201,645:645,10/06/24 04:33:27,STABLE BEAMS,6800,484440.011139348,460535.809580216,63.2,HFET
386614:10201,646:646,10/06/24 04:33:50,STABLE BEAMS,6800,484165.927661356,454470.589632846,63.2,HFET
386614:10201,647:647,10/06/24 04:34:14,STABLE BEAMS,6800,483731.400753272,460907.005763759,63.1,HFET
386614:10201,648:648,10/06/24 04:34:37,STABLE BEAMS,6800,483768.688675451,460042.642076337,63.1,HFET
386614:10201,649:649,10/06/24 04:35:00,STABLE BEAMS,6800,483143.486587917,460311.671777430,63.0,HFET
386614:10201,650:650,10/06/24 04:35:23,STABLE BEAMS,6800,489516.208346135,427069.862127249,63.0,HFET
386614:10201,651:651,10/06/24 04:35:47,STABLE BEAMS,6800,491544.791596296,419616.606503105,64.2,HFET
386614:10201,652:652,10/06/24 04:36:10,STABLE BEAMS,6800,491721.897571257,459087.900167434,64.1,HFET
386614:10201,653:653,10/06/24 04:36:33,STABLE BEAMS,6800,492179.781879956,463658.542522351,64.2,HFET
386614:10201,654:654,10/06/24 04:36:57,STABLE BEAMS,6800,491599.744426845,465332.958113070,64.2,HFET
386614:10201,655:655,10/06/24 04:37:20,STABLE BEAMS,6800,490482.374867853,355861.602472289,64.0,HFET
386614:10201,656:656,10/06/24 04:37:43,STABLE BEAMS,6800,489843.741109426,463760.573802282,63.9,HFET
386614:10201,657:657,10/06/24 04:38:07,STABLE BEAMS,6800,489274.813573613,464657.856971888,63.8,HFET
386614:10201,658:658,10/06/24 04:38:30,STABLE BEAMS,6800,488622.020847988,464075.814791777,63.8,HFET
386614:10201,659:659,10/06/24 04:38:53,STABLE BEAMS,6800,488455.884925651,456984.650160876,63.7,HFET
386614:10201,660:660,10/06/24 04:39:17,STABLE BEAMS,6800,487731.066554896,463865.654132114,63.6,HFET
386614:10201,661:661,10/06/24 04:39:40,STABLE BEAMS,6800,487214.585940882,463549.501691157,63.6,HFET
386614:10201,662:662,10/06/24 04:40:03,STABLE BEAMS,6800,486271.319928509,462454.941729473,63.5,HFET
386614:10201,663:663,10/06/24 04:40:27,STABLE BEAMS,6800,485615.839470058,462862.379181215,63.3,HFET
386614:10201,664:664,10/06/24 04:40:50,STABLE BEAMS,6800,485567.945143408,461872.444989170,63.4,HFET
386614:10201,665:665,10/06/24 04:41:13,STABLE BEAMS,6800,484931.041044788,462796.090318811,63.3,HFET
386614:10201,666:666,10/06/24 04:41:36,STABLE BEAMS,6800,484240.321681637,235690.506001371,63.2,HFET
386614:10201,667:667,10/06/24 04:42:00,STABLE BEAMS,6800,483497.700868917,117251.602285713,63.1,HFET
386614:10201,668:668,10/06/24 04:42:23,STABLE BEAMS,6800,488208.345431770,459629.374598752,63.0,HFET
386614:10201,669:669,10/06/24 04:42:46,STABLE BEAMS,6800,492139.353995838,464942.957124063,64.2,HFET
386614:10201,670:670,10/06/24 04:43:10,STABLE BEAMS,6800,492291.601356013,465556.368619550,64.2,HFET
386614:10201,671:671,10/06/24 04:43:33,STABLE BEAMS,6800,491950.044828041,464988.578649754,64.2,HFET
386614:10201,672:672,10/06/24 04:43:56,STABLE BEAMS,6800,491661.072755465,430500.873129175,64.1,HFET
386614:10201,673:673,10/06/24 04:44:20,STABLE BEAMS,6800,491431.878844702,392133.834379540,64.1,HFET
386614:10201,674:674,10/06/24 04:44:43,STABLE BEAMS,6800,490958.879826862,463590.887648295,64.0,HFET
386614:10201,675:675,10/06/24 04:45:06,STABLE BEAMS,6800,491199.409769481,463355.138746461,64.0,HFET
386614:10201,676:676,10/06/24 04:45:30,STABLE BEAMS,6800,490866.184513943,463227.840913110,64.1,HFET
386614:10201,677:677,10/06/24 04:45:53,STABLE BEAMS,6800,490446.772315000,464701.974952330,64.0,HFET
386614:10201,678:678,10/06/24 04:46:16,STABLE BEAMS,6800,490415.584823700,314749.651887469,64.0,HFET
386614:10201,679:679,10/06/24 04:46:39,STABLE BEAMS,6800,489975.775693081,461227.575597346,64.0,HFET
386614:10201,680:680,10/06/24 04:47:03,STABLE BEAMS,6800,489517.756181864,463318.442918069,63.9,HFET
386614:10201,681:681,10/06/24 04:47:26,STABLE BEAMS,6800,489175.150668834,463199.294533077,63.8,HFET
386614:10201,682:682,10/06/24 04:47:49,STABLE BEAMS,6800,488383.950192560,462764.082288089,63.7,HFET
386614:10201,683:683,10/06/24 04:48:13,STABLE BEAMS,6800,487828.088348408,425758.267157157,63.6,HFET
386614:10201,684:684,10/06/24 04:48:36,STABLE BEAMS,6800,487625.165685641,384068.442359523,63.6,HFET
386614:10201,685:685,10/06/24 04:48:59,STABLE BEAMS,6800,487603.584566390,461797.232760544,63.6,HFET
386614:10201,686:686,10/06/24 04:49:23,STABLE BEAMS,6800,488033.969149036,462327.643896122,63.6,HFET
386614:10201,687:687,10/06/24 04:49:46,STABLE BEAMS,6800,488313.379140043,456800.028790747,63.7,HFET
386614:10201,688:688,10/06/24 04:50:09,STABLE BEAMS,6800,487618.927721166,462388.424421434,63.6,HFET
386614:10201,689:689,10/06/24 04:50:33,STABLE BEAMS,6800,487600.717340567,462951.570884042,63.6,HFET
386614:10201,690:690,10/06/24 04:50:56,STABLE BEAMS,6800,488013.208569208,462877.587133472,63.6,HFET
386614:10201,691:691,10/06/24 04:51:19,STABLE BEAMS,6800,488078.723513747,462702.665378508,63.7,HFET
386614:10201,692:692,10/06/24 04:51:43,STABLE BEAMS,6800,488194.550112724,461694.975366056,63.7,HFET
386614:10201,693:693,10/06/24 04:52:06,STABLE BEAMS,6800,488541.160417596,463382.365736399,63.6,HFET
386614:10201,694:694,10/06/24 04:52:29,STABLE BEAMS,6800,486394.701550978,461836.795814759,63.3,HFET
386614:10201,695:695,10/06/24 04:52:52,STABLE BEAMS,6800,486651.940660025,461627.045424807,63.5,HFET
386614:10201,696:696,10/06/24 04:53:16,STABLE BEAMS,6800,486811.155612060,462606.827772572,63.5,HFET
386614:10201,697:697,10/06/24 04:53:39,STABLE BEAMS,6800,486710.308519705,462177.944404098,63.5,HFET
386614:10201,698:698,10/06/24 04:54:02,STABLE BEAMS,6800,486427.436878007,461773.740157411,63.5,HFET
386614:10201,699:699,10/06/24 04:54:26,STABLE BEAMS,6800,486028.650056373,462877.405309395,63.4,HFET
386614:10201,700:700,10/06/24 04:54:49,STABLE BEAMS,6800,485874.854860469,454150.886960240,63.4,HFET
386614:10201,701:701,10/06/24 04:55:12,STABLE BEAMS,6800,485833.741639446,461620.944993928,63.4,HFET
386614:10201,702:702,10/06/24 04:55:36,STABLE BEAMS,6800,483878.550046067,460875.181888191,63.2,HFET
386614:10201,703:703,10/06/24 04:55:59,STABLE BEAMS,6800,484386.104962780,460861.113833030,63.1,HFET
386614:10201,704:704,10/06/24 04:56:22,STABLE BEAMS,6800,485131.322596287,462755.888549250,63.2,HFET
386614:10201,705:705,10/06/24 04:56:46,STABLE BEAMS,6800,484772.327274503,462522.508022568,63.3,HFET
386614:10201,706:706,10/06/24 04:57:09,STABLE BEAMS,6800,484264.042730405,460971.611587914,63.2,HFET
386614:10201,707:707,10/06/24 04:57:32,STABLE BEAMS,6800,483758.809567286,460988.185551824,63.1,HFET
386614:10201,708:708,10/06/24 04:57:56,STABLE BEAMS,6800,483169.482768721,461776.835828869,63.1,HFET
386614:10201,709:709,10/06/24 04:58:19,STABLE BEAMS,6800,491972.444155637,465557.415273529,63.0,HFET
386614:10201,710:710,10/06/24 04:58:42,STABLE BEAMS,6800,491802.347731938,464971.230767980,64.2,HFET
386614:10201,711:711,10/06/24 04:59:05,STABLE BEAMS,6800,490942.671842184,465610.456620195,64.1,HFET
386614:10201,712:712,10/06/24 04:59:29,STABLE BEAMS,6800,490821.427818155,464974.601506632,64.0,HFET
386614:10201,713:713,10/06/24 04:59:52,STABLE BEAMS,6800,489531.185521679,458166.623212945,63.9,HFET
386614:10201,714:714,10/06/24 05:00:15,STABLE BEAMS,6800,489557.729505791,464341.795442970,63.8,HFET
386614:10201,715:715,10/06/24 05:00:39,STABLE BEAMS,6800,489833.451731551,464296.903544662,63.9,HFET
386614:10201,716:716,10/06/24 05:01:02,STABLE BEAMS,6800,489036.924742262,464419.194222672,63.8,HFET
386614:10201,717:717,10/06/24 05:01:25,STABLE BEAMS,6800,488721.501928690,464502.238873061,63.7,HFET
386614:10201,718:718,10/06/24 05:01:49,STABLE BEAMS,6800,488816.017813453,464394.927701674,63.8,HFET
386614:10201,719:719,10/06/24 05:02:12,STABLE BEAMS,6800,488371.656087685,464244.682737419,63.7,HFET
386614:10201,720:720,10/06/24 05:02:35,STABLE BEAMS,6800,485903.811510213,460561.989916174,63.6,HFET
386614:10201,721:721,10/06/24 05:02:59,STABLE BEAMS,6800,486493.182599259,462906.315337581,63.2,HFET
386614:10201,722:722,10/06/24 05:03:22,STABLE BEAMS,6800,488916.137609502,464542.713378737,63.7,HFET
386614:10201,723:723,10/06/24 05:03:45,STABLE BEAMS,6800,487081.413791209,462999.148184096,63.6,HFET
386614:10201,724:724,10/06/24 05:04:09,STABLE BEAMS,6800,487700.060887672,463187.366407434,63.6,HFET
386614:10201,725:725,10/06/24 05:04:32,STABLE BEAMS,6800,486818.076582362,451806.151269122,63.6,HFET
386614:10201,726:726,10/06/24 05:04:55,STABLE BEAMS,6800,485978.205530495,359690.943404579,63.4,HFET
386614:10201,727:727,10/06/24 05:05:18,STABLE BEAMS,6800,485532.249347439,462341.667660803,63.3,HFET
386614:10201,728:728,10/06/24 05:05:42,STABLE BEAMS,6800,484975.159025231,461917.019860883,63.3,HFET
386614:10201,729:729,10/06/24 05:06:05,STABLE BEAMS,6800,484767.320119161,462380.776154826,63.2,HFET
386614:10201,730:730,10/06/24 05:06:28,STABLE BEAMS,6800,484278.702879354,460295.235347117,63.2,HFET
386614:10201,731:731,10/06/24 05:06:52,STABLE BEAMS,6800,483980.944974151,462149.353733585,63.1,HFET
386614:10201,732:732,10/06/24 05:07:15,STABLE BEAMS,6800,483519.326278648,460595.133181837,63.1,HFET
386614:10201,733:733,10/06/24 05:07:38,STABLE BEAMS,6800,483210.505077705,451773.779590246,63.1,HFET
386614:10201,734:734,10/06/24 05:08:02,STABLE BEAMS,6800,488908.806369488,464895.881005758,63.0,HFET
386614:10201,735:735,10/06/24 05:08:25,STABLE BEAMS,6800,490986.880734665,451933.449102472,64.1,HFET
386614:10201,736:736,10/06/24 05:08:48,STABLE BEAMS,6800,490538.285771420,245050.923689727,64.0,HFET
386614:10201,739:739,10/06/24 05:09:58,STABLE BEAMS,6800,489643.142531332,116602.508747616,63.9,HFET
386614:10201,740:740,10/06/24 05:10:21,STABLE BEAMS,6800,489338.871594461,462315.032764652,63.9,HFET
386614:10201,741:741,10/06/24 05:10:45,STABLE BEAMS,6800,495875.269987826,467968.351246090,64.1,HFET
386614:10201,742:742,10/06/24 05:11:08,STABLE BEAMS,6800,496245.328605350,461929.038898564,64.7,HFET
386614:10201,743:743,10/06/24 05:11:31,STABLE BEAMS,6800,494410.742320654,465911.995533761,64.6,HFET
386614:10201,744:744,10/06/24 05:11:55,STABLE BEAMS,6800,493775.978151551,459029.805043869,64.4,HFET
386614:10201,745:745,10/06/24 05:12:18,STABLE BEAMS,6800,493458.869968654,346608.246529985,64.3,HFET
386614:10201,746:746,10/06/24 05:12:41,STABLE BEAMS,6800,493216.929723902,357315.612315949,64.4,HFET
386614:10201,747:747,10/06/24 05:13:05,STABLE BEAMS,6800,492621.367291939,465955.020238666,64.3,HFET
386614:10201,748:748,10/06/24 05:13:28,STABLE BEAMS,6800,492592.639087829,464653.987382564,64.2,HFET
386614:10201,749:749,10/06/24 05:13:51,STABLE BEAMS,6800,491769.477202390,464667.281519860,64.2,HFET
386614:10201,750:750,10/06/24 05:14:15,STABLE BEAMS,6800,490636.263306874,300453.906361245,64.1,HFET
386614:10201,751:751,10/06/24 05:14:38,STABLE BEAMS,6800,489980.055552116,462698.704877146,63.9,HFET
386614:10201,752:752,10/06/24 05:15:01,STABLE BEAMS,6800,489481.925183376,463619.023758616,63.9,HFET
386614:10201,753:753,10/06/24 05:15:24,STABLE BEAMS,6800,488895.649765789,464669.966921608,63.8,HFET
386614:10201,754:754,10/06/24 05:15:48,STABLE BEAMS,6800,489283.373291683,463286.071239193,63.8,HFET
386614:10201,755:755,10/06/24 05:16:11,STABLE BEAMS,6800,489116.372539443,455120.834490321,63.8,HFET
386614:10201,756:756,10/06/24 05:16:34,STABLE BEAMS,6800,489339.281864172,353206.040853229,63.8,HFET
386614:10201,757:757,10/06/24 05:16:58,STABLE BEAMS,6800,489164.952202997,464056.830493313,63.8,HFET
386614:10201,758:758,10/06/24 05:17:21,STABLE BEAMS,6800,488370.108251956,461064.763792103,63.7,HFET
386614:10201,759:759,10/06/24 05:17:44,STABLE BEAMS,6800,487971.048694206,462246.284615058,63.6,HFET
386614:10201,760:760,10/06/24 05:18:08,STABLE BEAMS,6800,487792.119816323,462600.815922654,63.6,HFET
386614:10201,761:761,10/06/24 05:18:31,STABLE BEAMS,6800,487045.447590203,461678.858293416,63.6,HFET
386614:10201,762:762,10/06/24 05:18:54,STABLE BEAMS,6800,487390.738504980,461802.650185597,63.5,HFET
386614:10201,763:763,10/06/24 05:19:18,STABLE BEAMS,6800,487419.739445204,461940.829490611,63.6,HFET
386614:10201,764:764,10/06/24 05:19:41,STABLE BEAMS,6800,487241.950464417,462982.576551265,63.6,HFET
386614:10201,765:765,10/06/24 05:20:04,STABLE BEAMS,6800,487449.059743102,463521.137135201,63.6,HFET
386614:10201,766:766,10/06/24 05:20:28,STABLE BEAMS,6800,487586.010570060,462863.337254234,63.5,HFET
386614:10201,767:767,10/06/24 05:20:51,STABLE BEAMS,6800,487962.034415945,462988.723603702,63.6,HFET
386614:10201,768:768,10/06/24 05:21:14,STABLE BEAMS,6800,488057.189016055,462532.431421213,63.6,HFET
386614:10201,769:769,10/06/24 05:21:37,STABLE BEAMS,6800,487816.752316552,456363.317662666,63.7,HFET
386614:10201,770:770,10/06/24 05:22:01,STABLE BEAMS,6800,487278.963319403,461310.573626178,63.6,HFET
386614:10201,771:771,10/06/24 05:22:24,STABLE BEAMS,6800,487168.694010153,439873.216612096,63.5,HFET
386614:10201,772:772,10/06/24 05:22:47,STABLE BEAMS,6800,487165.689250733,425995.472982682,63.5,HFET
386614:10201,773:773,10/06/24 05:23:11,STABLE BEAMS,6800,486827.501130334,416247.378389991,63.5,HFET
386614:10201,774:774,10/06/24 05:23:34,STABLE BEAMS,6800,486844.937593069,446760.232433252,63.5,HFET
386614:10201,775:775,10/06/24 05:23:57,STABLE BEAMS,6800,487188.727293674,450334.749253207,63.5,HFET
386614:10201,776:776,10/06/24 05:24:21,STABLE BEAMS,6800,488501.779187457,431127.441228362,63.7,HFET
386614:10201,777:777,10/06/24 05:24:44,STABLE BEAMS,6800,487062.974964975,333805.348936408,63.7,HFET
386614:10201,778:778,10/06/24 05:25:07,STABLE BEAMS,6800,485162.328263510,371830.873117473,63.3,HFET
386640:10204,26:26,10/06/24 20:24:01,STABLE BEAMS,6800,14140.298085611,13704.352087230,0.2,PLTZERO
386640:10204,27:27,10/06/24 20:24:24,STABLE BEAMS,6800,135164.240131600,129754.534443310,10.3,HFET
386640:10204,28:28,10/06/24 20:24:48,STABLE BEAMS,6800,321677.345018080,313129.482810693,33.3,HFET
386640:10204,29:29,10/06/24 20:25:11,STABLE BEAMS,6800,265899.296573695,262094.494898517,48.3,HFET
386640:10204,30:30,10/06/24 20:25:34,STABLE BEAMS,6800,61639.504676079,61378.043751838,11.8,HFET
386640:10204,31:31,10/06/24 20:25:58,STABLE BEAMS,6800,6950.882623683,6452.624675049,2.1,HFET
386640:10204,32:32,10/06/24 20:26:21,STABLE BEAMS,6800,239179.155235593,232767.052480344,0.3,PLTZERO
386640:10204,33:33,10/06/24 20:26:44,STABLE BEAMS,6800,11478.071681711,11342.974714390,0.7,HFET
386640:10204,34:34,10/06/24 20:27:08,STABLE BEAMS,6800,68944.064803454,68471.298893405,3.4,HFET
386640:10204,35:35,10/06/24 20:27:31,STABLE BEAMS,6800,249493.629495947,245359.290330478,13.4,HFET
386640:10204,36:36,10/06/24 20:27:54,STABLE BEAMS,6800,339915.435140228,292534.910695860,48.1,HFET
386640:10204,37:37,10/06/24 20:28:17,STABLE BEAMS,6800,184972.852852866,148545.173714799,37.6,HFET
386640:10204,38:38,10/06/24 20:28:41,STABLE BEAMS,6800,36936.250870963,36832.871994894,14.9,HFET
386640:10204,39:39,10/06/24 20:29:04,STABLE BEAMS,6800,137654.304776777,132986.890519900,1.0,HFET
386640:10204,40:40,10/06/24 20:29:27,STABLE BEAMS,6800,369048.901805744,359991.412353386,47.7,HFET
386640:10204,41:41,10/06/24 20:29:51,STABLE BEAMS,6800,370593.809701259,357185.673371332,48.2,HFET
386640:10204,42:42,10/06/24 20:30:14,STABLE BEAMS,6800,369791.455017205,267050.674228252,48.3,HFET
386640:10204,43:43,10/06/24 20:30:37,STABLE BEAMS,6800,365947.906165080,357769.715616285,48.0,HFET
386640:10204,44:44,10/06/24 20:31:01,STABLE BEAMS,6800,364398.105337041,356066.345706899,47.5,HFET
386640:10204,45:45,10/06/24 20:31:24,STABLE BEAMS,6800,367530.400360745,359572.135356961,47.9,HFET
386640:10204,46:46,10/06/24 20:31:47,STABLE BEAMS,6800,367806.190187765,357777.387193673,48.0,HFET
386640:10204,47:47,10/06/24 20:32:11,STABLE BEAMS,6800,365834.813920486,357992.785785390,48.0,HFET
386640:10204,48:48,10/06/24 20:32:34,STABLE BEAMS,6800,365236.109195506,357459.188066315,47.7,HFET
386640:10204,49:49,10/06/24 20:32:57,STABLE BEAMS,6800,363038.135838251,354895.456930271,47.5,HFET
386640:10204,50:50,10/06/24 20:33:21,STABLE BEAMS,6800,363536.515632327,355494.867971857,47.3,HFET
386640:10204,51:51,10/06/24 20:33:44,STABLE BEAMS,6800,362730.815851479,354663.442415242,47.4,HFET
386640:10204,52:52,10/06/24 20:34:07,STABLE BEAMS,6800,362375.074714451,234715.779761583,47.2,HFET
386640:10204,53:53,10/06/24 20:34:30,STABLE BEAMS,6800,363564.106270419,355976.720423582,47.4,HFET
386640:10204,54:54,10/06/24 20:34:54,STABLE BEAMS,6800,363135.157631763,350184.038449554,47.4,HFET
386640:10204,55:55,10/06/24 20:35:17,STABLE BEAMS,6800,362800.860080389,354284.276276340,47.3,HFET
386640:10204,56:56,10/06/24 20:35:40,STABLE BEAMS,6800,362363.214190067,354342.485622722,47.3,HFET
386640:10204,57:57,10/06/24 20:36:04,STABLE BEAMS,6800,362021.886107729,354434.726375450,47.2,HFET
386640:10204,58:58,10/06/24 20:36:27,STABLE BEAMS,6800,361624.145940075,353519.391338542,47.2,HFET
386640:10204,59:59,10/06/24 20:36:50,STABLE BEAMS,6800,361239.243018446,352716.286047404,47.1,HFET
386640:10204,60:60,10/06/24 20:37:14,STABLE BEAMS,6800,360856.414756154,353418.842624159,47.1,HFET
386640:10204,61:61,10/06/24 20:37:37,STABLE BEAMS,6800,360644.181768233,353171.277488422,47.1,HFET
386640:10204,62:62,10/06/24 20:38:00,STABLE BEAMS,6800,360089.776847772,352638.409396731,47.0,HFET
386640:10204,63:63,10/06/24 20:38:24,STABLE BEAMS,6800,359822.430184926,352400.951814792,46.9,HFET
386640:10204,64:64,10/06/24 20:38:47,STABLE BEAMS,6800,362254.947276738,354661.801336397,46.9,HFET
386640:10204,65:65,10/06/24 20:39:10,STABLE BEAMS,6800,370362.590083795,361817.096251561,48.0,HFET
386640:10204,66:66,10/06/24 20:39:33,STABLE BEAMS,6800,384664.596885274,374947.326135730,49.0,HFET
386640:10204,67:67,10/06/24 20:39:57,STABLE BEAMS,6800,396915.367021504,381000.841740935,50.9,HFET
386640:10204,68:68,10/06/24 20:40:20,STABLE BEAMS,6800,411337.181903023,312795.005766320,53.1,HFET
386640:10204,69:69,10/06/24 20:40:43,STABLE BEAMS,6800,427238.000445507,406323.359678837,54.8,HFET
386640:10204,70:70,10/06/24 20:41:07,STABLE BEAMS,6800,442688.356831344,153230.708605775,56.4,HFET
386640:10204,71:71,10/06/24 20:41:30,STABLE BEAMS,6800,453966.813393418,436890.893816531,58.6,HFET
386640:10204,72:72,10/06/24 20:41:53,STABLE BEAMS,6800,454039.932314086,437729.809126457,59.7,HFET
386640:10204,73:73,10/06/24 20:42:17,STABLE BEAMS,6800,438129.689223629,423823.199759337,58.0,HFET
386640:10204,74:74,10/06/24 20:42:40,STABLE BEAMS,6800,411745.255739034,308469.718685286,54.9,HFET
386640:10204,75:75,10/06/24 20:43:03,STABLE BEAMS,6800,415810.119458601,404322.138621132,54.2,HFET
386640:10204,76:76,10/06/24 20:43:27,STABLE BEAMS,6800,419892.463931384,407259.707051986,53.9,HFET
386640:10204,77:77,10/06/24 20:43:50,STABLE BEAMS,6800,426830.017521535,413872.637064071,55.8,HFET
386640:10204,78:78,10/06/24 20:44:13,STABLE BEAMS,6800,422139.588066280,410645.506797931,55.6,HFET
386640:10204,79:79,10/06/24 20:44:37,STABLE BEAMS,6800,415434.825240100,404587.981738728,54.3,HFET
386640:10204,80:80,10/06/24 20:45:00,STABLE BEAMS,6800,414383.427516917,403582.795303947,54.1,HFET
386640:10204,81:81,10/06/24 20:45:23,STABLE BEAMS,6800,433288.469331890,412543.514719207,54.2,HFET
386640:10204,82:82,10/06/24 20:45:46,STABLE BEAMS,6800,472335.707290087,448432.051203185,60.5,HFET
386640:10204,83:83,10/06/24 20:46:10,STABLE BEAMS,6800,488040.207113512,457674.001181296,63.7,HFET
386640:10204,84:84,10/06/24 20:46:33,STABLE BEAMS,6800,486949.290626594,415927.309738153,63.5,HFET
386640:10204,85:85,10/06/24 20:46:56,STABLE BEAMS,6800,486860.735308035,374640.414087591,63.6,HFET
386640:10204,86:86,10/06/24 20:47:20,STABLE BEAMS,6800,486381.454035240,455467.172059078,63.5,HFET
386640:10204,87:87,10/06/24 20:47:43,STABLE BEAMS,6800,486543.125943388,197078.750693199,63.4,HFET
386640:10204,88:88,10/06/24 20:48:06,STABLE BEAMS,6800,486405.993292353,457890.264602917,63.4,HFET
386640:10204,89:89,10/06/24 20:48:30,STABLE BEAMS,6800,485372.260477539,457189.437685967,63.4,HFET
386640:10204,90:90,10/06/24 20:48:53,STABLE BEAMS,6800,485208.492930354,340240.967838676,63.2,HFET
386640:10204,91:91,10/06/24 20:49:16,STABLE BEAMS,6800,485699.159187641,457843.960071399,63.3,HFET
386640:10204,92:92,10/06/24 20:49:40,STABLE BEAMS,6800,485596.491523441,456584.177969916,63.4,HFET
386640:10204,93:93,10/06/24 20:50:03,STABLE BEAMS,6800,485472.377942510,456794.839811329,63.3,HFET
386640:10204,94:94,10/06/24 20:50:26,STABLE BEAMS,6800,486889.782869818,458618.999184553,63.5,HFET
386640:10204,95:95,10/06/24 20:50:50,STABLE BEAMS,6800,485635.509105426,451845.623411298,63.5,HFET
386640:10204,96:96,10/06/24 20:51:13,STABLE BEAMS,6800,486040.533891536,457676.733204602,63.3,HFET
386640:10204,97:97,10/06/24 20:51:36,STABLE BEAMS,6800,486004.383535375,458118.910710372,63.4,HFET
386640:10204,98:98,10/06/24 20:51:59,STABLE BEAMS,6800,486039.713352113,458182.012989279,63.3,HFET
386640:10204,99:99,10/06/24 20:52:23,STABLE BEAMS,6800,485532.932353265,457426.461687415,63.3,HFET
386640:10204,100:100,10/06/24 20:52:46,STABLE BEAMS,6800,484684.228847214,457128.202600463,63.3,HFET
386640:10204,101:101,10/06/24 20:53:09,STABLE BEAMS,6800,483897.944614242,359705.626864307,63.1,HFET
386640:10204,102:102,10/06/24 20:53:33,STABLE BEAMS,6800,483635.789261893,457378.474117649,63.1,HFET
386640:10204,103:103,10/06/24 20:53:56,STABLE BEAMS,6800,482745.291860070,456774.123521982,63.0,HFET
386640:10204,104:104,10/06/24 20:54:19,STABLE BEAMS,6800,487771.860418245,458247.437021779,63.0,HFET
386640:10204,105:105,10/06/24 20:54:43,STABLE BEAMS,6800,489023.357868851,459446.303395431,63.7,HFET
386640:10204,106:106,10/06/24 20:55:06,STABLE BEAMS,6800,487827.405342581,459162.977193542,63.7,HFET
386640:10204,107:107,10/06/24 20:55:29,STABLE BEAMS,6800,487795.807581570,459104.609333862,63.8,HFET
386640:10204,108:108,10/06/24 20:55:53,STABLE BEAMS,6800,487610.414624654,452759.387301697,63.7,HFET
386640:10204,109:109,10/06/24 20:56:16,STABLE BEAMS,6800,487186.449830561,458485.689501284,63.5,HFET
386640:10204,110:110,10/06/24 20:56:39,STABLE BEAMS,6800,490364.727697032,460201.537670699,63.5,HFET
386640:10204,111:111,10/06/24 20:57:02,STABLE BEAMS,6800,494484.590868706,461997.787048158,64.6,HFET
386640:10204,112:112,10/06/24 20:57:26,STABLE BEAMS,6800,497898.708549049,462713.136580460,64.8,HFET
386640:10204,113:113,10/06/24 20:57:49,STABLE BEAMS,6800,489122.382058284,459021.974953184,65.0,HFET
386640:10204,114:114,10/06/24 20:58:12,STABLE BEAMS,6800,484423.166770402,457662.254879730,63.3,HFET
386640:10204,115:115,10/06/24 20:58:36,STABLE BEAMS,6800,484025.881162939,458187.840684043,63.1,HFET
386640:10204,116:116,10/06/24 20:58:59,STABLE BEAMS,6800,483980.763150075,455958.292876556,63.2,HFET
386640:10204,117:117,10/06/24 20:59:22,STABLE BEAMS,6800,483487.092133368,456724.725650082,63.0,HFET
386640:10204,118:118,10/06/24 20:59:46,STABLE BEAMS,6800,491156.475976614,461387.063285496,64.1,HFET
386640:10204,119:119,10/06/24 21:00:09,STABLE BEAMS,6800,489778.818258676,460441.428897971,64.0,HFET
386640:10204,120:120,10/06/24 21:00:32,STABLE BEAMS,6800,488416.366161916,460125.777638765,63.8,HFET
386640:10204,121:121,10/06/24 21:00:56,STABLE BEAMS,6800,487283.471624073,451856.094613251,63.6,HFET
386640:10204,122:122,10/06/24 21:01:19,STABLE BEAMS,6800,485905.084278750,459082.620275978,63.4,HFET
386640:10204,123:123,10/06/24 21:01:42,STABLE BEAMS,6800,484414.835497967,457389.082853198,63.3,HFET
386640:10204,124:124,10/06/24 21:02:06,STABLE BEAMS,6800,483406.553391727,457584.401539836,63.1,HFET
386640:10204,125:125,10/06/24 21:02:29,STABLE BEAMS,6800,483781.255516440,455814.966551526,63.0,HFET
386640:10204,126:126,10/06/24 21:02:52,STABLE BEAMS,6800,491585.130899454,461088.074571160,64.2,HFET
386640:10204,127:127,10/06/24 21:03:15,STABLE BEAMS,6800,491027.674598014,460076.559259864,64.0,HFET
386640:10204,128:128,10/06/24 21:03:39,STABLE BEAMS,6800,491029.269055302,460901.450805110,64.1,HFET
386640:10204,129:129,10/06/24 21:04:02,STABLE BEAMS,6800,490903.654260199,460738.958357539,64.0,HFET
386640:10204,130:130,10/06/24 21:04:25,STABLE BEAMS,6800,491069.606027382,460618.080312741,64.1,HFET
386640:10204,131:131,10/06/24 21:04:49,STABLE BEAMS,6800,489947.047488972,459777.889903200,63.9,HFET
386640:10204,132:132,10/06/24 21:05:12,STABLE BEAMS,6800,490055.451935897,460248.250140851,63.9,HFET
386640:10204,133:133,10/06/24 21:05:35,STABLE BEAMS,6800,489627.389106846,444061.872223844,63.9,HFET
386640:10204,134:134,10/06/24 21:05:59,STABLE BEAMS,6800,489267.983515350,452579.367479354,63.8,HFET
386640:10204,135:135,10/06/24 21:06:22,STABLE BEAMS,6800,489098.616719035,459973.392744993,63.8,HFET
386640:10204,136:136,10/06/24 21:06:45,STABLE BEAMS,6800,488931.480764277,458753.171366648,63.8,HFET
386640:10204,137:137,10/06/24 21:07:09,STABLE BEAMS,6800,488201.879021659,372756.977734304,63.7,HFET
386640:10204,138:138,10/06/24 21:07:32,STABLE BEAMS,6800,488904.116240742,437759.903342219,63.7,HFET
386640:10204,139:139,10/06/24 21:07:55,STABLE BEAMS,6800,488759.244411061,459757.903241237,63.8,HFET
386640:10204,140:140,10/06/24 21:08:19,STABLE BEAMS,6800,488578.949521525,459908.696008799,63.7,HFET
386640:10204,141:141,10/06/24 21:08:42,STABLE BEAMS,6800,488116.148969523,458450.450596584,63.7,HFET
386640:10204,142:142,10/06/24 21:09:05,STABLE BEAMS,6800,487216.089486131,458906.558623919,63.6,HFET
386640:10204,143:143,10/06/24 21:09:28,STABLE BEAMS,6800,487018.220600264,458730.179945264,63.5,HFET
386640:10204,144:144,10/06/24 21:09:52,STABLE BEAMS,6800,486560.063555451,459089.858272875,63.6,HFET
386640:10204,145:145,10/06/24 21:10:15,STABLE BEAMS,6800,485586.747617796,458412.479668578,63.4,HFET
386640:10204,146:146,10/06/24 21:10:38,STABLE BEAMS,6800,484828.783650300,457354.433711208,63.3,HFET
386640:10204,147:147,10/06/24 21:11:02,STABLE BEAMS,6800,483761.858617187,451476.247799600,63.1,HFET
386640:10204,148:148,10/06/24 21:11:25,STABLE BEAMS,6800,483186.965853013,456569.834847562,63.0,HFET
386640:10204,149:149,10/06/24 21:11:48,STABLE BEAMS,6800,493050.658599047,461672.028235153,63.0,HFET
386640:10204,150:150,10/06/24 21:12:12,STABLE BEAMS,6800,494170.851093382,461364.253688189,64.5,HFET
386640:10204,151:151,10/06/24 21:12:35,STABLE BEAMS,6800,493225.580354010,462070.542320672,64.4,HFET
386640:10204,152:152,10/06/24 21:12:58,STABLE BEAMS,6800,492859.573149885,462516.314348573,64.3,HFET
386640:10204,153:153,10/06/24 21:13:22,STABLE BEAMS,6800,491891.949704476,462047.958837922,64.2,HFET
386640:10204,154:154,10/06/24 21:13:45,STABLE BEAMS,6800,490998.946393905,460717.514771885,64.1,HFET
386640:10204,155:155,10/06/24 21:14:08,STABLE BEAMS,6800,490274.855319457,460735.179680254,64.0,HFET
386640:10204,156:156,10/06/24 21:14:31,STABLE BEAMS,6800,489551.582453353,459651.776257426,63.9,HFET
386640:10204,157:157,10/06/24 21:14:55,STABLE BEAMS,6800,489479.738632301,460277.297702633,63.8,HFET
386640:10204,158:158,10/06/24 21:15:18,STABLE BEAMS,6800,489919.776208554,458507.270620534,63.9,HFET
386640:10204,159:159,10/06/24 21:15:41,STABLE BEAMS,6800,489374.931038584,459055.530819636,63.9,HFET
386640:10204,160:160,10/06/24 21:16:05,STABLE BEAMS,6800,489979.736194443,453872.933892923,63.9,HFET
386640:10204,161:161,10/06/24 21:16:28,STABLE BEAMS,6800,489026.863810021,459152.552613148,63.8,HFET
386640:10204,162:162,10/06/24 21:16:51,STABLE BEAMS,6800,489218.811758007,460150.862368107,63.8,HFET
386640:10204,163:163,10/06/24 21:17:15,STABLE BEAMS,6800,489289.928282754,459545.831097691,63.8,HFET
386640:10204,164:164,10/06/24 21:17:38,STABLE BEAMS,6800,488864.052004777,460449.123786138,63.8,HFET
386640:10204,165:165,10/06/24 21:18:01,STABLE BEAMS,6800,489092.150308925,458911.703312856,63.7,HFET
386640:10204,166:166,10/06/24 21:18:25,STABLE BEAMS,6800,488707.841812163,459021.110123281,63.8,HFET
386640:10204,167:167,10/06/24 21:18:48,STABLE BEAMS,6800,488594.474500376,458495.160670815,63.7,HFET
386640:10204,168:168,10/06/24 21:19:11,STABLE BEAMS,6800,489070.706723271,460270.330110773,63.8,HFET
386640:10204,169:169,10/06/24 21:19:35,STABLE BEAMS,6800,488707.569076048,459278.803792519,63.8,HFET
386640:10204,170:170,10/06/24 21:19:58,STABLE BEAMS,6800,487845.662344738,459241.515870340,63.7,HFET
386640:10204,171:171,10/06/24 21:20:21,STABLE BEAMS,6800,487342.294043944,458802.662481663,63.6,HFET
386640:10204,172:172,10/06/24 21:20:44,STABLE BEAMS,6800,487018.264890745,458234.415620598,63.5,HFET
386640:10204,173:173,10/06/24 21:21:08,STABLE BEAMS,6800,487013.758917153,453133.816690295,63.5,HFET
386640:10204,174:174,10/06/24 21:21:31,STABLE BEAMS,6800,486533.701395415,458492.200201874,63.5,HFET
386640:10204,175:175,10/06/24 21:21:54,STABLE BEAMS,6800,485407.044822048,458740.105674986,63.3,HFET
386640:10204,176:176,10/06/24 21:22:18,STABLE BEAMS,6800,484777.835611594,458534.450988915,63.3,HFET
386640:10204,177:177,10/06/24 21:22:41,STABLE BEAMS,6800,484136.106181708,456931.790638287,63.2,HFET
386640:10204,178:178,10/06/24 21:23:04,STABLE BEAMS,6800,483952.762242272,458084.580926055,63.1,HFET
386640:10204,179:179,10/06/24 21:23:28,STABLE BEAMS,6800,483634.469871798,458042.693787168,63.1,HFET
386640:10204,180:180,10/06/24 21:23:51,STABLE BEAMS,6800,484735.766648630,458231.229037101,63.0,HFET
386640:10204,181:181,10/06/24 21:24:14,STABLE BEAMS,6800,492456.096199505,461558.159741617,64.3,HFET
386640:10204,182:182,10/06/24 21:24:38,STABLE BEAMS,6800,491394.182983889,461481.989439971,64.2,HFET
386640:10204,183:183,10/06/24 21:25:01,STABLE BEAMS,6800,490086.821251274,459449.580890966,64.1,HFET
386640:10204,184:184,10/06/24 21:25:24,STABLE BEAMS,6800,488790.567104879,460400.770237141,63.7,HFET
386640:10204,185:185,10/06/24 21:25:48,STABLE BEAMS,6800,488643.191697527,460016.189004263,63.8,HFET
386640:10204,186:186,10/06/24 21:26:11,STABLE BEAMS,6800,487461.899320206,450667.153969321,63.6,HFET
386640:10204,187:187,10/06/24 21:26:34,STABLE BEAMS,6800,487562.928236638,459322.921772962,63.6,HFET
386640:10204,188:188,10/06/24 21:26:57,STABLE BEAMS,6800,486559.972643412,458595.550871900,63.5,HFET
386640:10204,189:189,10/06/24 21:27:21,STABLE BEAMS,6800,486104.365797827,458234.189506041,63.4,HFET
386640:10204,190:190,10/06/24 21:27:44,STABLE BEAMS,6800,486674.158163543,459358.160677662,63.4,HFET
386640:10204,191:191,10/06/24 21:28:07,STABLE BEAMS,6800,486997.413398878,458341.090407717,63.5,HFET
386640:10204,192:192,10/06/24 21:28:31,STABLE BEAMS,6800,486491.588141972,458819.509181687,63.4,HFET
386640:10204,193:193,10/06/24 21:28:54,STABLE BEAMS,6800,486607.230585794,459157.650680528,63.5,HFET
386640:10204,194:194,10/06/24 21:29:17,STABLE BEAMS,6800,486231.892076813,459683.600132994,63.5,HFET
386640:10204,195:195,10/06/24 21:29:41,STABLE BEAMS,6800,485848.082430722,458657.424672750,63.3,HFET
386640:10204,196:196,10/06/24 21:30:04,STABLE BEAMS,6800,485443.696359958,458538.912672026,63.4,HFET
386640:10204,197:197,10/06/24 21:30:27,STABLE BEAMS,6800,484165.701546799,458782.992846295,64.5,HFET
386640:10204,198:198,10/06/24 21:30:51,STABLE BEAMS,6800,488698.463885748,459529.529869897,63.0,HFET
386640:10204,199:199,10/06/24 21:31:14,STABLE BEAMS,6800,490856.941790047,454302.043375955,64.0,HFET
386640:10204,200:200,10/06/24 21:31:37,STABLE BEAMS,6800,490104.849807796,461187.054470112,64.0,HFET
386640:10204,201:201,10/06/24 21:32:00,STABLE BEAMS,6800,490014.658072548,460220.111699451,63.9,HFET
386640:10204,202:202,10/06/24 21:32:24,STABLE BEAMS,6800,489721.816410648,460746.925981821,63.9,HFET
386640:10204,203:203,10/06/24 21:32:47,STABLE BEAMS,6800,489366.236117996,460164.839511230,63.8,HFET
386640:10204,204:204,10/06/24 21:33:10,STABLE BEAMS,6800,489904.750080374,460441.655012528,63.8,HFET
386640:10204,205:205,10/06/24 21:33:34,STABLE BEAMS,6800,490008.874668264,459559.899152852,63.9,HFET
386640:10204,206:206,10/06/24 21:33:57,STABLE BEAMS,6800,489597.840363313,459729.993245473,63.9,HFET
386640:10204,207:207,10/06/24 21:34:20,STABLE BEAMS,6800,489539.425882075,460101.145138535,63.9,HFET
386640:10204,208:208,10/06/24 21:34:44,STABLE BEAMS,6800,489206.382450614,460505.897188530,63.8,HFET
386640:10204,209:209,10/06/24 21:35:07,STABLE BEAMS,6800,488534.740629044,459959.368980313,63.8,HFET
386640:10204,210:210,10/06/24 21:35:30,STABLE BEAMS,6800,487760.978946581,458035.136432598,63.6,HFET
386640:10204,211:211,10/06/24 21:35:54,STABLE BEAMS,6800,487326.405416939,459436.195841632,63.6,HFET
386640:10204,212:212,10/06/24 21:36:17,STABLE BEAMS,6800,486166.011153043,452100.083875481,63.5,HFET
386640:10204,213:213,10/06/24 21:36:40,STABLE BEAMS,6800,485119.075112971,459076.927783732,63.3,HFET
386640:10204,214:214,10/06/24 21:37:04,STABLE BEAMS,6800,484580.104259323,458674.998669081,63.3,HFET
386640:10204,215:215,10/06/24 21:37:27,STABLE BEAMS,6800,484412.830770968,458343.549694908,63.2,HFET
386640:10204,216:216,10/06/24 21:37:50,STABLE BEAMS,6800,484252.750989030,458614.309055807,63.2,HFET
386640:10204,217:217,10/06/24 21:38:13,STABLE BEAMS,6800,484184.685845263,458509.046901899,63.1,HFET
386640:10204,218:218,10/06/24 21:38:37,STABLE BEAMS,6800,484437.780297793,458966.292495251,63.2,HFET
386640:10204,219:219,10/06/24 21:39:00,STABLE BEAMS,6800,484235.587262411,458618.999184553,63.2,HFET
386640:10204,220:220,10/06/24 21:39:23,STABLE BEAMS,6800,484100.547919335,457921.177027024,63.1,HFET
386640:10204,221:221,10/06/24 21:39:47,STABLE BEAMS,6800,483727.258427833,457139.265896203,63.1,HFET
386640:10204,222:222,10/06/24 21:40:10,STABLE BEAMS,6800,483831.336394165,457885.073292421,63.0,HFET
386640:10204,223:223,10/06/24 21:40:33,STABLE BEAMS,6800,492185.155014529,462338.024186036,64.2,HFET
386640:10204,224:224,10/06/24 21:40:57,STABLE BEAMS,6800,491731.005092635,206439.280506402,64.2,HFET
386640:10204,226:226,10/06/24 21:41:43,STABLE BEAMS,6800,489497.813810381,453883.496006914,63.9,HFET
386640:10204,227:227,10/06/24 21:42:07,STABLE BEAMS,6800,488570.345512975,461023.515368562,63.8,HFET
386640:10204,228:228,10/06/24 21:42:30,STABLE BEAMS,6800,487677.204668807,460309.848874508,63.6,HFET
386640:10204,229:229,10/06/24 21:42:53,STABLE BEAMS,6800,487569.620761305,459788.134990596,63.6,HFET
386640:10204,230:230,10/06/24 21:43:16,STABLE BEAMS,6800,487711.898101277,459718.839037694,63.6,HFET
386640:10204,231:231,10/06/24 21:43:40,STABLE BEAMS,6800,491801.391989997,461519.414895747,63.6,HFET
386640:10204,232:232,10/06/24 21:44:03,STABLE BEAMS,6800,496682.631827220,227342.333717911,64.9,HFET
386640:10204,233:233,10/06/24 21:44:26,STABLE BEAMS,6800,496303.195283281,463883.957755829,64.6,HFET
386640:10204,234:234,10/06/24 21:44:50,STABLE BEAMS,6800,495535.760146254,463690.778998708,64.7,HFET
386640:10204,235:235,10/06/24 21:45:13,STABLE BEAMS,6800,496199.844613255,463659.043704100,64.6,HFET
386640:10204,236:236,10/06/24 21:45:36,STABLE BEAMS,6800,496043.725332679,460987.546836478,64.7,HFET
386640:10204,237:237,10/06/24 21:46:00,STABLE BEAMS,6800,495453.125765576,463928.073405194,64.6,HFET
386640:10204,238:238,10/06/24 21:46:23,STABLE BEAMS,6800,495543.727770536,463392.382378159,64.6,HFET
386640:10204,239:239,10/06/24 21:46:46,STABLE BEAMS,6800,494940.971632156,456148.466874256,64.6,HFET
386640:10204,240:240,10/06/24 21:47:10,STABLE BEAMS,6800,495065.446530163,463952.568371826,64.6,HFET
386640:10204,241:241,10/06/24 21:47:33,STABLE BEAMS,6800,494258.084690768,463718.141191165,64.5,HFET
386640:10204,242:242,10/06/24 21:47:56,STABLE BEAMS,6800,493933.507734261,462879.999799104,64.4,HFET
386640:10204,243:243,10/06/24 21:48:20,STABLE BEAMS,6800,494228.263211121,463664.235014596,64.5,HFET
386640:10204,244:244,10/06/24 21:48:43,STABLE BEAMS,6800,493140.123037988,462116.343339363,64.4,HFET
386640:10204,245:245,10/06/24 21:49:06,STABLE BEAMS,6800,492617.087432904,462744.734341472,64.3,HFET
386640:10204,246:246,10/06/24 21:49:29,STABLE BEAMS,6800,491954.096241441,461914.879931365,64.2,HFET
386640:10204,247:247,10/06/24 21:49:53,STABLE BEAMS,6800,491373.967876291,354698.224428673,64.1,HFET
386640:10204,248:248,10/06/24 21:50:16,STABLE BEAMS,6800,490922.365822548,461680.224305069,64.1,HFET
386640:10204,249:249,10/06/24 21:50:39,STABLE BEAMS,6800,489498.541106688,461249.156716597,64.0,HFET
386640:10204,250:250,10/06/24 21:51:03,STABLE BEAMS,6800,489097.933713209,459269.106508431,63.8,HFET
386640:10204,251:251,10/06/24 21:51:26,STABLE BEAMS,6800,489171.190167472,460614.756195647,63.8,HFET
386640:10204,252:252,10/06/24 21:51:49,STABLE BEAMS,6800,488949.145672646,454555.501476638,63.8,HFET
386640:10204,253:253,10/06/24 21:52:13,STABLE BEAMS,6800,489094.064123886,228101.163447741,63.7,HFET
386640:10204,254:254,10/06/24 21:52:36,STABLE BEAMS,6800,488598.710068931,459702.677674574,63.8,HFET
386640:10204,255:255,10/06/24 21:52:59,STABLE BEAMS,6800,487435.994051440,458211.743556887,63.6,HFET
386640:10204,256:256,10/06/24 21:53:23,STABLE BEAMS,6800,487001.875081990,459996.976260165,63.5,HFET
386640:10204,257:257,10/06/24 21:53:46,STABLE BEAMS,6800,485994.777163326,459570.962448592,63.4,HFET
386640:10204,258:258,10/06/24 21:54:09,STABLE BEAMS,6800,485580.829010993,458469.117868452,63.3,HFET
386640:10204,259:259,10/06/24 21:54:33,STABLE BEAMS,6800,485919.791049256,459758.905604737,63.3,HFET
386640:10204,260:260,10/06/24 21:54:56,STABLE BEAMS,6800,485101.592028678,459685.285502320,63.3,HFET
386640:10204,261:261,10/06/24 21:55:19,STABLE BEAMS,6800,484725.978452504,457839.635921884,63.1,HFET
386640:10204,262:262,10/06/24 21:55:42,STABLE BEAMS,6800,484944.153358007,458483.276835651,63.3,HFET
386640:10204,263:263,10/06/24 21:56:06,STABLE BEAMS,6800,483978.805044634,458394.087463903,63.2,HFET
386640:10204,264:264,10/06/24 21:56:29,STABLE BEAMS,6800,484877.225780258,458734.187068184,63.0,HFET
386640:10204,265:265,10/06/24 21:56:52,STABLE BEAMS,6800,494102.830240095,461793.407461701,64.5,HFET
386640:10204,266:266,10/06/24 21:57:16,STABLE BEAMS,6800,493233.867335965,450588.755157198,64.4,HFET
386640:10204,267:267,10/06/24 21:57:39,STABLE BEAMS,6800,493181.462373567,463030.974390742,64.3,HFET
386640:10204,268:268,10/06/24 21:58:02,STABLE BEAMS,6800,493208.871187582,462570.267146700,64.3,HFET
386640:10204,269:269,10/06/24 21:58:26,STABLE BEAMS,6800,493479.313521886,462655.314193010,64.4,HFET
386640:10204,270:270,10/06/24 21:58:49,STABLE BEAMS,6800,493016.146990653,463644.840446421,64.4,HFET
386640:10204,271:271,10/06/24 21:59:12,STABLE BEAMS,6800,491927.370433253,461636.288148703,64.2,HFET
386640:10204,272:272,10/06/24 21:59:36,STABLE BEAMS,6800,491847.740811995,462107.876864409,64.1,HFET
386640:10204,273:273,10/06/24 21:59:59,STABLE BEAMS,6800,492089.179874997,461741.230944938,64.2,HFET
386640:10204,274:274,10/06/24 22:00:22,STABLE BEAMS,6800,491685.658634136,462171.888263699,64.1,HFET
386640:10204,275:275,10/06/24 22:00:45,STABLE BEAMS,6800,491036.688876276,462183.499362747,64.1,HFET
386640:10204,276:276,10/06/24 22:01:09,STABLE BEAMS,6800,489970.311646471,461866.482091888,64.0,HFET
386640:10204,277:277,10/06/24 22:01:32,STABLE BEAMS,6800,488406.850701905,461248.837358924,63.8,HFET
386640:10204,278:278,10/06/24 22:01:55,STABLE BEAMS,6800,487869.427683987,454899.200265206,63.6,HFET
386640:10204,279:279,10/06/24 22:02:19,STABLE BEAMS,6800,488233.339249074,460457.909618764,63.6,HFET
386640:10204,280:280,10/06/24 22:02:42,STABLE BEAMS,6800,487803.775205851,460460.504108473,63.6,HFET
386640:10204,281:281,10/06/24 22:03:05,STABLE BEAMS,6800,488349.939765916,460258.173539495,63.6,HFET
386640:10204,282:282,10/06/24 22:03:29,STABLE BEAMS,6800,488036.838705938,460943.519768073,63.7,HFET
386640:10204,283:283,10/06/24 22:03:52,STABLE BEAMS,6800,487145.063873423,460550.196993050,63.6,HFET
386640:10204,284:284,10/06/24 22:04:15,STABLE BEAMS,6800,486179.624648012,459867.536166219,63.4,HFET
386640:10204,285:285,10/06/24 22:04:39,STABLE BEAMS,6800,485830.508434391,459974.210953338,63.4,HFET
386640:10204,286:286,10/06/24 22:05:02,STABLE BEAMS,6800,485574.728580114,458219.937295726,63.3,HFET
386640:10204,287:287,10/06/24 22:05:25,STABLE BEAMS,6800,485470.830106780,459123.505051365,63.4,HFET
386640:10204,288:288,10/06/24 22:05:49,STABLE BEAMS,6800,484980.711652802,458821.374044012,63.3,HFET
386640:10204,289:289,10/06/24 22:06:12,STABLE BEAMS,6800,484258.305947679,458773.022826092,63.2,HFET
386640:10204,290:290,10/06/24 22:06:35,STABLE BEAMS,6800,484630.504494722,458811.767671962,63.2,HFET
386640:10204,291:291,10/06/24 22:06:58,STABLE BEAMS,6800,484506.437535348,452354.772785299,63.2,HFET
386640:10204,292:292,10/06/24 22:07:22,STABLE BEAMS,6800,484384.648039089,457854.114246756,63.2,HFET
386640:10204,293:293,10/06/24 22:07:45,STABLE BEAMS,6800,484047.553194228,459299.655284385,63.1,HFET
386640:10204,294:294,10/06/24 22:08:08,STABLE BEAMS,6800,483397.902761619,457547.157908137,63.1,HFET
386640:10204,295:295,10/06/24 22:08:32,STABLE BEAMS,6800,483719.015736359,459134.248989433,63.0,HFET
386640:10204,296:296,10/06/24 22:08:55,STABLE BEAMS,6800,486919.970328696,460023.109974565,63.0,HFET
386640:10204,297:297,10/06/24 22:09:18,STABLE BEAMS,6800,489454.833395956,460941.153723999,63.9,HFET
386640:10204,298:298,10/06/24 22:09:42,STABLE BEAMS,6800,489461.982811893,461884.692472487,63.9,HFET
386640:10204,299:299,10/06/24 22:10:05,STABLE BEAMS,6800,489540.293043056,461692.606990904,63.8,HFET
386640:10204,300:300,10/06/24 22:10:28,STABLE BEAMS,6800,489238.026833184,461308.342784622,63.9,HFET
386640:10204,301:301,10/06/24 22:10:52,STABLE BEAMS,6800,489269.258614964,461713.050544137,63.8,HFET
386640:10204,302:302,10/06/24 22:11:15,STABLE BEAMS,6800,488683.120730973,460164.657687153,63.8,HFET
386640:10204,303:303,10/06/24 22:11:38,STABLE BEAMS,6800,488114.055661563,460366.170047787,63.7,HFET
386640:10204,304:304,10/06/24 22:12:02,STABLE BEAMS,6800,488119.608289135,454370.199431761,63.7,HFET
386640:10204,305:305,10/06/24 22:12:25,STABLE BEAMS,6800,487444.644681548,459357.204935720,63.6,HFET
386640:10204,306:306,10/06/24 22:12:48,STABLE BEAMS,6800,486857.912372692,459331.253045397,63.5,HFET
386640:10204,307:307,10/06/24 22:13:11,STABLE BEAMS,6800,486170.563748192,459706.456351859,63.5,HFET
386640:10204,308:308,10/06/24 22:13:35,STABLE BEAMS,6800,485463.592109883,459742.149816751,63.3,HFET
386640:10204,309:309,10/06/24 22:13:58,STABLE BEAMS,6800,485909.047111189,459055.575110116,63.3,HFET
386640:10204,310:310,10/06/24 22:14:21,STABLE BEAMS,6800,486213.816898732,459307.485375070,63.4,HFET
386640:10204,311:311,10/06/24 22:14:45,STABLE BEAMS,6800,486162.370009354,460188.196911845,63.4,HFET
386640:10204,312:312,10/06/24 22:15:08,STABLE BEAMS,6800,486392.927600692,460614.847107686,63.5,HFET
386640:10204,313:313,10/06/24 22:15:31,STABLE BEAMS,6800,485939.414063066,460436.466033110,63.4,HFET
386640:10204,314:314,10/06/24 22:15:55,STABLE BEAMS,6800,485449.887702876,460167.026062305,63.3,HFET
386640:10204,315:315,10/06/24 22:16:18,STABLE BEAMS,6800,485022.097609939,459616.991912918,63.3,HFET
386640:10204,316:316,10/06/24 22:16:41,STABLE BEAMS,6800,484543.634545489,459661.655365590,63.2,HFET
386640:10204,317:317,10/06/24 22:17:05,STABLE BEAMS,6800,484422.574676614,451812.342612039,63.2,HFET
386640:10204,318:318,10/06/24 22:17:28,STABLE BEAMS,6800,484631.096588510,459907.737935780,63.2,HFET
386640:10204,319:319,10/06/24 22:17:51,STABLE BEAMS,6800,484062.987261041,459684.374050859,63.1,HFET
386640:10204,320:320,10/06/24 22:18:14,STABLE BEAMS,6800,484584.747766511,459891.986842371,63.1,HFET
386640:10204,321:321,10/06/24 22:18:38,STABLE BEAMS,6800,482243.245280449,457375.105710076,63.0,HFET
386640:10204,322:322,10/06/24 22:19:01,STABLE BEAMS,6800,486341.662535391,459578.564093643,62.8,HFET
386640:10204,323:323,10/06/24 22:19:24,STABLE BEAMS,6800,489294.208141788,460253.439120269,63.8,HFET
386640:10204,324:324,10/06/24 22:19:48,STABLE BEAMS,6800,488473.368009943,461729.575555410,63.8,HFET
386640:10204,325:325,10/06/24 22:20:11,STABLE BEAMS,6800,488327.948376954,461758.804941269,63.7,HFET
386640:10204,326:326,10/06/24 22:20:34,STABLE BEAMS,6800,488315.064509369,461219.789797141,63.7,HFET
386640:10204,327:327,10/06/24 22:20:58,STABLE BEAMS,6800,488034.150973113,459852.831726790,63.7,HFET
386640:10204,328:328,10/06/24 22:21:21,STABLE BEAMS,6800,487681.941419112,460474.618785192,63.6,HFET
386640:10204,329:329,10/06/24 22:21:44,STABLE BEAMS,6800,488057.235637613,460536.082316331,63.7,HFET
386640:10204,330:330,10/06/24 22:22:08,STABLE BEAMS,6800,487726.513959746,454561.830353152,63.6,HFET
386640:10204,331:331,10/06/24 22:22:31,STABLE BEAMS,6800,487167.738268212,459587.624993462,63.6,HFET
386640:10204,332:332,10/06/24 22:22:54,STABLE BEAMS,6800,487610.232800578,460919.572604748,63.6,HFET
386640:10204,333:333,10/06/24 22:23:18,STABLE BEAMS,6800,487221.143263031,460194.206430686,63.6,HFET
386640:10204,334:334,10/06/24 22:23:41,STABLE BEAMS,6800,486923.383026750,459078.021059270,63.5,HFET
386640:10204,335:335,10/06/24 22:24:04,STABLE BEAMS,6800,487205.527372141,460425.719763965,63.5,HFET
386640:10204,336:336,10/06/24 22:24:27,STABLE BEAMS,6800,486608.596597447,460563.582042384,63.5,HFET
386640:10204,337:337,10/06/24 22:24:51,STABLE BEAMS,6800,485804.784989702,459696.940891848,63.4,HFET
386640:10204,338:338,10/06/24 22:25:14,STABLE BEAMS,6800,485290.992108514,460528.662495357,63.3,HFET
386640:10204,339:339,10/06/24 22:25:37,STABLE BEAMS,6800,483951.715588292,459600.828218720,63.1,HFET
386640:10204,340:340,10/06/24 22:26:01,STABLE BEAMS,6800,484267.411137979,459551.884907012,63.2,HFET
386640:10204,341:341,10/06/24 22:26:24,STABLE BEAMS,6800,483684.916728755,457140.494374260,63.1,HFET
386640:10204,342:342,10/06/24 22:26:47,STABLE BEAMS,6800,483363.892334975,459111.621216202,63.1,HFET
386640:10204,343:343,10/06/24 22:27:11,STABLE BEAMS,6800,485160.188333993,453910.585463256,63.0,HFET
386640:10204,344:344,10/06/24 22:27:34,STABLE BEAMS,6800,492411.933928582,463625.217432611,64.3,HFET
386640:10204,345:345,10/06/24 22:27:57,STABLE BEAMS,6800,492118.180815221,463240.452044580,64.2,HFET
386640:10204,346:346,10/06/24 22:28:21,STABLE BEAMS,6800,491943.305681816,462342.987050897,64.2,HFET
386640:10204,347:347,10/06/24 22:28:44,STABLE BEAMS,6800,492332.304307324,463658.360698274,64.1,HFET
386640:10204,348:348,10/06/24 22:29:07,STABLE BEAMS,6800,493175.361942688,463447.971592976,64.3,HFET
386640:10204,349:349,10/06/24 22:29:31,STABLE BEAMS,6800,492327.112996828,463864.425654057,64.2,HFET
386640:10204,350:350,10/06/24 22:29:54,STABLE BEAMS,6800,490227.278019402,462368.074111318,64.1,HFET
386640:10204,351:351,10/06/24 22:30:17,STABLE BEAMS,6800,489272.855468172,461942.151211784,63.9,HFET
386640:10204,352:352,10/06/24 22:30:40,STABLE BEAMS,6800,488382.856917022,460074.193215790,63.8,HFET
386640:10204,353:353,10/06/24 22:31:04,STABLE BEAMS,6800,487534.290944567,459021.201035319,63.6,HFET
386640:10204,354:354,10/06/24 22:31:27,STABLE BEAMS,6800,487743.540152769,461338.301797866,63.6,HFET
386640:10204,355:355,10/06/24 22:31:50,STABLE BEAMS,6800,486873.803330774,461438.647708471,63.6,HFET
386640:10204,356:356,10/06/24 22:32:14,STABLE BEAMS,6800,487016.672764535,454634.266267993,63.5,HFET
386640:10204,357:357,10/06/24 22:32:37,STABLE BEAMS,6800,486996.003096745,460322.961187727,63.6,HFET
386640:10204,358:358,10/06/24 22:33:00,STABLE BEAMS,6800,485659.001708560,460704.768437897,63.4,HFET
386640:10204,359:359,10/06/24 22:33:24,STABLE BEAMS,6800,485169.748084484,460317.863120348,63.3,HFET
386640:10204,360:360,10/06/24 22:33:47,STABLE BEAMS,6800,484714.323062976,460067.181333450,63.3,HFET
386640:10204,361:361,10/06/24 22:34:10,STABLE BEAMS,6800,484213.278846853,459117.812559120,63.2,HFET
386640:10204,362:362,10/06/24 22:34:34,STABLE BEAMS,6800,484048.919205881,313098.843122700,63.2,HFET
386640:10204,363:363,10/06/24 22:34:57,STABLE BEAMS,6800,483667.067665231,329003.964834998,63.1,HFET
386640:10204,364:364,10/06/24 22:35:20,STABLE BEAMS,6800,480017.748886361,456872.376124628,62.7,HFET
386640:10204,365:365,10/06/24 22:35:43,STABLE BEAMS,6800,476390.598658375,455156.984846482,62.9,HFET
386640:10204,366:366,10/06/24 22:36:07,STABLE BEAMS,6800,479125.062602386,456434.023917700,61.5,HFET
386640:10204,367:367,10/06/24 22:36:30,STABLE BEAMS,6800,483020.603816119,458581.347614221,63.0,HFET
386640:10204,368:368,10/06/24 22:36:53,STABLE BEAMS,6800,489058.960421704,389837.951088091,63.0,HFET
386640:10204,371:371,10/06/24 22:38:03,STABLE BEAMS,6800,494374.137404302,238094.248267516,64.3,HFET
386640:10204,372:372,10/06/24 22:38:27,STABLE BEAMS,6800,491710.197891249,456118.871509165,64.4,HFET
386640:10204,373:373,10/06/24 22:38:50,STABLE BEAMS,6800,491039.922081331,462467.918840174,64.1,HFET
386640:10204,374:374,10/06/24 22:39:13,STABLE BEAMS,6800,490593.010156334,462698.840079665,64.0,HFET
386640:10204,375:375,10/06/24 22:39:37,STABLE BEAMS,6800,489790.200912089,462012.447197107,63.9,HFET
386640:10204,376:376,10/06/24 22:40:00,STABLE BEAMS,6800,489951.690996160,462650.397949707,63.9,HFET
386640:10204,377:377,10/06/24 22:40:23,STABLE BEAMS,6800,489730.376128718,462260.033312546,63.9,HFET
386640:10204,378:378,10/06/24 22:40:47,STABLE BEAMS,6800,488629.760026634,461736.496525712,63.8,HFET
386640:10204,379:379,10/06/24 22:41:10,STABLE BEAMS,6800,488018.215724550,459723.939436152,63.7,HFET
386640:10204,380:380,10/06/24 22:41:33,STABLE BEAMS,6800,487444.961708143,461048.784253059,63.6,HFET
386640:10204,381:381,10/06/24 22:41:56,STABLE BEAMS,6800,485170.978893618,459447.669407084,63.5,HFET
386640:10204,382:382,10/06/24 22:42:20,STABLE BEAMS,6800,486078.185461869,459886.021614011,62.9,HFET
386640:10204,383:383,10/06/24 22:42:43,STABLE BEAMS,6800,488148.655850917,460913.015282600,63.7,HFET
386640:10204,384:384,10/06/24 22:43:06,STABLE BEAMS,6800,488077.357502094,460945.386961476,63.6,HFET
386640:10204,385:385,10/06/24 22:43:30,STABLE BEAMS,6800,488060.011951398,454989.802270165,63.6,HFET
386640:10204,386:386,10/06/24 22:43:53,STABLE BEAMS,6800,488849.345234270,460112.982352140,63.7,HFET
386640:10204,387:387,10/06/24 22:44:16,STABLE BEAMS,6800,489596.837999814,460935.507853311,63.9,HFET
386640:10204,388:388,10/06/24 22:44:40,STABLE BEAMS,6800,488855.354753111,460724.573275783,63.9,HFET
386640:10204,389:389,10/06/24 22:45:03,STABLE BEAMS,6800,487218.411239725,459521.746400770,63.6,HFET
386640:10204,390:390,10/06/24 22:45:26,STABLE BEAMS,6800,485623.308243668,458514.874596663,63.4,HFET
386640:10204,391:391,10/06/24 22:45:50,STABLE BEAMS,6800,484520.871569740,458535.817000567,63.2,HFET
386640:10204,392:392,10/06/24 22:46:13,STABLE BEAMS,6800,484213.278846853,459577.382237144,63.2,HFET
386640:10204,393:393,10/06/24 22:46:36,STABLE BEAMS,6800,483749.611133871,459954.224291375,63.0,HFET
386640:10204,394:394,10/06/24 22:46:59,STABLE BEAMS,6800,482205.181109327,458814.637228864,62.8,HFET
386640:10204,395:395,10/06/24 22:47:23,STABLE BEAMS,6800,491377.837465614,462380.957978903,64.1,HFET
386640:10204,396:396,10/06/24 22:47:46,STABLE BEAMS,6800,491101.567436546,462971.058695333,64.0,HFET
386640:10204,397:397,10/06/24 22:48:09,STABLE BEAMS,6800,488306.094521588,461527.473432066,64.2,HFET
386640:10204,398:398,10/06/24 22:48:33,STABLE BEAMS,6800,492299.114420103,457357.895361898,64.1,HFET
386640:10204,399:399,10/06/24 22:48:56,STABLE BEAMS,6800,491712.974205034,463741.906530413,64.2,HFET
386640:10204,400:400,10/06/24 22:49:19,STABLE BEAMS,6800,491632.069484162,462672.843898861,64.1,HFET
386640:10204,401:401,10/06/24 22:49:43,STABLE BEAMS,6800,491666.991362267,463736.670929437,64.1,HFET
386640:10204,402:402,10/06/24 22:50:06,STABLE BEAMS,6800,491032.590841317,463366.248663759,64.0,HFET
386640:10204,403:403,10/06/24 22:50:29,STABLE BEAMS,6800,490836.864216046,463125.492606584,64.0,HFET
386640:10204,404:404,10/06/24 22:50:53,STABLE BEAMS,6800,490594.877349736,462912.597592537,64.0,HFET
386640:10204,405:405,10/06/24 22:51:16,STABLE BEAMS,6800,490312.644423385,462413.147833702,64.0,HFET
386640:10204,406:406,10/06/24 22:51:39,STABLE BEAMS,6800,490160.168617576,462105.144841104,63.9,HFET
386640:10204,407:407,10/06/24 22:52:03,STABLE BEAMS,6800,489265.843585832,461321.546009880,63.9,HFET
386640:10204,408:408,10/06/24 22:52:26,STABLE BEAMS,6800,488442.227140201,461084.615251547,63.7,HFET
386640:10204,409:409,10/06/24 22:52:49,STABLE BEAMS,6800,488630.170296346,461931.952745946,63.7,HFET
386640:10204,410:410,10/06/24 22:53:12,STABLE BEAMS,6800,489103.442050300,461758.441293116,63.7,HFET
386640:10204,411:411,10/06/24 22:53:36,STABLE BEAMS,6800,486909.725241301,451356.644854416,63.6,HFET
386640:10204,412:412,10/06/24 22:53:59,STABLE BEAMS,6800,486584.922170237,460747.518075609,63.4,HFET
386640:10204,413:413,10/06/24 22:54:22,STABLE BEAMS,6800,485825.319454973,459772.973659898,63.5,HFET
386640:10204,414:414,10/06/24 22:54:46,STABLE BEAMS,6800,485603.685229858,459927.360949590,63.3,HFET
386640:10204,415:415,10/06/24 22:55:09,STABLE BEAMS,6800,485587.659069257,460304.795097608,63.3,HFET
386640:10204,416:416,10/06/24 22:55:32,STABLE BEAMS,6800,485125.814259196,460341.355723481,63.4,HFET
386640:10204,417:417,10/06/24 22:55:56,STABLE BEAMS,6800,484968.009609294,459040.961582726,63.2,HFET
386640:10204,418:418,10/06/24 22:56:19,STABLE BEAMS,6800,484866.481842190,459526.161462323,63.2,HFET
386640:10204,419:419,10/06/24 22:56:42,STABLE BEAMS,6800,484426.945447687,459644.582551009,63.2,HFET
386640:10204,420:420,10/06/24 22:57:06,STABLE BEAMS,6800,483745.468808432,459041.870703109,63.1,HFET
386640:10204,421:421,10/06/24 22:57:29,STABLE BEAMS,6800,482668.893112790,458226.040057683,63.0,HFET
386640:10204,422:422,10/06/24 22:57:52,STABLE BEAMS,6800,490213.254254721,462257.256998760,62.9,HFET
386640:10204,423:423,10/06/24 22:58:16,STABLE BEAMS,6800,491070.198121170,462193.606916546,64.1,HFET
386640:10204,424:424,10/06/24 22:58:39,STABLE BEAMS,6800,490870.371129862,456249.950350879,64.1,HFET
386640:10204,425:425,10/06/24 22:59:02,STABLE BEAMS,6800,490727.366493583,462440.964586350,64.0,HFET
386640:10204,426:426,10/06/24 22:59:25,STABLE BEAMS,6800,490439.804723140,462151.719777659,64.0,HFET
386640:10204,427:427,10/06/24 22:59:49,STABLE BEAMS,6800,489442.996182351,461585.023083402,63.9,HFET
386640:10204,428:428,10/06/24 23:00:12,STABLE BEAMS,6800,488931.844412430,462118.849248111,63.8,HFET
386640:10204,429:429,10/06/24 23:00:35,STABLE BEAMS,6800,488417.277613377,461677.583193802,63.7,HFET
386640:10204,430:430,10/06/24 23:00:59,STABLE BEAMS,6800,487609.684997270,461275.973436824,63.6,HFET
386640:10204,431:431,10/06/24 23:01:22,STABLE BEAMS,6800,487445.008329702,461288.493656255,63.6,HFET
386640:10204,432:432,10/06/24 23:01:45,STABLE BEAMS,6800,487365.513910963,461456.949001108,63.6,HFET
386640:10204,433:433,10/06/24 23:02:09,STABLE BEAMS,6800,487510.250538125,459818.548564031,63.6,HFET
386640:10204,434:434,10/06/24 23:02:32,STABLE BEAMS,6800,487275.685823868,461107.653294489,63.6,HFET
386640:10204,435:435,10/06/24 23:02:55,STABLE BEAMS,6800,486381.864304952,460255.124489594,63.5,HFET
386640:10204,436:436,10/06/24 23:03:19,STABLE BEAMS,6800,485868.297538320,454413.634406377,63.4,HFET
386640:10204,437:437,10/06/24 23:03:42,STABLE BEAMS,6800,485856.506946273,461157.232990465,63.4,HFET
386640:10204,438:438,10/06/24 23:04:05,STABLE BEAMS,6800,485268.592780918,459976.306592375,63.3,HFET
386640:10204,439:439,10/06/24 23:04:29,STABLE BEAMS,6800,485196.336359076,460073.736324521,63.3,HFET
386640:10204,440:440,10/06/24 23:04:52,STABLE BEAMS,6800,484907.319996020,459289.412528068,63.3,HFET
386640:10204,441:441,10/06/24 23:05:15,STABLE BEAMS,6800,484721.379235796,460004.852972408,63.2,HFET
386640:10204,442:442,10/06/24 23:05:38,STABLE BEAMS,6800,484848.952136340,460379.965366832,63.2,HFET
386640:10204,443:443,10/06/24 23:06:02,STABLE BEAMS,6800,484154.635919981,460301.335777996,63.2,HFET
386640:10204,444:444,10/06/24 23:06:25,STABLE BEAMS,6800,483458.592374893,459909.103947433,63.1,HFET
386640:10204,445:445,10/06/24 23:06:48,STABLE BEAMS,6800,482727.990599854,458819.462560129,63.0,HFET
386640:10204,446:446,10/06/24 23:07:12,STABLE BEAMS,6800,491009.053947704,462080.649874471,63.0,HFET
386640:10204,447:447,10/06/24 23:07:35,STABLE BEAMS,6800,490862.904687330,461956.720448694,64.0,HFET
386640:10204,448:448,10/06/24 23:07:58,STABLE BEAMS,6800,489777.088598870,462152.903965235,64.0,HFET
386640:10204,449:449,10/06/24 23:08:22,STABLE BEAMS,6800,488875.660772748,455339.282131939,63.8,HFET
386640:10204,450:450,10/06/24 23:08:45,STABLE BEAMS,6800,488413.452314534,461864.978546639,63.7,HFET
386640:10204,451:451,10/06/24 23:09:08,STABLE BEAMS,6800,487982.158611505,353778.747066327,63.6,HFET
386640:10204,452:452,10/06/24 23:09:32,STABLE BEAMS,6800,487226.150418372,461342.716859419,63.6,HFET
386640:10204,453:453,10/06/24 23:09:55,STABLE BEAMS,6800,486811.290814578,461040.770007220,63.5,HFET
386640:10204,454:454,10/06/24 23:10:18,STABLE BEAMS,6800,485943.603010063,460367.034877690,63.4,HFET
386640:10204,455:455,10/06/24 23:10:41,STABLE BEAMS,6800,485647.756588743,459011.867399385,63.3,HFET
386640:10204,456:456,10/06/24 23:11:05,STABLE BEAMS,6800,484675.487305067,459139.211854294,63.3,HFET
386640:10204,457:457,10/06/24 23:11:28,STABLE BEAMS,6800,483513.407671845,459409.197297328,63.1,HFET
386640:10204,458:458,10/06/24 23:11:51,STABLE BEAMS,6800,483193.203817489,458666.714018204,63.0,HFET
386640:10204,459:459,10/06/24 23:12:15,STABLE BEAMS,6800,484859.605162369,459918.666029002,62.9,HFET
386640:10204,460:460,10/06/24 23:12:38,STABLE BEAMS,6800,491150.876727485,463132.366955327,64.0,HFET
386640:10204,461:461,10/06/24 23:13:01,STABLE BEAMS,6800,491346.239704603,462076.915487666,64.1,HFET
386640:10204,462:462,10/06/24 23:13:25,STABLE BEAMS,6800,490990.067318162,463075.136661665,64.1,HFET
386640:10204,463:463,10/06/24 23:13:48,STABLE BEAMS,6800,490501.179673318,455039.246763623,64.0,HFET
386640:10204,464:464,10/06/24 23:14:11,STABLE BEAMS,6800,489692.631315269,463039.396575216,64.0,HFET
386640:10204,465:465,10/06/24 23:14:35,STABLE BEAMS,6800,488141.145117905,462404.723318151,63.8,HFET
386640:10204,466:466,10/06/24 23:14:58,STABLE BEAMS,6800,487649.478828197,461850.318397690,63.6,HFET
386640:10204,467:467,10/06/24 23:15:21,STABLE BEAMS,6800,486891.286415067,461770.553573914,63.6,HFET
386640:10204,468:468,10/06/24 23:15:45,STABLE BEAMS,6800,488521.584025344,462734.671078153,63.4,HFET
386640:10204,469:469,10/06/24 23:16:08,STABLE BEAMS,6800,496036.806693455,464710.760784957,64.4,HFET
386640:10204,470:470,10/06/24 23:16:31,STABLE BEAMS,6800,490710.885772790,463698.427265317,64.3,HFET
386640:10204,471:471,10/06/24 23:16:54,STABLE BEAMS,6800,489267.983515350,462870.575251131,63.9,HFET
386640:10204,472:472,10/06/24 23:17:18,STABLE BEAMS,6800,489021.991857198,462495.782214380,63.8,HFET
386640:10204,473:473,10/06/24 23:17:41,STABLE BEAMS,6800,488720.317741114,461796.367930641,63.8,HFET
386640:10204,474:474,10/06/24 23:18:04,STABLE BEAMS,6800,488942.315614382,460086.303165510,63.7,HFET
386640:10204,475:475,10/06/24 23:18:28,STABLE BEAMS,6800,488935.259441562,462055.653726089,63.8,HFET
386640:10204,476:476,10/06/24 23:18:51,STABLE BEAMS,6800,488868.833045562,456128.797238888,63.8,HFET
386640:10204,477:477,10/06/24 23:19:14,STABLE BEAMS,6800,489165.588587265,461487.726222697,63.8,HFET
386640:10204,478:478,10/06/24 23:19:38,STABLE BEAMS,6800,489307.001097335,462116.800230632,63.8,HFET
386640:10204,479:479,10/06/24 23:20:01,STABLE BEAMS,6800,488849.028207675,460844.085308929,63.8,HFET
386640:10204,480:480,10/06/24 23:20:24,STABLE BEAMS,6800,488851.531785346,462642.612149502,63.8,HFET
386640:10204,481:481,10/06/24 23:20:48,STABLE BEAMS,6800,488367.924031958,461204.173906251,63.7,HFET
386640:10204,482:482,10/06/24 23:21:11,STABLE BEAMS,6800,488007.471786482,459949.806898744,63.7,HFET
386640:10204,483:483,10/06/24 23:21:34,STABLE BEAMS,6800,486997.187284322,461731.806396966,63.6,HFET
386640:10204,484:484,10/06/24 23:21:57,STABLE BEAMS,6800,486426.572048104,461277.656475072,63.5,HFET
386640:10204,485:485,10/06/24 23:22:21,STABLE BEAMS,6800,485809.202382334,461308.753054333,63.4,HFET
386640:10204,486:486,10/06/24 23:22:44,STABLE BEAMS,6800,485820.174766036,460290.225860698,63.4,HFET
386640:10204,487:487,10/06/24 23:23:07,STABLE BEAMS,6800,485190.145016159,459060.948244689,63.3,HFET
386640:10204,488:488,10/06/24 23:23:31,STABLE BEAMS,6800,484731.943680865,454048.081762444,63.2,HFET
386640:10204,489:489,10/06/24 23:23:54,STABLE BEAMS,6800,484100.547919335,179548.191201842,63.2,HFET
386640:10204,490:490,10/06/24 23:24:17,STABLE BEAMS,6800,483780.115619344,459021.291947358,63.0,HFET
386640:10204,491:491,10/06/24 23:24:41,STABLE BEAMS,6800,493192.891648539,464576.905629457,64.4,HFET
386640:10204,492:492,10/06/24 23:25:04,STABLE BEAMS,6800,492969.800499733,463227.703379513,64.3,HFET
386640:10204,493:493,10/06/24 23:25:27,STABLE BEAMS,6800,491781.085970360,463368.934065506,64.2,HFET
386640:10204,494:494,10/06/24 23:25:51,STABLE BEAMS,6800,491485.377082637,462165.606008743,64.1,HFET
386640:10204,495:495,10/06/24 23:26:14,STABLE BEAMS,6800,491647.095612342,463140.469782128,64.1,HFET
386640:10204,496:496,10/06/24 23:26:37,STABLE BEAMS,6800,491288.053669000,461487.453486582,64.1,HFET
386640:10204,497:497,10/06/24 23:27:01,STABLE BEAMS,6800,492090.408353053,463539.440758916,64.1,HFET
386640:10204,498:498,10/06/24 23:27:24,STABLE BEAMS,6800,492423.269960437,463812.202515737,64.2,HFET
386640:10204,499:499,10/06/24 23:27:47,STABLE BEAMS,6800,492797.382322440,463781.607118225,64.2,HFET
386640:10204,500:500,10/06/24 23:28:10,STABLE BEAMS,6800,493499.710453561,463307.698980002,64.3,HFET
386640:10204,501:501,10/06/24 23:28:34,STABLE BEAMS,6800,493417.849990748,464247.004491014,64.4,HFET
386640:10204,502:502,10/06/24 23:28:57,STABLE BEAMS,6800,493733.818276549,457462.521131538,64.3,HFET
386640:10204,503:503,10/06/24 23:29:20,STABLE BEAMS,6800,493590.948842789,464574.674787902,64.3,HFET
386640:10204,504:504,10/06/24 23:29:44,STABLE BEAMS,6800,493430.552034256,463260.347794504,64.4,HFET
386640:10204,505:505,10/06/24 23:30:07,STABLE BEAMS,6800,493952.767099917,464059.471604580,64.4,HFET
386640:10204,506:506,10/06/24 23:30:30,STABLE BEAMS,6800,493548.607143710,464235.167277409,64.4,HFET
386640:10204,507:507,10/06/24 23:30:54,STABLE BEAMS,6800,493047.425393991,463416.511365561,64.3,HFET
386640:10204,508:508,10/06/24 23:31:17,STABLE BEAMS,6800,492974.124649248,464170.013649945,64.3,HFET
386640:10204,509:509,10/06/24 23:31:40,STABLE BEAMS,6800,492553.437350690,462501.472375548,64.3,HFET
386640:10204,510:510,10/06/24 23:32:04,STABLE BEAMS,6800,491923.773580044,461773.101442065,64.2,HFET
386640:10204,511:511,10/06/24 23:32:27,STABLE BEAMS,6800,491612.082822199,463312.069751075,64.1,HFET
386640:10204,512:512,10/06/24 23:32:50,STABLE BEAMS,6800,491440.485184329,462879.454326874,64.1,HFET
386640:10204,513:513,10/06/24 23:33:14,STABLE BEAMS,6800,491465.980183384,463085.015769830,64.1,HFET
386640:10204,514:514,10/06/24 23:33:37,STABLE BEAMS,6800,491130.479795810,419271.679236481,64.1,HFET
386640:10204,515:515,10/06/24 23:34:00,STABLE BEAMS,6800,490878.203551625,296397.945028199,64.0,HFET
386640:10204,516:516,10/06/24 23:34:23,STABLE BEAMS,6800,490656.021523202,464073.266923626,64.0,HFET
386640:10204,517:517,10/06/24 23:34:47,STABLE BEAMS,6800,490517.704684591,463597.580172962,64.0,HFET
386640:10204,518:518,10/06/24 23:35:10,STABLE BEAMS,6800,489907.253658044,462947.701294718,63.9,HFET
386640:10204,519:519,10/06/24 23:35:33,STABLE BEAMS,6800,489619.785130717,340361.368012504,63.8,HFET
386640:10204,520:520,10/06/24 23:35:57,STABLE BEAMS,6800,489554.862279966,347641.114514896,63.9,HFET
386640:10204,521:521,10/06/24 23:36:20,STABLE BEAMS,6800,488928.748740971,462154.633625041,63.8,HFET
386640:10204,522:522,10/06/24 23:36:43,STABLE BEAMS,6800,488532.509787488,461682.546058663,63.8,HFET
386640:10204,523:523,10/06/24 23:37:07,STABLE BEAMS,6800,488337.419546485,461635.103961127,63.7,HFET
386640:10204,524:524,10/06/24 23:37:30,STABLE BEAMS,6800,488145.651091497,461523.058370513,63.7,HFET
386640:10204,525:525,10/06/24 23:37:53,STABLE BEAMS,6800,488038.249008071,461860.062303336,63.6,HFET
386640:10204,526:526,10/06/24 23:38:17,STABLE BEAMS,6800,487897.929773539,461309.617884236,63.7,HFET
386640:10204,527:527,10/06/24 23:38:40,STABLE BEAMS,6800,487216.042864573,461086.116465719,63.6,HFET
386640:10204,528:528,10/06/24 23:39:03,STABLE BEAMS,6800,486180.717923549,453876.073854862,63.5,HFET
386640:10204,529:529,10/06/24 23:39:26,STABLE BEAMS,6800,485290.810284437,460547.737705859,63.3,HFET
386640:10204,530:530,10/06/24 23:39:50,STABLE BEAMS,6800,484414.334316217,459300.657647885,63.2,HFET
386640:10204,531:531,10/06/24 23:40:13,STABLE BEAMS,6800,484010.810744279,458046.337261935,63.2,HFET
386640:10204,532:532,10/06/24 23:40:36,STABLE BEAMS,6800,483503.757009316,459819.777042087,63.1,HFET
386640:10204,533:533,10/06/24 23:41:00,STABLE BEAMS,6800,487054.461868464,460627.777596828,63.0,HFET
386640:10204,534:534,10/06/24 23:41:23,STABLE BEAMS,6800,491271.754772283,463316.757548744,64.1,HFET
386640:10204,535:535,10/06/24 23:41:46,STABLE BEAMS,6800,490564.191040186,463006.614626628,64.0,HFET
386640:10204,536:536,10/06/24 23:42:10,STABLE BEAMS,6800,490184.435138574,462003.661364481,63.9,HFET
386640:10204,537:537,10/06/24 23:42:33,STABLE BEAMS,6800,489349.251884375,461996.376746025,63.9,HFET
386640:10204,538:538,10/06/24 23:42:56,STABLE BEAMS,6800,488538.293191772,462415.560499334,63.7,HFET
386640:10204,539:539,10/06/24 23:43:20,STABLE BEAMS,6800,488268.489572814,461520.461549726,63.7,HFET
386640:10204,540:540,10/06/24 23:43:43,STABLE BEAMS,6800,487921.513288711,462111.107738387,63.7,HFET
386640:10204,541:541,10/06/24 23:44:06,STABLE BEAMS,6800,487808.556246636,454655.255293455,63.6,HFET
386640:10204,542:542,10/06/24 23:44:30,STABLE BEAMS,6800,486589.064495675,460384.151982751,63.5,HFET
386640:10204,543:543,10/06/24 23:44:53,STABLE BEAMS,6800,486603.862178220,461337.527880001,63.4,HFET
386640:10204,544:544,10/06/24 23:45:16,STABLE BEAMS,6800,487404.806560140,462261.853884390,63.5,HFET
386640:10204,545:545,10/06/24 23:45:39,STABLE BEAMS,6800,488222.366865372,462107.193858583,63.6,HFET
386640:10204,546:546,10/06/24 23:46:03,STABLE BEAMS,6800,488011.569821441,461194.658446240,63.7,HFET
386640:10204,547:547,10/06/24 23:46:26,STABLE BEAMS,6800,487810.831378672,461691.560336924,63.6,HFET
386640:10204,548:548,10/06/24 23:46:49,STABLE BEAMS,6800,488043.985790797,460729.671343163,63.7,HFET
386640:10204,549:549,10/06/24 23:47:13,STABLE BEAMS,6800,487540.209551369,461258.534643012,63.6,HFET
386640:10204,550:550,10/06/24 23:47:36,STABLE BEAMS,6800,487296.856673407,459522.154339403,63.6,HFET
386640:10204,551:551,10/06/24 23:47:59,STABLE BEAMS,6800,487529.829261455,461927.491062835,63.6,HFET
386640:10204,552:552,10/06/24 23:48:23,STABLE BEAMS,6800,486737.808245758,461460.592475875,63.5,HFET
386640:10204,553:553,10/06/24 23:48:46,STABLE BEAMS,6800,486494.730434988,461315.492200559,63.4,HFET
386640:10204,554:554,10/06/24 23:49:09,STABLE BEAMS,6800,485730.983063209,454352.079963200,63.4,HFET
386640:10204,555:555,10/06/24 23:49:33,STABLE BEAMS,6800,485512.262685476,460831.837825613,63.3,HFET
386640:10204,556:556,10/06/24 23:49:56,STABLE BEAMS,6800,485956.442587167,461012.132715149,63.3,HFET
386640:10204,557:557,10/06/24 23:50:19,STABLE BEAMS,6800,485601.589590821,461199.301953428,63.4,HFET
386640:10204,558:558,10/06/24 23:50:43,STABLE BEAMS,6800,486071.812294875,461241.461828430,63.3,HFET
386640:10204,559:559,10/06/24 23:51:06,STABLE BEAMS,6800,485598.722364997,460530.028507010,63.3,HFET
386640:10204,560:560,10/06/24 23:51:29,STABLE BEAMS,6800,485299.642738622,461339.893924075,63.3,HFET
386640:10204,561:561,10/06/24 23:51:52,STABLE BEAMS,6800,485164.603395546,461229.214345114,63.3,HFET
386640:10204,562:562,10/06/24 23:52:16,STABLE BEAMS,6800,484542.177621798,459249.527785102,63.3,HFET
386640:10204,563:563,10/06/24 23:52:39,STABLE BEAMS,6800,483893.802288804,460099.734836402,63.1,HFET
386640:10204,564:564,10/06/24 23:53:02,STABLE BEAMS,6800,483448.620023613,459289.547730586,63.1,HFET
386640:10204,565:565,10/06/24 23:53:26,STABLE BEAMS,6800,483282.987614103,460145.808591208,63.0,HFET
386640:10204,566:566,10/06/24 23:53:49,STABLE BEAMS,6800,488927.564553395,461377.820561600,63.0,HFET
386640:10204,567:567,10/06/24 23:54:12,STABLE BEAMS,6800,491634.027589603,457096.742373048,64.1,HFET
386640:10204,568:568,10/06/24 23:54:36,STABLE BEAMS,6800,491239.110357292,463774.140675693,64.1,HFET
386640:10204,569:569,10/06/24 23:54:59,STABLE BEAMS,6800,491227.182231649,463547.725409793,64.0,HFET
386640:10204,570:570,10/06/24 23:55:22,STABLE BEAMS,6800,491587.998125278,464253.787927719,64.1,HFET
386640:10204,571:571,10/06/24 23:55:46,STABLE BEAMS,6800,491354.025504808,463478.159051854,64.1,HFET
386640:10204,572:572,10/06/24 23:56:09,STABLE BEAMS,6800,491646.137539323,462701.252745297,64.1,HFET
386640:10204,573:573,10/06/24 23:56:32,STABLE BEAMS,6800,491480.141481661,461631.187750245,64.1,HFET
386640:10204,574:574,10/06/24 23:56:55,STABLE BEAMS,6800,490740.159449129,463061.886814850,64.0,HFET
386640:10204,575:575,10/06/24 23:57:19,STABLE BEAMS,6800,490386.537261917,463113.562149862,64.0,HFET
386640:10204,576:576,10/06/24 23:57:42,STABLE BEAMS,6800,489872.653468691,463223.833790190,63.9,HFET
386640:10204,577:577,10/06/24 23:58:05,STABLE BEAMS,6800,489352.713535065,461847.360259828,63.8,HFET
386640:10204,578:578,10/06/24 23:58:29,STABLE BEAMS,6800,489208.478089652,461739.228549017,63.8,HFET
386640:10204,579:579,10/06/24 23:58:52,STABLE BEAMS,6800,488950.329860222,460961.685858192,63.8,HFET
386640:10204,580:580,10/06/24 23:59:15,STABLE BEAMS,6800,488925.743981551,455851.709001475,63.8,HFET
386640:10204,581:581,10/06/24 23:59:39,STABLE BEAMS,6800,488881.262352955,462372.078903160,63.8,HFET
386640:10204,582:582,10/07/24 00:00:02,STABLE BEAMS,6800,487953.111049722,462509.621823906,63.7,HFET
386640:10204,583:583,10/07/24 00:00:25,STABLE BEAMS,6800,487456.162537480,461541.315372670,63.6,HFET
386640:10204,584:584,10/07/24 00:00:49,STABLE BEAMS,6800,487086.877837820,460732.312454430,63.5,HFET
386640:10204,585:585,10/07/24 00:01:12,STABLE BEAMS,6800,486741.633544601,462146.164819010,63.5,HFET
386640:10204,586:586,10/07/24 00:01:35,STABLE BEAMS,6800,486575.998804014,461012.953254571,63.5,HFET
386640:10204,587:587,10/07/24 00:01:59,STABLE BEAMS,6800,486598.670867724,461386.834839862,63.5,HFET
386640:10204,588:588,10/07/24 00:02:22,STABLE BEAMS,6800,486203.254784741,460386.156709750,63.4,HFET
386640:10204,589:589,10/07/24 00:02:45,STABLE BEAMS,6800,485876.220872122,461005.076542328,63.4,HFET
386640:10204,590:590,10/07/24 00:03:08,STABLE BEAMS,6800,485774.145301710,460421.348992892,63.4,HFET
386640:10204,591:591,10/07/24 00:03:32,STABLE BEAMS,6800,485070.495449417,461432.409743995,63.3,HFET
386640:10204,592:592,10/07/24 00:03:55,STABLE BEAMS,6800,484756.210201863,460655.323944440,63.2,HFET
386640:10204,593:593,10/07/24 00:04:18,STABLE BEAMS,6800,484009.719799819,454259.792588915,63.2,HFET
386640:10204,594:594,10/07/24 00:04:42,STABLE BEAMS,6800,483765.865740107,459615.763434861,63.1,HFET
386640:10204,595:595,10/07/24 00:05:05,STABLE BEAMS,6800,483885.198280254,460378.098173430,63.1,HFET
386640:10204,596:596,10/07/24 00:05:28,STABLE BEAMS,6800,483416.432499891,459176.590688511,63.1,HFET
386640:10204,597:597,10/07/24 00:05:52,STABLE BEAMS,6800,483273.789180688,459640.531137609,63.0,HFET
386640:10204,598:598,10/07/24 00:06:15,STABLE BEAMS,6800,490703.235175103,464168.556726254,63.0,HFET
386640:10204,599:599,10/07/24 00:06:38,STABLE BEAMS,6800,491303.305911737,464266.627504823,64.1,HFET
386640:10204,600:600,10/07/24 00:07:02,STABLE BEAMS,6800,490856.759965971,464093.388788108,64.0,HFET
386640:10204,601:601,10/07/24 00:07:25,STABLE BEAMS,6800,490289.697292482,462688.688235386,64.0,HFET
386640:10204,602:602,10/07/24 00:07:48,STABLE BEAMS,6800,489523.856612743,463317.531466608,63.9,HFET
386640:10204,603:603,10/07/24 00:08:11,STABLE BEAMS,6800,487741.992317040,462199.616435387,63.8,HFET
386640:10204,604:604,10/07/24 00:08:35,STABLE BEAMS,6800,484842.760793422,461116.210681481,63.2,HFET
386640:10204,605:605,10/07/24 00:08:58,STABLE BEAMS,6800,490034.234464800,462961.951173956,63.7,HFET
386640:10204,606:606,10/07/24 00:09:21,STABLE BEAMS,6800,487515.122490948,455749.223161352,63.8,HFET
386640:10204,607:607,10/07/24 00:09:45,STABLE BEAMS,6800,487818.481976358,462600.725010615,63.5,HFET
386640:10204,608:608,10/07/24 00:10:08,STABLE BEAMS,6800,487455.617065250,461270.873038366,63.6,HFET
386640:10204,609:609,10/07/24 00:10:31,STABLE BEAMS,6800,487205.298926506,461477.574378418,63.5,HFET
386640:10204,610:610,10/07/24 00:10:55,STABLE BEAMS,6800,486063.707136996,461667.748376118,63.5,HFET
386640:10204,611:611,10/07/24 00:11:18,STABLE BEAMS,6800,485955.440223668,461355.192788370,63.3,HFET
386640:10204,612:612,10/07/24 00:11:41,STABLE BEAMS,6800,486101.678065002,461489.367301542,63.4,HFET
386640:10204,613:613,10/07/24 00:12:05,STABLE BEAMS,6800,486189.641289772,460687.010286411,63.4,HFET
386640:10204,614:614,10/07/24 00:12:28,STABLE BEAMS,6800,486445.467765608,461294.503175096,63.4,HFET
386640:10204,615:615,10/07/24 00:12:51,STABLE BEAMS,6800,485702.299149580,459794.372955072,63.4,HFET
386640:10204,616:616,10/07/24 00:13:15,STABLE BEAMS,6800,483504.712751257,459148.090930037,62.9,HFET
386640:10204,617:617,10/07/24 00:13:38,STABLE BEAMS,6800,479722.357025233,457126.971791329,63.1,HFET
386640:10204,618:618,10/07/24 00:14:01,STABLE BEAMS,6800,483710.092370136,459695.211232042,62.3,HFET
386640:10204,619:619,10/07/24 00:14:24,STABLE BEAMS,6800,488210.212625172,455067.063516271,63.7,HFET
386640:10204,620:620,10/07/24 00:14:48,STABLE BEAMS,6800,487825.036967429,461013.088457090,63.6,HFET
386640:10204,621:621,10/07/24 00:15:11,STABLE BEAMS,6800,487262.028038418,461715.873479480,63.6,HFET
386640:10204,622:622,10/07/24 00:15:34,STABLE BEAMS,6800,487164.185705484,461787.852503052,63.5,HFET
386640:10204,623:623,10/07/24 00:15:58,STABLE BEAMS,6800,486414.324564788,461753.023868063,63.5,HFET
386640:10204,624:624,10/07/24 00:16:21,STABLE BEAMS,6800,486460.309738633,461546.003170339,63.4,HFET
386640:10204,625:625,10/07/24 00:16:44,STABLE BEAMS,6800,486371.982865710,243111.825858208,63.5,HFET
386640:10204,626:626,10/07/24 00:17:08,STABLE BEAMS,6800,485782.793600740,461374.314620430,63.4,HFET
386640:10204,627:627,10/07/24 00:17:31,STABLE BEAMS,6800,485956.668701724,460913.744909984,63.3,HFET
386640:10204,628:628,10/07/24 00:17:54,STABLE BEAMS,6800,486103.955528116,461272.649319730,63.4,HFET
386640:10204,629:629,10/07/24 00:18:18,STABLE BEAMS,6800,485785.252887931,461294.775911211,63.4,HFET
386640:10204,630:630,10/07/24 00:18:41,STABLE BEAMS,6800,486471.237831855,460132.651987508,63.4,HFET
386640:10204,631:631,10/07/24 00:19:04,STABLE BEAMS,6800,486303.008601559,460797.191014701,63.5,HFET
386640:10204,632:632,10/07/24 00:19:28,STABLE BEAMS,6800,486259.755451019,455194.135235065,63.4,HFET
386640:10204,633:633,10/07/24 00:19:51,STABLE BEAMS,6800,485727.705567673,460164.156505404,63.4,HFET
386640:10204,634:634,10/07/24 00:20:14,STABLE BEAMS,6800,485044.681092689,459560.717361197,63.2,HFET
386640:10204,635:635,10/07/24 00:20:37,STABLE BEAMS,6800,485314.440421167,460359.885461753,63.3,HFET
386640:10204,636:636,10/07/24 00:21:01,STABLE BEAMS,6800,484038.858273640,460434.279482035,63.2,HFET
386640:10204,637:637,10/07/24 00:21:24,STABLE BEAMS,6800,483354.010895733,459542.460359040,63.1,HFET
386640:10204,638:638,10/07/24 00:21:47,STABLE BEAMS,6800,487619.610726992,461267.322806716,63.0,HFET
386640:10204,639:639,10/07/24 00:22:11,STABLE BEAMS,6800,491997.939154691,463902.578406139,64.2,HFET
386640:10204,640:640,10/07/24 00:22:34,STABLE BEAMS,6800,491589.317515372,464682.487141039,64.1,HFET
386640:10204,641:641,10/07/24 00:22:57,STABLE BEAMS,6800,491692.486361322,464165.689500430,64.1,HFET
386640:10204,642:642,10/07/24 00:23:21,STABLE BEAMS,6800,491342.507648876,463483.028673599,64.1,HFET
386640:10204,643:643,10/07/24 00:23:44,STABLE BEAMS,6800,490689.621680134,463820.398585653,64.0,HFET
386640:10204,644:644,10/07/24 00:24:07,STABLE BEAMS,6800,490690.805867710,464397.340367306,64.0,HFET
386640:10204,645:645,10/07/24 00:24:31,STABLE BEAMS,6800,489995.442997372,455650.198971919,63.9,HFET
386640:10204,646:646,10/07/24 00:24:54,STABLE BEAMS,6800,489609.542374400,462519.638465667,63.9,HFET
386640:10204,647:647,10/07/24 00:25:17,STABLE BEAMS,6800,489611.316324686,463192.511096372,63.8,HFET
386640:10204,648:648,10/07/24 00:25:40,STABLE BEAMS,6800,489683.115855258,462864.565732291,63.9,HFET
386640:10204,649:649,10/07/24 00:26:04,STABLE BEAMS,6800,489768.892528953,460629.143608481,63.9,HFET
386640:10204,650:650,10/07/24 00:26:27,STABLE BEAMS,6800,489695.043980902,196041.830828673,63.8,HFET
386640:10204,651:651,10/07/24 00:26:50,STABLE BEAMS,6800,490398.693833195,374219.181316803,63.8,HFET
386640:10204,652:652,10/07/24 00:27:14,STABLE BEAMS,6800,492861.803991441,463251.743785955,64.1,HFET
386640:10204,653:653,10/07/24 00:27:37,STABLE BEAMS,6800,492186.248290067,463423.842605574,64.3,HFET
386640:10204,654:654,10/07/24 00:28:00,STABLE BEAMS,6800,490395.141270467,460680.499585821,64.1,HFET
386640:10204,655:655,10/07/24 00:28:24,STABLE BEAMS,6800,489400.519280754,462912.644214095,63.8,HFET
386640:10204,656:656,10/07/24 00:28:47,STABLE BEAMS,6800,488647.515847042,348502.589996793,63.8,HFET
386640:10204,657:657,10/07/24 00:29:10,STABLE BEAMS,6800,487811.880363729,459967.928698382,63.6,HFET
386640:10204,658:658,10/07/24 00:29:34,STABLE BEAMS,6800,487269.585392988,459896.583728001,63.6,HFET
386640:10204,659:659,10/07/24 00:29:57,STABLE BEAMS,6800,486344.529761215,452677.300724327,63.5,HFET
386640:10204,660:660,10/07/24 00:30:20,STABLE BEAMS,6800,486524.461002597,459285.086047475,63.4,HFET
386640:10204,661:661,10/07/24 00:30:44,STABLE BEAMS,6800,486555.921230012,407862.691636001,63.5,HFET
386640:10204,662:662,10/07/24 00:31:07,STABLE BEAMS,6800,485638.560486405,385570.164705757,63.4,HFET
386640:10204,663:663,10/07/24 00:31:30,STABLE BEAMS,6800,485256.981681870,458462.835613497,63.3,HFET
386640:10204,664:664,10/07/24 00:31:53,STABLE BEAMS,6800,485444.880547534,460022.743995334,63.3,HFET
386640:10204,665:665,10/07/24 00:32:17,STABLE BEAMS,6800,485292.721768320,459838.353401918,63.3,HFET
386640:10204,666:666,10/07/24 00:32:40,STABLE BEAMS,6800,484933.773068093,460503.712968533,63.3,HFET
386640:10204,667:667,10/07/24 00:33:03,STABLE BEAMS,6800,484213.232225295,352840.511520075,63.2,HFET
386640:10204,668:668,10/07/24 00:33:27,STABLE BEAMS,6800,484035.261420431,459644.218902856,63.1,HFET
386640:10204,669:669,10/07/24 00:33:50,STABLE BEAMS,6800,491668.630110035,462710.495469193,64.2,HFET
386640:10204,670:670,10/07/24 00:34:13,STABLE BEAMS,6800,491323.884667488,463234.395904181,64.1,HFET
386640:10204,671:671,10/07/24 00:34:37,STABLE BEAMS,6800,491252.222670512,463741.088322068,64.1,HFET
386640:10204,672:672,10/07/24 00:35:00,STABLE BEAMS,6800,491034.138677047,463817.212002156,64.0,HFET
386640:10204,673:673,10/07/24 00:35:23,STABLE BEAMS,6800,490626.838758901,456549.393625408,64.0,HFET
386640:10204,674:674,10/07/24 00:35:47,STABLE BEAMS,6800,489556.591939773,462162.556958843,63.9,HFET
386640:10204,675:675,10/07/24 00:36:10,STABLE BEAMS,6800,489242.896454929,462542.767420647,63.9,HFET
386640:10204,676:676,10/07/24 00:36:33,STABLE BEAMS,6800,488185.899482616,462405.907505727,63.7,HFET
386640:10204,677:677,10/07/24 00:36:57,STABLE BEAMS,6800,487579.273754912,461958.403486942,63.6,HFET
386640:10204,678:678,10/07/24 00:37:20,STABLE BEAMS,6800,487162.365133639,461840.667735160,63.6,HFET
386640:10204,679:679,10/07/24 00:37:43,STABLE BEAMS,6800,487100.992514539,294848.983388207,63.5,HFET
386640:10204,680:680,10/07/24 00:38:06,STABLE BEAMS,6800,487486.212462762,454291.707376521,63.6,HFET
386640:10204,681:681,10/07/24 00:38:30,STABLE BEAMS,6800,486871.663401257,422217.714142288,63.6,HFET
386640:10204,682:682,10/07/24 00:38:53,STABLE BEAMS,6800,486168.561352271,462006.164942151,63.4,HFET
386640:10204,683:683,10/07/24 00:39:16,STABLE BEAMS,6800,485380.183811341,460291.776027505,63.4,HFET
386640:10204,684:684,10/07/24 00:39:40,STABLE BEAMS,6800,484471.380454725,460970.975203646,63.2,HFET
386640:10204,685:685,10/07/24 00:40:03,STABLE BEAMS,6800,483752.434069214,459764.824211539,63.1,HFET
386640:10204,686:686,10/07/24 00:40:26,STABLE BEAMS,6800,483231.447481609,453176.978928797,63.1,HFET
386640:10204,687:687,10/07/24 00:40:50,STABLE BEAMS,6800,491528.627902098,464829.044340046,63.5,HFET
386640:10204,688:688,10/07/24 00:41:13,STABLE BEAMS,6800,491578.664489344,464578.318262668,64.1,HFET
386640:10204,689:689,10/07/24 00:41:36,STABLE BEAMS,6800,491551.484120963,464903.713427521,64.1,HFET
386640:10204,690:690,10/07/24 00:42:00,STABLE BEAMS,6800,491550.938648734,463654.628642547,64.1,HFET
386640:10204,691:691,10/07/24 00:42:23,STABLE BEAMS,6800,492960.557775837,465153.073493246,64.2,HFET
386640:10204,692:692,10/07/24 00:42:46,STABLE BEAMS,6800,492074.701550125,464289.026832419,64.2,HFET
386640:10204,693:693,10/07/24 00:43:09,STABLE BEAMS,6800,492196.672870461,464601.629041725,64.2,HFET
386640:10204,694:694,10/07/24 00:43:33,STABLE BEAMS,6800,492731.363865073,464280.103466196,64.2,HFET
386640:10204,695:695,10/07/24 00:43:56,STABLE BEAMS,6800,492988.283616447,464557.464439724,64.3,HFET
386640:10204,696:696,10/07/24 00:44:19,STABLE BEAMS,6800,493026.210253972,464757.382343070,64.3,HFET
386640:10204,697:697,10/07/24 00:44:43,STABLE BEAMS,6800,493351.696330863,464916.779119182,64.3,HFET
386640:10204,698:698,10/07/24 00:45:06,STABLE BEAMS,6800,493066.866583725,463540.806770569,64.3,HFET
386640:10204,699:699,10/07/24 00:45:29,STABLE BEAMS,6800,493013.414967348,457704.505666770,64.3,HFET
386640:10204,700:700,10/07/24 00:45:53,STABLE BEAMS,6800,494010.999757079,465526.547139903,64.3,HFET
386640:10204,701:701,10/07/24 00:46:16,STABLE BEAMS,6800,492990.379255484,464845.800128032,64.3,HFET
386640:10204,702:702,10/07/24 00:46:39,STABLE BEAMS,6800,493445.484919319,465308.099498284,64.2,HFET
386640:10204,703:703,10/07/24 00:47:03,STABLE BEAMS,6800,492837.901118596,465302.910518866,64.3,HFET
386640:10204,704:704,10/07/24 00:47:26,STABLE BEAMS,6800,492167.809463833,464782.879673202,64.2,HFET
386640:10204,705:705,10/07/24 00:47:49,STABLE BEAMS,6800,491923.454222371,465059.193992751,64.1,HFET
386640:10204,706:706,10/07/24 00:48:13,STABLE BEAMS,6800,491640.356466117,464125.942291061,64.2,HFET
386640:10204,707:707,10/07/24 00:48:36,STABLE BEAMS,6800,491501.902093910,464008.204208201,64.1,HFET
386640:10204,708:708,10/07/24 00:48:59,STABLE BEAMS,6800,491593.280347812,464176.251614421,64.1,HFET
386640:10204,709:709,10/07/24 00:49:22,STABLE BEAMS,6800,491189.120391605,463582.237018187,64.1,HFET
386640:10204,710:710,10/07/24 00:49:46,STABLE BEAMS,6800,491839.591363637,464851.627822796,64.1,HFET
386640:10204,711:711,10/07/24 00:50:09,STABLE BEAMS,6800,491103.798278102,463208.171277742,64.1,HFET
386640:10204,712:712,10/07/24 00:50:32,STABLE BEAMS,6800,489873.336474517,456815.099209407,63.9,HFET
386640:10204,713:713,10/07/24 00:50:56,STABLE BEAMS,6800,491043.290488904,464504.833362770,64.0,HFET
386640:10204,714:714,10/07/24 00:51:19,STABLE BEAMS,6800,490889.949853192,463147.481664468,64.1,HFET
386640:10204,715:715,10/07/24 00:51:42,STABLE BEAMS,6800,490619.234782773,463915.280449647,64.0,HFET
386640:10204,716:716,10/07/24 00:52:06,STABLE BEAMS,6800,490452.098828014,464425.021917436,64.0,HFET
386640:10204,717:717,10/07/24 00:52:29,STABLE BEAMS,6800,489770.076716529,464152.348741576,63.9,HFET
386640:10204,718:718,10/07/24 00:52:52,STABLE BEAMS,6800,489361.135719538,464035.202752505,63.8,HFET
386640:10204,719:719,10/07/24 00:53:16,STABLE BEAMS,6800,489138.226394808,463676.799524508,63.8,HFET
386640:10204,720:720,10/07/24 00:53:39,STABLE BEAMS,6800,488524.406960688,462869.391063555,63.8,HFET
386640:10204,721:721,10/07/24 00:54:02,STABLE BEAMS,6800,488352.079695433,462905.632331755,63.7,HFET
386640:10204,722:722,10/07/24 00:54:26,STABLE BEAMS,6800,485821.083886419,462124.038227529,63.7,HFET
386640:10204,723:723,10/07/24 00:54:49,STABLE BEAMS,6800,486854.681498714,460802.836885388,63.0,HFET
386640:10204,724:724,10/07/24 00:55:12,STABLE BEAMS,6800,489174.877932719,463635.231743294,63.8,HFET
386640:10204,725:725,10/07/24 00:55:35,STABLE BEAMS,6800,489106.857079432,457160.937927492,63.7,HFET
386640:10204,726:726,10/07/24 00:55:59,STABLE BEAMS,6800,489524.082727300,424545.104282710,63.8,HFET
386640:10204,727:727,10/07/24 00:56:22,STABLE BEAMS,6800,490125.337651509,201854.045603796,63.9,HFET
386640:10204,728:728,10/07/24 00:56:45,STABLE BEAMS,6800,489718.674117632,463760.984071993,63.9,HFET
386640:10204,729:729,10/07/24 00:57:09,STABLE BEAMS,6800,488197.417338548,463215.229781640,63.7,HFET
386640:10204,730:730,10/07/24 00:57:32,STABLE BEAMS,6800,487358.730474257,462244.734448251,63.6,HFET
386640:10204,731:731,10/07/24 00:57:55,STABLE BEAMS,6800,485658.456236330,461761.082404383,63.4,HFET
386640:10204,732:732,10/07/24 00:58:19,STABLE BEAMS,6800,488977.053337333,463592.573017620,63.3,HFET
386640:10204,733:733,10/07/24 00:58:42,STABLE BEAMS,6800,488209.937557979,463393.429032139,63.9,HFET
386640:10204,734:734,10/07/24 00:59:05,STABLE BEAMS,6800,485887.920552130,462079.694132530,63.3,HFET
386640:10204,735:735,10/07/24 00:59:29,STABLE BEAMS,6800,485057.928608427,461679.585589723,63.3,HFET
386640:10204,736:736,10/07/24 00:59:52,STABLE BEAMS,6800,483257.672108048,459827.108282101,63.4,HFET
386640:10204,737:737,10/07/24 01:00:15,STABLE BEAMS,6800,484681.860472061,459664.340767337,62.9,HFET
386640:10204,738:738,10/07/24 01:00:38,STABLE BEAMS,6800,492639.032200308,456370.646571601,64.3,HFET
386640:10204,739:739,10/07/24 01:01:02,STABLE BEAMS,6800,490388.448745800,463374.034463964,64.1,HFET
386640:10204,740:740,10/07/24 01:01:25,STABLE BEAMS,6800,489220.177769660,462739.862388649,63.5,HFET
386640:10204,741:741,10/07/24 01:01:48,STABLE BEAMS,6800,492495.025200529,464954.295486996,64.2,HFET
386640:10204,742:742,10/07/24 01:02:12,STABLE BEAMS,6800,491784.410087454,464073.493038183,64.1,HFET
386640:10204,743:743,10/07/24 01:02:35,STABLE BEAMS,6800,492257.455726851,463973.375573212,64.2,HFET
386640:10204,744:744,10/07/24 01:02:58,STABLE BEAMS,6800,492435.974335023,464465.906692823,64.2,HFET
386640:10204,745:745,10/07/24 01:03:22,STABLE BEAMS,6800,492224.582866225,464511.117948804,64.2,HFET
386640:10204,746:746,10/07/24 01:03:45,STABLE BEAMS,6800,491867.589940362,463424.980171592,64.2,HFET
386640:10204,747:747,10/07/24 01:04:08,STABLE BEAMS,6800,491403.924558457,464316.799294587,64.1,HFET
386640:10204,748:748,10/07/24 01:04:32,STABLE BEAMS,6800,491039.740257254,463578.003780710,64.0,HFET
386640:10204,749:749,10/07/24 01:04:55,STABLE BEAMS,6800,490873.331598802,463124.762979199,64.0,HFET
386640:10204,750:750,10/07/24 01:05:18,STABLE BEAMS,6800,489786.876794996,463911.091502651,64.0,HFET
386640:10204,751:751,10/07/24 01:05:42,STABLE BEAMS,6800,489069.841893368,455466.535674809,63.8,HFET
386640:10204,752:752,10/07/24 01:06:05,STABLE BEAMS,6800,489940.173140228,461536.807068001,63.8,HFET
386640:10204,753:753,10/07/24 01:06:28,STABLE BEAMS,6800,487588.150499577,462176.261365850,63.7,HFET
386640:10204,754:754,10/07/24 01:06:51,STABLE BEAMS,6800,487141.285196138,461297.006752767,63.6,HFET
386640:10204,755:755,10/07/24 01:07:15,STABLE BEAMS,6800,486895.792388659,461016.503486222,63.6,HFET
386640:10204,756:756,10/07/24 01:07:38,STABLE BEAMS,6800,486157.041165262,461671.755499038,63.5,HFET
386640:10204,757:757,10/07/24 01:08:01,STABLE BEAMS,6800,485634.234005812,461383.466432288,63.4,HFET
386640:10204,758:758,10/07/24 01:08:25,STABLE BEAMS,6800,485187.641438488,461308.708763853,63.3,HFET
386640:10204,759:759,10/07/24 01:08:48,STABLE BEAMS,6800,484765.725661874,459164.662562868,63.2,HFET
386640:10204,760:760,10/07/24 01:09:11,STABLE BEAMS,6800,484785.577121318,461463.277877622,63.2,HFET
386640:10204,761:761,10/07/24 01:09:35,STABLE BEAMS,6800,484553.970544923,461114.662845752,63.2,HFET
386640:10204,762:762,10/07/24 01:09:58,STABLE BEAMS,6800,484325.189234949,459734.548171700,63.2,HFET
386640:10204,763:763,10/07/24 01:10:21,STABLE BEAMS,6800,484071.637891149,460696.845104095,63.2,HFET
386640:10204,764:764,10/07/24 01:10:45,STABLE BEAMS,6800,483732.312204733,453611.780904074,63.1,HFET
386640:10204,765:765,10/07/24 01:11:08,STABLE BEAMS,6800,483902.907479103,460941.470750594,63.1,HFET
386640:10204,766:766,10/07/24 01:11:31,STABLE BEAMS,6800,484120.853938972,460189.243565824,63.1,HFET
386640:10204,767:767,10/07/24 01:11:55,STABLE BEAMS,6800,484475.434199203,461242.280036775,63.2,HFET
386640:10204,768:768,10/07/24 01:12:18,STABLE BEAMS,6800,484875.223384337,439044.728213642,63.2,HFET
386640:10204,769:769,10/07/24 01:12:41,STABLE BEAMS,6800,484778.518617420,376853.572086324,63.3,HFET
386640:10204,770:770,10/07/24 01:13:04,STABLE BEAMS,6800,484514.542693226,460631.421071595,63.2,HFET
386640:10204,771:771,10/07/24 01:13:28,STABLE BEAMS,6800,484903.177670581,459783.535773888,63.2,HFET
386640:10204,772:772,10/07/24 01:13:51,STABLE BEAMS,6800,484623.401700343,460064.039040433,63.2,HFET
386640:10204,773:773,10/07/24 01:14:14,STABLE BEAMS,6800,484330.923686597,460445.251865736,63.2,HFET
386640:10204,774:774,10/07/24 01:14:38,STABLE BEAMS,6800,484339.984586416,460231.631886461,63.2,HFET
386640:10204,775:775,10/07/24 01:15:01,STABLE BEAMS,6800,483872.584817706,459492.332859756,63.1,HFET
386640:10204,776:776,10/07/24 01:15:24,STABLE BEAMS,6800,483811.622468317,459642.123263819,63.1,HFET
386640:10204,777:777,10/07/24 01:15:48,STABLE BEAMS,6800,483580.792140864,453263.074960165,63.1,HFET
386640:10204,778:778,10/07/24 01:16:11,STABLE BEAMS,6800,482867.717740598,458974.124917014,63.0,HFET
386640:10204,779:779,10/07/24 01:16:34,STABLE BEAMS,6800,491206.055672590,463522.274701219,63.1,HFET
386640:10204,780:780,10/07/24 01:16:58,STABLE BEAMS,6800,491429.512800627,463112.606407921,64.1,HFET
386640:10204,781:781,10/07/24 01:17:21,STABLE BEAMS,6800,491455.963541623,463464.636468924,64.1,HFET
386640:10204,782:782,10/07/24 01:17:44,STABLE BEAMS,6800,490841.006541484,462827.597167784,64.1,HFET
386640:10204,783:783,10/07/24 01:18:07,STABLE BEAMS,6800,490019.164046140,463709.036000865,64.0,HFET
386640:10204,784:784,10/07/24 01:18:31,STABLE BEAMS,6800,489524.856645165,462736.037089806,63.8,HFET
386640:10204,785:785,10/07/24 01:18:54,STABLE BEAMS,6800,489160.900789597,462959.948778035,63.9,HFET
386640:10204,786:786,10/07/24 01:19:17,STABLE BEAMS,6800,488200.559631565,460671.848955713,63.7,HFET
386640:10204,787:787,10/07/24 01:19:41,STABLE BEAMS,6800,487568.436573729,358869.921448657,63.6,HFET
386640:10204,788:788,10/07/24 01:20:04,STABLE BEAMS,6800,486817.575400612,460326.924020167,63.6,HFET
386640:10204,789:789,10/07/24 01:20:27,STABLE BEAMS,6800,486506.887006266,460856.514616322,63.4,HFET
386640:10204,790:790,10/07/24 01:20:51,STABLE BEAMS,6800,486240.633618959,453927.840101914,63.5,HFET
386640:10204,791:791,10/07/24 01:21:14,STABLE BEAMS,6800,485673.480033432,460964.464503056,63.4,HFET
386640:10204,792:792,10/07/24 01:21:37,STABLE BEAMS,6800,482232.545632862,459286.361147089,63.3,HFET
386640:10204,793:793,10/07/24 01:22:01,STABLE BEAMS,6800,489805.362242787,462066.672731349,62.8,HFET
386640:10204,794:794,10/07/24 01:22:24,STABLE BEAMS,6800,495560.026667252,465629.897809928,64.7,HFET
386640:10204,795:795,10/07/24 01:22:47,STABLE BEAMS,6800,492406.651706048,463711.402044940,64.3,HFET
386640:10204,796:796,10/07/24 01:23:11,STABLE BEAMS,6800,492635.297813503,463167.605860027,64.2,HFET
386640:10204,797:797,10/07/24 01:23:34,STABLE BEAMS,6800,491490.064880305,462242.641140292,64.2,HFET
386640:10204,798:798,10/07/24 01:23:57,STABLE BEAMS,6800,491212.657285219,463057.152395623,64.1,HFET
386640:10204,799:799,10/07/24 01:24:20,STABLE BEAMS,6800,491145.456971354,463505.612156349,64.1,HFET
386640:10204,800:800,10/07/24 01:24:44,STABLE BEAMS,6800,490950.821290542,462606.690238976,64.0,HFET
386640:10204,801:801,10/07/24 01:25:07,STABLE BEAMS,6800,491046.887342113,463844.984464324,64.1,HFET
386640:10204,802:802,10/07/24 01:25:30,STABLE BEAMS,6800,490644.823024943,464464.449769132,64.0,HFET
386640:10204,803:803,10/07/24 01:25:54,STABLE BEAMS,6800,490701.643048894,457894.178482720,64.0,HFET
386640:10204,804:804,10/07/24 01:26:17,STABLE BEAMS,6800,490247.947687191,463281.882292197,64.0,HFET
386640:10204,805:805,10/07/24 01:26:40,STABLE BEAMS,6800,490374.790960351,463973.648309327,63.9,HFET
386640:10204,806:806,10/07/24 01:27:04,STABLE BEAMS,6800,490399.968932810,463441.962074135,64.0,HFET
386640:10204,807:807,10/07/24 01:27:27,STABLE BEAMS,6800,490110.539968964,464018.358383558,63.9,HFET
386640:10204,808:808,10/07/24 01:27:50,STABLE BEAMS,6800,489632.487174225,463141.518767185,63.9,HFET
386640:10204,809:809,10/07/24 01:28:14,STABLE BEAMS,6800,489300.446106264,463971.872027963,63.9,HFET
386640:10204,810:810,10/07/24 01:28:37,STABLE BEAMS,6800,488985.659676960,462983.122023495,63.8,HFET
386640:10204,811:811,10/07/24 01:29:00,STABLE BEAMS,6800,489122.654794399,462632.460305223,63.8,HFET
386640:10204,812:812,10/07/24 01:29:23,STABLE BEAMS,6800,489553.358734717,389621.825200067,63.8,HFET
386640:10204,813:813,10/07/24 01:29:47,STABLE BEAMS,6800,488931.797790872,427026.837422344,63.8,HFET
386640:10204,814:814,10/07/24 01:30:10,STABLE BEAMS,6800,489033.055152938,462979.753615921,63.8,HFET
386640:10204,815:815,10/07/24 01:30:33,STABLE BEAMS,6800,488073.853892002,462929.397671003,63.7,HFET
386640:10204,816:816,10/07/24 01:30:57,STABLE BEAMS,6800,487327.542982957,455719.219857628,63.6,HFET
386640:10204,817:817,10/07/24 01:31:20,STABLE BEAMS,6800,487182.943889391,462021.552387407,63.5,HFET
386640:10204,818:818,10/07/24 01:31:43,STABLE BEAMS,6800,486347.033338885,459189.292732019,63.5,HFET
386640:10204,819:819,10/07/24 01:32:07,STABLE BEAMS,6800,486239.402809825,460984.269340942,63.4,HFET
386640:10204,820:820,10/07/24 01:32:30,STABLE BEAMS,6800,486068.760913896,460923.351282033,63.4,HFET
386640:10204,821:821,10/07/24 01:32:53,STABLE BEAMS,6800,485282.388099964,459619.176132915,63.3,HFET
386640:10204,822:822,10/07/24 01:33:17,STABLE BEAMS,6800,485003.567871667,459329.840412186,63.3,HFET
386640:10204,823:823,10/07/24 01:33:40,STABLE BEAMS,6800,484486.861143096,460438.424138551,63.2,HFET
386640:10204,824:824,10/07/24 01:34:03,STABLE BEAMS,6800,483729.990451139,459809.305840135,63.1,HFET
386640:10204,825:825,10/07/24 01:34:27,STABLE BEAMS,6800,483983.812199975,461115.893654886,63.1,HFET
386640:10204,826:826,10/07/24 01:34:50,STABLE BEAMS,6800,483745.923368624,460674.126418827,63.1,HFET
386640:10204,827:827,10/07/24 01:35:13,STABLE BEAMS,6800,483577.969205520,459825.241088698,63.1,HFET
386640:10204,828:828,10/07/24 01:35:36,STABLE BEAMS,6800,483607.242881860,102863.968698848,63.1,HFET
386640:10204,829:829,10/07/24 01:36:00,STABLE BEAMS,6800,483762.497332533,289500.185268976,63.1,HFET
386640:10204,830:830,10/07/24 01:36:23,STABLE BEAMS,6800,484024.470860806,456290.380566075,63.1,HFET
386640:10204,831:831,10/07/24 01:36:46,STABLE BEAMS,6800,483706.495516927,458565.183920023,63.1,HFET
386640:10204,832:832,10/07/24 01:37:10,STABLE BEAMS,6800,485011.854853622,459009.317200156,63.0,HFET
386640:10204,833:833,10/07/24 01:37:33,STABLE BEAMS,6800,489147.196382589,463893.608418358,63.8,HFET
386640:10204,834:834,10/07/24 01:37:56,STABLE BEAMS,6800,488413.906874725,462793.129849871,63.7,HFET
386640:10204,835:835,10/07/24 01:38:20,STABLE BEAMS,6800,488077.084765979,461751.839680487,63.7,HFET
386640:10204,836:836,10/07/24 01:38:43,STABLE BEAMS,6800,487836.557154439,461624.178198983,63.6,HFET
386640:10204,837:837,10/07/24 01:39:06,STABLE BEAMS,6800,486839.564458496,461028.387321385,63.6,HFET
386640:10204,838:838,10/07/24 01:39:30,STABLE BEAMS,6800,487157.721626451,461307.841602872,63.5,HFET
386640:10204,839:839,10/07/24 01:39:53,STABLE BEAMS,6800,486890.922766914,460266.232075815,63.5,HFET
386640:10204,840:840,10/07/24 01:40:16,STABLE BEAMS,6800,486488.219734398,461263.635041469,63.5,HFET
386640:10204,841:841,10/07/24 01:40:40,STABLE BEAMS,6800,486424.432118587,461400.539246869,63.4,HFET
386640:10204,842:842,10/07/24 01:41:03,STABLE BEAMS,6800,486192.417603558,462320.678635340,63.4,HFET
386640:10204,843:843,10/07/24 01:41:26,STABLE BEAMS,6800,486320.491685851,455421.280128349,63.4,HFET
386640:10204,844:844,10/07/24 01:41:49,STABLE BEAMS,6800,486039.669061633,460657.097894726,63.4,HFET
386640:10204,845:845,10/07/24 01:42:13,STABLE BEAMS,6800,485550.277903961,461119.581420132,63.3,HFET
386640:10204,846:846,10/07/24 01:42:36,STABLE BEAMS,6800,485628.497223086,461469.926111809,63.3,HFET
386640:10204,847:847,10/07/24 01:42:59,STABLE BEAMS,6800,485398.895373689,461419.570166891,63.3,HFET
386640:10204,848:848,10/07/24 01:43:23,STABLE BEAMS,6800,485343.669807026,460924.945739321,63.3,HFET
386640:10204,849:849,10/07/24 01:43:46,STABLE BEAMS,6800,485615.566733943,461833.292204667,63.3,HFET
386640:10204,850:850,10/07/24 01:44:09,STABLE BEAMS,6800,485557.427319898,461547.187357915,63.3,HFET
386640:10204,851:851,10/07/24 01:44:33,STABLE BEAMS,6800,485079.556349236,460733.722756563,63.3,HFET
386640:10204,852:852,10/07/24 01:44:56,STABLE BEAMS,6800,483793.137020525,460053.022366251,63.2,HFET
386640:10204,853:853,10/07/24 01:45:19,STABLE BEAMS,6800,486016.493485095,461290.405140138,63.1,HFET
386640:10204,854:854,10/07/24 01:45:43,STABLE BEAMS,6800,484970.287072408,461592.261080299,63.4,HFET
386640:10204,855:855,10/07/24 01:46:06,STABLE BEAMS,6800,485156.726683303,460711.505253044,63.2,HFET
386640:10204,856:856,10/07/24 01:46:29,STABLE BEAMS,6800,487949.013014764,456406.204833974,63.5,HFET
386640:10204,857:857,10/07/24 01:46:53,STABLE BEAMS,6800,488550.312229453,463451.386622108,63.8,HFET
386640:10204,858:858,10/07/24 01:47:16,STABLE BEAMS,6800,486764.944323658,460948.529254492,63.6,HFET
386640:10204,859:859,10/07/24 01:47:39,STABLE BEAMS,6800,485468.965244456,461085.843729604,63.4,HFET
386640:10204,860:860,10/07/24 01:48:02,STABLE BEAMS,6800,484634.693441718,460378.872091295,63.2,HFET
386640:10204,861:861,10/07/24 01:48:26,STABLE BEAMS,6800,483959.774124612,460728.123507434,63.2,HFET
386640:10204,862:862,10/07/24 01:48:49,STABLE BEAMS,6800,483320.275536283,459316.091714698,63.0,HFET
386640:10204,863:863,10/07/24 01:49:12,STABLE BEAMS,6800,483266.914831944,459926.314295610,63.0,HFET
386640:10204,864:864,10/07/24 01:49:36,STABLE BEAMS,6800,486887.918007493,461542.681384323,63.0,HFET
386640:10204,865:865,10/07/24 01:49:59,STABLE BEAMS,6800,494004.489056488,465363.189862429,64.4,HFET
386640:10204,866:866,10/07/24 01:50:22,STABLE BEAMS,6800,493017.603914344,232141.963916304,64.4,HFET
386640:10204,867:867,10/07/24 01:50:46,STABLE BEAMS,6800,492820.464655862,463560.793432532,64.2,HFET
386640:10204,868:868,10/07/24 01:51:09,STABLE BEAMS,6800,493176.865487937,464416.233753731,64.3,HFET
386640:10204,869:869,10/07/24 01:51:32,STABLE BEAMS,6800,492646.316818763,464326.587490713,64.3,HFET
386640:10204,870:870,10/07/24 01:51:56,STABLE BEAMS,6800,491914.439944110,457868.501659589,64.2,HFET
386640:10204,871:871,10/07/24 01:52:19,STABLE BEAMS,6800,491525.851588313,354146.164572585,64.1,HFET
386640:10204,872:872,10/07/24 01:52:42,STABLE BEAMS,6800,490774.032342176,463179.806721786,64.1,HFET
386640:10204,873:873,10/07/24 01:53:05,STABLE BEAMS,6800,490702.962438988,461859.150851874,64.0,HFET
386640:10204,874:874,10/07/24 01:53:29,STABLE BEAMS,6800,490949.229164333,463198.611527251,64.0,HFET
386640:10204,875:875,10/07/24 01:53:52,STABLE BEAMS,6800,490693.493600536,463165.237484875,64.0,HFET
386640:10204,876:876,10/07/24 01:54:15,STABLE BEAMS,6800,490864.953704809,462832.741856722,64.0,HFET
386640:10204,877:877,10/07/24 01:54:39,STABLE BEAMS,6800,490023.581438771,462745.142280105,64.0,HFET
386640:10204,878:878,10/07/24 01:55:02,STABLE BEAMS,6800,489124.612899839,462866.022655982,63.8,HFET
386640:10204,879:879,10/07/24 01:55:25,STABLE BEAMS,6800,488953.015261969,461469.334018021,63.8,HFET
386640:10204,880:880,10/07/24 01:55:49,STABLE BEAMS,6800,488099.850072806,462032.706595185,63.7,HFET
386640:10204,881:881,10/07/24 01:56:12,STABLE BEAMS,6800,487625.529333794,461935.640511193,63.6,HFET
386640:10204,882:882,10/07/24 01:56:35,STABLE BEAMS,6800,487910.359080932,462371.214073257,63.6,HFET
386640:10204,883:883,10/07/24 01:56:59,STABLE BEAMS,6800,487364.921817174,455001.958841443,63.6,HFET
386640:10204,884:884,10/07/24 01:57:22,STABLE BEAMS,6800,487055.053962252,462585.064829245,63.5,HFET
386640:10204,885:885,10/07/24 01:57:45,STABLE BEAMS,6800,486853.634844735,462296.409783264,63.6,HFET
386640:10204,886:886,10/07/24 01:58:09,STABLE BEAMS,6800,485581.330192743,460813.489911417,63.4,HFET
386640:10204,887:887,10/07/24 01:58:32,STABLE BEAMS,6800,485356.325228976,459733.226450528,63.3,HFET
386640:10204,888:888,10/07/24 01:58:55,STABLE BEAMS,6800,485221.696155612,458498.256342273,63.5,HFET
386640:10204,889:889,10/07/24 01:59:18,STABLE BEAMS,6800,484849.544230128,460671.576219598,63.2,HFET
386640:10204,890:890,10/07/24 01:59:42,STABLE BEAMS,6800,484787.441983643,460414.383732110,63.2,HFET
386640:10204,891:891,10/07/24 02:00:05,STABLE BEAMS,6800,484203.488319650,460326.194392782,63.2,HFET
386640:10204,892:892,10/07/24 02:00:28,STABLE BEAMS,6800,483461.324398199,458407.789539832,63.1,HFET
386640:10204,893:893,10/07/24 02:00:52,STABLE BEAMS,6800,483262.863418544,459458.369054671,63.0,HFET
386640:10204,894:894,10/07/24 02:01:15,STABLE BEAMS,6800,487539.752660100,462036.760339663,62.9,HFET
386640:10204,895:895,10/07/24 02:01:38,STABLE BEAMS,6800,490307.362200851,462973.471360965,64.0,HFET
386640:10204,896:896,10/07/24 02:02:02,STABLE BEAMS,6800,489960.113180633,455054.270560724,63.9,HFET
386640:10204,897:897,10/07/24 02:02:25,STABLE BEAMS,6800,489552.857552968,462549.005385122,63.9,HFET
386640:10204,898:898,10/07/24 02:02:48,STABLE BEAMS,6800,489062.920923066,462655.771084280,63.8,HFET
386640:10204,899:899,10/07/24 02:03:12,STABLE BEAMS,6800,488989.028084534,462928.033990428,63.8,HFET
386640:10204,900:900,10/07/24 02:03:35,STABLE BEAMS,6800,488471.775883734,461753.114780101,63.8,HFET
386640:10204,901:901,10/07/24 02:03:58,STABLE BEAMS,6800,487898.155888096,462118.119620727,63.7,HFET
386640:10204,902:902,10/07/24 02:04:21,STABLE BEAMS,6800,487085.740271802,461917.518711555,63.6,HFET
386640:10204,903:903,10/07/24 02:04:45,STABLE BEAMS,6800,486442.644830264,459831.614255692,63.5,HFET
386640:10204,904:904,10/07/24 02:05:08,STABLE BEAMS,6800,486383.412140681,461685.550818084,63.4,HFET
386640:10204,905:905,10/07/24 02:05:31,STABLE BEAMS,6800,485465.277479209,460969.471658397,63.4,HFET
386640:10204,906:906,10/07/24 02:05:55,STABLE BEAMS,6800,485169.929908561,460876.776345478,63.3,HFET
386640:10204,907:907,10/07/24 02:06:18,STABLE BEAMS,6800,485542.219367641,460348.913078051,63.3,HFET
386640:10204,908:908,10/07/24 02:06:41,STABLE BEAMS,6800,485533.386913457,461132.420997237,63.3,HFET
386640:10204,909:909,10/07/24 02:07:05,STABLE BEAMS,6800,485586.656705757,453980.564421984,63.3,HFET
386640:10204,910:910,10/07/24 02:07:28,STABLE BEAMS,6800,486064.982236611,461452.167960324,63.4,HFET
386640:10204,911:911,10/07/24 02:07:51,STABLE BEAMS,6800,486292.171420375,461532.482918486,63.4,HFET
386640:10204,912:912,10/07/24 02:08:15,STABLE BEAMS,6800,486312.158082339,460637.430590436,63.4,HFET
386640:10204,913:913,10/07/24 02:08:38,STABLE BEAMS,6800,485758.802146935,461626.499952577,63.4,HFET
386640:10204,914:914,10/07/24 02:09:01,STABLE BEAMS,6800,485640.653794364,460942.382202055,63.3,HFET
386640:10204,915:915,10/07/24 02:09:25,STABLE BEAMS,6800,486929.028897438,461069.864190560,63.4,HFET
386640:10204,916:916,10/07/24 02:09:48,STABLE BEAMS,6800,486974.650423129,461771.236579740,63.5,HFET
386640:10204,917:917,10/07/24 02:10:11,STABLE BEAMS,6800,487068.439011586,461431.498292534,63.5,HFET
386640:10204,918:918,10/07/24 02:10:34,STABLE BEAMS,6800,486789.073311059,460957.681066350,63.5,HFET
386640:10204,919:919,10/07/24 02:10:58,STABLE BEAMS,6800,486994.818909169,461010.356433784,63.5,HFET
386640:10204,920:920,10/07/24 02:11:21,STABLE BEAMS,6800,486700.930593290,461928.083156623,63.5,HFET
386640:10204,921:921,10/07/24 02:11:44,STABLE BEAMS,6800,486220.782159514,460770.693652147,63.4,HFET
386640:10204,922:922,10/07/24 02:12:08,STABLE BEAMS,6800,486001.833336146,454971.407734412,63.4,HFET
386640:10204,923:923,10/07/24 02:12:31,STABLE BEAMS,6800,485732.759344573,461500.383975725,63.4,HFET
386640:10204,924:924,10/07/24 02:12:54,STABLE BEAMS,6800,485194.972678501,461178.723197677,63.3,HFET
386640:10204,925:925,10/07/24 02:13:18,STABLE BEAMS,6800,484912.329482439,461233.904473860,63.3,HFET
386640:10204,926:926,10/07/24 02:13:41,STABLE BEAMS,6800,484394.529478331,460018.965318049,63.2,HFET
386640:10204,927:927,10/07/24 02:14:04,STABLE BEAMS,6800,484037.035370717,460662.790386971,63.1,HFET
386640:10204,928:928,10/07/24 02:14:28,STABLE BEAMS,6800,483927.539979332,458129.836472516,63.1,HFET
386640:10204,929:929,10/07/24 02:14:51,STABLE BEAMS,6800,483352.600593600,460525.702026417,63.1,HFET
386640:10204,930:930,10/07/24 02:15:14,STABLE BEAMS,6800,487319.484446637,461422.847662426,63.0,HFET
386640:10204,931:931,10/07/24 02:15:38,STABLE BEAMS,6800,492431.193294238,464851.035729008,64.3,HFET
386640:10204,932:932,10/07/24 02:16:01,STABLE BEAMS,6800,489449.280768385,463972.464121751,64.2,HFET
386640:10204,933:933,10/07/24 02:16:24,STABLE BEAMS,6800,486325.909110904,461882.736698124,63.6,HFET
386640:10204,934:934,10/07/24 02:16:47,STABLE BEAMS,6800,483972.065898409,460523.333651265,63.3,HFET
386640:10204,935:935,10/07/24 02:17:11,STABLE BEAMS,6800,481676.956524824,452625.396943679,62.9,HFET
386640:10204,936:936,10/07/24 02:17:34,STABLE BEAMS,6800,480524.166237056,456587.182729336,62.7,HFET
386640:10204,937:937,10/07/24 02:17:57,STABLE BEAMS,6800,480204.598766968,458121.414288043,62.7,HFET
386640:10204,938:938,10/07/24 02:18:21,STABLE BEAMS,6800,480045.428105413,457421.498822554,62.6,HFET
386640:10204,939:939,10/07/24 02:18:44,STABLE BEAMS,6800,486389.922841272,461020.736723698,63.2,HFET
386640:10204,940:940,10/07/24 02:19:07,STABLE BEAMS,6800,480926.549911899,458457.690924559,63.2,HFET
386640:10204,941:941,10/07/24 02:19:31,STABLE BEAMS,6800,489178.609988446,461979.301600366,62.6,HFET
386640:10204,942:942,10/07/24 02:19:54,STABLE BEAMS,6800,490456.422977529,463642.607273788,64.0,HFET
386640:10204,943:943,10/07/24 02:20:17,STABLE BEAMS,6800,489883.761054911,463290.215895710,63.9,HFET
386640:10204,944:944,10/07/24 02:20:41,STABLE BEAMS,6800,489084.182684643,461725.705966087,63.8,HFET
386640:10204,945:945,10/07/24 02:21:04,STABLE BEAMS,6800,488277.046959806,461539.492469748,63.7,HFET
386640:10204,946:946,10/07/24 02:21:27,STABLE BEAMS,6800,487701.063251172,461713.094834617,63.6,HFET
386640:10204,947:947,10/07/24 02:21:50,STABLE BEAMS,6800,487474.284337119,461875.860018302,63.6,HFET
386640:10204,948:948,10/07/24 02:22:14,STABLE BEAMS,6800,486922.292082290,455810.323044337,63.5,HFET
386640:10204,949:949,10/07/24 02:22:37,STABLE BEAMS,6800,486405.175084008,461272.831143807,63.5,HFET
386640:10204,950:950,10/07/24 02:23:00,STABLE BEAMS,6800,486250.922996835,461836.296964087,63.5,HFET
386640:10204,951:951,10/07/24 02:23:24,STABLE BEAMS,6800,485558.154616205,460746.107773476,63.4,HFET
386640:10204,952:952,10/07/24 02:23:47,STABLE BEAMS,6800,484497.560790683,460229.718071501,63.3,HFET
386640:10204,953:953,10/07/24 02:24:10,STABLE BEAMS,6800,484079.241867278,459917.346638907,63.1,HFET
386640:10204,954:954,10/07/24 02:24:34,STABLE BEAMS,6800,484349.819404100,459538.499857678,63.2,HFET
386640:10204,955:955,10/07/24 02:24:57,STABLE BEAMS,6800,484704.306421215,460833.658397457,63.2,HFET
386640:10204,956:956,10/07/24 02:25:20,STABLE BEAMS,6800,485146.665751062,461619.488070237,63.2,HFET
386640:10204,957:957,10/07/24 02:25:44,STABLE BEAMS,6800,485306.015905616,461702.031538877,63.3,HFET
386640:10204,958:958,10/07/24 02:26:07,STABLE BEAMS,6800,485845.716386648,460993.239328723,63.3,HFET
386640:10204,959:959,10/07/24 02:26:30,STABLE BEAMS,6800,485905.632082057,459586.258981809,63.4,HFET
386640:10204,960:960,10/07/24 02:26:54,STABLE BEAMS,6800,485938.549233163,461848.817183519,63.4,HFET
386640:10204,961:961,10/07/24 02:27:17,STABLE BEAMS,6800,485883.004308827,455019.351013698,63.4,HFET
386640:10204,962:962,10/07/24 02:27:40,STABLE BEAMS,6800,485622.214968130,461091.442978733,63.4,HFET
386640:10204,963:963,10/07/24 02:28:03,STABLE BEAMS,6800,485779.061545013,461013.680550878,63.3,HFET
386640:10204,964:964,10/07/24 02:28:27,STABLE BEAMS,6800,485866.978148225,461145.486688898,63.4,HFET
386640:10204,965:965,10/07/24 02:28:50,STABLE BEAMS,6800,485324.410441370,460793.048689262,63.3,HFET
386640:10204,966:966,10/07/24 02:29:13,STABLE BEAMS,6800,485485.581167767,461643.983036870,63.3,HFET
386640:10204,967:967,10/07/24 02:29:37,STABLE BEAMS,6800,485201.299223937,460869.626929541,63.3,HFET
386640:10204,968:968,10/07/24 02:30:00,STABLE BEAMS,6800,484576.052845923,461398.264114833,63.2,HFET
386640:10204,969:969,10/07/24 02:30:23,STABLE BEAMS,6800,484668.202686612,461402.133704156,63.2,HFET
386640:10204,970:970,10/07/24 02:30:47,STABLE BEAMS,6800,484083.656928831,460505.897188530,63.2,HFET
386640:10204,971:971,10/07/24 02:31:10,STABLE BEAMS,6800,483559.029197537,460177.362061739,63.1,HFET
386640:10204,972:972,10/07/24 02:31:33,STABLE BEAMS,6800,484707.402092674,459638.799146725,63.0,HFET
386640:10204,973:973,10/07/24 02:31:57,STABLE BEAMS,6800,491231.189354569,457420.361256536,64.1,HFET
386640:10204,974:974,10/07/24 02:32:20,STABLE BEAMS,6800,490906.020304273,464624.392017474,64.0,HFET
386640:10204,975:975,10/07/24 02:32:43,STABLE BEAMS,6800,490792.517789968,464597.258270652,64.0,HFET
386640:10204,976:976,10/07/24 02:33:07,STABLE BEAMS,6800,490295.161339093,464336.422308397,64.0,HFET
386640:10204,977:977,10/07/24 02:33:30,STABLE BEAMS,6800,489860.405985374,463294.220687552,63.9,HFET
386640:10204,978:978,10/07/24 02:33:53,STABLE BEAMS,6800,489712.983956464,463725.561012139,63.9,HFET
386640:10204,979:979,10/07/24 02:34:16,STABLE BEAMS,6800,490242.164282907,462591.165260124,63.9,HFET
386640:10204,980:980,10/07/24 02:34:40,STABLE BEAMS,6800,490559.547532998,461747.149551741,64.0,HFET
386640:10204,981:981,10/07/24 02:35:03,STABLE BEAMS,6800,490398.966569310,462979.706994363,64.0,HFET
386640:10204,982:982,10/07/24 02:35:26,STABLE BEAMS,6800,490578.030649712,462956.806485018,64.0,HFET
386640:10204,983:983,10/07/24 02:35:50,STABLE BEAMS,6800,490780.953312478,463006.024863918,64.0,HFET
386640:10204,984:984,10/07/24 02:36:13,STABLE BEAMS,6800,490959.562832689,464095.985608895,64.0,HFET
386640:10204,985:985,10/07/24 02:36:36,STABLE BEAMS,6800,491322.747101470,464051.867628452,64.0,HFET
386640:10204,986:986,10/07/24 02:37:00,STABLE BEAMS,6800,490917.449579245,457088.317857497,64.1,HFET
386640:10204,987:987,10/07/24 02:37:23,STABLE BEAMS,6800,491024.989196267,463398.802166712,64.0,HFET
386640:10204,988:988,10/07/24 02:37:46,STABLE BEAMS,6800,491401.101623113,463244.913727691,64.1,HFET
386640:10204,989:989,10/07/24 02:38:10,STABLE BEAMS,6800,491565.598797682,464103.405429869,64.1,HFET
386640:10204,990:990,10/07/24 02:38:33,STABLE BEAMS,6800,491731.597186423,463547.725409793,64.1,HFET
386640:10204,991:991,10/07/24 02:38:56,STABLE BEAMS,6800,492022.252297247,464645.471954975,64.2,HFET
386640:10204,992:992,10/07/24 02:39:19,STABLE BEAMS,6800,491481.780229428,463786.024510856,64.1,HFET
386640:10204,993:993,10/07/24 02:39:43,STABLE BEAMS,6800,492015.650684618,464281.560389887,64.1,HFET
386640:10204,994:994,10/07/24 02:40:06,STABLE BEAMS,6800,492176.140736268,464308.104373999,64.2,HFET
386640:10204,995:995,10/07/24 02:40:29,STABLE BEAMS,6800,490457.698077144,463707.579077174,64.2,HFET
386640:10204,996:996,10/07/24 02:40:53,STABLE BEAMS,6800,486732.801090416,462018.002155756,63.7,HFET
386640:10204,997:997,10/07/24 02:41:16,STABLE BEAMS,6800,484469.378058804,459316.728098966,63.3,HFET
386640:10204,998:998,10/07/24 02:41:39,STABLE BEAMS,6800,482198.444294179,458467.660944761,63.0,HFET
386640:10204,999:999,10/07/24 02:42:03,STABLE BEAMS,6800,481350.377172396,452509.162406069,62.8,HFET
386640:10204,1000:1000,10/07/24 02:42:26,STABLE BEAMS,6800,481862.850663490,458707.279435919,62.8,HFET
386640:10204,1001:1001,10/07/24 02:42:49,STABLE BEAMS,6800,481072.605929157,458800.841909819,62.7,HFET
386640:10204,1002:1002,10/07/24 02:43:13,STABLE BEAMS,6800,481764.598060844,458803.163663413,62.8,HFET
386640:10204,1003:1003,10/07/24 02:43:36,STABLE BEAMS,6800,489986.885610380,463642.516361749,62.9,HFET
386640:10204,1004:1004,10/07/24 02:43:59,STABLE BEAMS,6800,497157.181011867,466253.141792022,64.9,HFET
386640:10204,1005:1005,10/07/24 02:44:23,STABLE BEAMS,6800,496812.573102916,465874.115517794,64.8,HFET
386640:10204,1006:1006,10/07/24 02:44:46,STABLE BEAMS,6800,493951.265885746,464677.479985698,64.8,HFET
386640:10204,1007:1007,10/07/24 02:45:09,STABLE BEAMS,6800,494007.857464062,464606.363460951,64.3,HFET
386640:10204,1008:1008,10/07/24 02:45:32,STABLE BEAMS,6800,498056.056307682,467462.297543549,64.8,HFET
386640:10204,1009:1009,10/07/24 02:45:56,STABLE BEAMS,6800,496066.036079314,224582.100873192,65.3,HFET
386640:10204,1010:1010,10/07/24 02:46:19,STABLE BEAMS,6800,482754.532252888,0,62.9,HFET
386640:10204,1011:1011,10/07/24 02:46:42,STABLE BEAMS,6800,484664.333097289,424158.564944392,63.2,HFET
386640:10204,1012:1012,10/07/24 02:47:06,STABLE BEAMS,6800,483332.613931637,459959.368980313,63.1,HFET
386640:10204,1013:1013,10/07/24 02:47:29,STABLE BEAMS,6800,488836.780724359,456316.104010764,63.1,HFET
386640:10204,1014:1014,10/07/24 02:47:52,STABLE BEAMS,6800,488776.363847200,463201.979934824,63.8,HFET
386640:10204,1015:1015,10/07/24 02:48:16,STABLE BEAMS,6800,487933.350502316,460657.417252399,63.7,HFET
386640:10204,1016:1016,10/07/24 02:48:39,STABLE BEAMS,6800,487486.485198877,462048.415729192,63.6,HFET
386640:10204,1017:1017,10/07/24 02:49:02,STABLE BEAMS,6800,486118.979325218,461477.527756860,63.5,HFET
386640:10204,1018:1018,10/07/24 02:49:26,STABLE BEAMS,6800,484773.054570809,460085.300802011,63.2,HFET
386640:10204,1019:1019,10/07/24 02:49:49,STABLE BEAMS,6800,483983.721287937,460559.985189176,63.2,HFET
386640:10204,1020:1020,10/07/24 02:50:12,STABLE BEAMS,6800,483428.861807284,459828.973144425,63.0,HFET
386640:10204,1021:1021,10/07/24 02:50:36,STABLE BEAMS,6800,491719.212169510,464020.269867441,64.1,HFET
386640:10204,1022:1022,10/07/24 02:50:59,STABLE BEAMS,6800,491505.091008485,463481.208101755,64.1,HFET
386640:10204,1023:1023,10/07/24 02:51:22,STABLE BEAMS,6800,490411.123140588,462743.778599530,64.0,HFET
386640:10204,1024:1024,10/07/24 02:51:45,STABLE BEAMS,6800,489561.144534922,462664.055735156,63.9,HFET
386640:10204,1025:1025,10/07/24 02:52:09,STABLE BEAMS,6800,488154.483545681,462641.838231638,63.8,HFET
386640:10204,1026:1026,10/07/24 02:52:32,STABLE BEAMS,6800,486042.764733092,260823.509636620,63.4,HFET
386640:10204,1027:1027,10/07/24 02:52:55,STABLE BEAMS,6800,485315.577987185,453168.782858880,63.4,HFET
386640:10204,1028:1028,10/07/24 02:53:19,STABLE BEAMS,6800,484431.679866913,460054.796316537,63.2,HFET
386640:10204,1029:1029,10/07/24 02:53:42,STABLE BEAMS,6800,484631.506858221,460838.530350280,63.2,HFET
386640:10204,1030:1030,10/07/24 02:54:05,STABLE BEAMS,6800,484547.506465890,459981.495571793,63.2,HFET
386640:10204,1031:1031,10/07/24 02:54:29,STABLE BEAMS,6800,483641.299930062,458862.897534745,63.1,HFET
386640:10204,1032:1032,10/07/24 02:54:52,STABLE BEAMS,6800,487301.910450306,461850.500221767,63.0,HFET
386640:10204,1033:1033,10/07/24 02:55:15,STABLE BEAMS,6800,492685.562846383,463659.500595370,64.3,HFET
386640:10204,1034:1034,10/07/24 02:55:39,STABLE BEAMS,6800,491672.954259550,463687.636705691,64.2,HFET
386640:10204,1035:1035,10/07/24 02:56:02,STABLE BEAMS,6800,491051.896828532,463595.305040926,64.0,HFET
386640:10204,1036:1036,10/07/24 02:56:25,STABLE BEAMS,6800,490527.448590237,463791.260111832,64.0,HFET
386640:10204,1037:1037,10/07/24 02:56:48,STABLE BEAMS,6800,489680.474743991,463835.240558678,63.9,HFET
386640:10204,1038:1038,10/07/24 02:57:12,STABLE BEAMS,6800,489100.938472629,462427.397712939,63.8,HFET
386640:10204,1039:1039,10/07/24 02:57:35,STABLE BEAMS,6800,489349.480330010,463071.448896419,63.7,HFET
386640:10204,1040:1040,10/07/24 02:57:58,STABLE BEAMS,6800,489087.506801737,454735.887278212,64.3,HFET
386640:10204,1041:1041,10/07/24 02:58:22,STABLE BEAMS,6800,487652.436966060,461754.298967678,63.7,HFET
386640:10204,1042:1042,10/07/24 02:58:45,STABLE BEAMS,6800,487045.037320491,462196.110494217,63.5,HFET
386640:10204,1043:1043,10/07/24 02:59:08,STABLE BEAMS,6800,487100.309508712,461821.499281542,63.5,HFET
386640:10204,1044:1044,10/07/24 02:59:32,STABLE BEAMS,6800,487059.058754094,462175.942008177,63.5,HFET
386640:10204,1045:1045,10/07/24 02:59:55,STABLE BEAMS,6800,487215.268946708,462183.953922939,63.5,HFET
386640:10204,1046:1046,10/07/24 03:00:18,STABLE BEAMS,6800,487377.444367684,462857.099289759,63.6,HFET
386640:10204,1047:1047,10/07/24 03:00:42,STABLE BEAMS,6800,487381.677605160,462103.960653528,63.6,HFET
386640:10204,1048:1048,10/07/24 03:01:05,STABLE BEAMS,6800,487289.070873202,461877.636299666,63.6,HFET
386640:10204,1049:1049,10/07/24 03:01:28,STABLE BEAMS,6800,487335.967498508,462597.629339157,63.6,HFET
386640:10204,1050:1050,10/07/24 03:01:52,STABLE BEAMS,6800,487541.892589617,462377.724773847,63.6,HFET
386640:10204,1051:1051,10/07/24 03:02:15,STABLE BEAMS,6800,487259.568751228,461831.061363111,63.6,HFET
386640:10204,1052:1052,10/07/24 03:02:38,STABLE BEAMS,6800,487311.199795760,461835.432134184,63.6,HFET
386640:10204,1053:1053,10/07/24 03:03:01,STABLE BEAMS,6800,486547.179687866,455556.226228308,63.5,HFET
386640:10204,1054:1054,10/07/24 03:03:25,STABLE BEAMS,6800,486315.936759624,461809.069974149,63.4,HFET
386640:10204,1055:1055,10/07/24 03:03:48,STABLE BEAMS,6800,485769.636997041,461708.679773064,63.4,HFET
386640:10204,1056:1056,10/07/24 03:04:11,STABLE BEAMS,6800,485218.738017750,460309.757962469,63.3,HFET
386640:10204,1057:1057,10/07/24 03:04:35,STABLE BEAMS,6800,485091.803832552,460496.381728519,63.3,HFET
386640:10204,1058:1058,10/07/24 03:04:58,STABLE BEAMS,6800,484305.610511619,460405.597899483,63.2,HFET
386640:10204,1059:1059,10/07/24 03:05:21,STABLE BEAMS,6800,484224.433054632,460741.417644730,63.1,HFET
386640:10204,1060:1060,10/07/24 03:05:45,STABLE BEAMS,6800,483597.909245926,460377.916349353,63.1,HFET
386640:10204,1061:1061,10/07/24 03:06:08,STABLE BEAMS,6800,484729.757129789,459648.132782659,62.9,HFET
386640:10204,1062:1062,10/07/24 03:06:31,STABLE BEAMS,6800,490548.437615700,463296.770886781,64.0,HFET
386640:10204,1063:1063,10/07/24 03:06:55,STABLE BEAMS,6800,490131.165346273,463413.142957987,64.0,HFET
386640:10204,1064:1064,10/07/24 03:07:18,STABLE BEAMS,6800,489944.497289743,461957.629569077,63.9,HFET
386640:10204,1065:1065,10/07/24 03:07:41,STABLE BEAMS,6800,490516.341004016,456214.301176468,63.9,HFET
386640:10204,1066:1066,10/07/24 03:08:04,STABLE BEAMS,6800,490475.272073474,462986.583674185,64.0,HFET
386640:10204,1067:1067,10/07/24 03:08:28,STABLE BEAMS,6800,490124.244375971,461930.721936812,63.9,HFET
386640:10204,1068:1068,10/07/24 03:08:51,STABLE BEAMS,6800,490064.466214158,463999.099017902,63.9,HFET
386640:10204,1069:1069,10/07/24 03:09:14,STABLE BEAMS,6800,490011.061219340,464092.113688494,63.9,HFET
386640:10204,1070:1070,10/07/24 03:09:38,STABLE BEAMS,6800,490036.192570241,349616.339391797,63.9,HFET
386640:10204,1071:1071,10/07/24 03:10:01,STABLE BEAMS,6800,490254.868657493,463771.774631619,63.9,HFET
386640:10204,1072:1072,10/07/24 03:10:24,STABLE BEAMS,6800,490418.633873600,463797.724190865,64.0,HFET
386640:10204,1073:1073,10/07/24 03:10:48,STABLE BEAMS,6800,490347.927618566,462426.943152748,63.9,HFET
386640:10204,1074:1074,10/07/24 03:11:11,STABLE BEAMS,6800,490163.947294861,463294.721869301,64.0,HFET
386640:10204,1075:1075,10/07/24 03:11:34,STABLE BEAMS,6800,489180.432891368,463632.683875143,63.8,HFET
386640:10204,1076:1076,10/07/24 03:11:58,STABLE BEAMS,6800,488629.578202558,463440.414238406,63.8,HFET
386640:10204,1077:1077,10/07/24 03:12:21,STABLE BEAMS,6800,488063.972452760,462729.162741062,63.7,HFET
386640:10204,1078:1078,10/07/24 03:12:44,STABLE BEAMS,6800,487830.501014040,462658.729222142,63.6,HFET
386640:10204,1079:1079,10/07/24 03:13:08,STABLE BEAMS,6800,487769.993224842,455172.826851929,63.6,HFET
386640:10204,1080:1080,10/07/24 03:13:31,STABLE BEAMS,6800,486615.564189307,461880.139877337,63.6,HFET
386640:10204,1081:1081,10/07/24 03:13:54,STABLE BEAMS,6800,486449.064618816,462255.343183800,63.4,HFET
386640:10204,1082:1082,10/07/24 03:14:17,STABLE BEAMS,6800,486406.356940507,462316.170330670,63.5,HFET
386640:10204,1083:1083,10/07/24 03:14:41,STABLE BEAMS,6800,485853.364653256,460072.006664715,63.4,HFET
386640:10204,1084:1084,10/07/24 03:15:04,STABLE BEAMS,6800,484838.525224868,459582.207568409,63.3,HFET
386640:10204,1085:1085,10/07/24 03:15:27,STABLE BEAMS,6800,481100.469303363,458979.815078182,63.2,HFET
386640:10204,1086:1086,10/07/24 03:15:51,STABLE BEAMS,6800,488921.783480189,354502.474492622,62.4,HFET
386640:10204,1087:1087,10/07/24 03:16:14,STABLE BEAMS,6800,493406.467337334,466268.258832240,64.4,HFET
386640:10204,1088:1088,10/07/24 03:16:37,STABLE BEAMS,6800,492602.928465705,465031.239706506,64.3,HFET
386640:10204,1089:1089,10/07/24 03:17:01,STABLE BEAMS,6800,492302.391915639,465398.200321494,64.2,HFET
386640:10204,1090:1090,10/07/24 03:17:24,STABLE BEAMS,6800,492150.279757982,464849.259447644,64.2,HFET
386640:10204,1091:1091,10/07/24 03:17:47,STABLE BEAMS,6800,492184.290184626,465243.039113937,64.2,HFET
386640:10204,1092:1092,10/07/24 03:18:11,STABLE BEAMS,6800,491868.091122111,457552.302597075,64.1,HFET
386640:10204,1093:1093,10/07/24 03:18:34,STABLE BEAMS,6800,491570.424128947,464931.166532016,64.1,HFET
386640:10204,1094:1094,10/07/24 03:18:57,STABLE BEAMS,6800,491123.057643759,463750.557160521,64.1,HFET
386640:10204,1095:1095,10/07/24 03:19:21,STABLE BEAMS,6800,490683.978140525,463998.735369748,64.0,HFET
386640:10204,1096:1096,10/07/24 03:19:44,STABLE BEAMS,6800,491343.053121106,464874.982892333,64.0,HFET
386640:10204,1097:1097,10/07/24 03:20:07,STABLE BEAMS,6800,488875.297124594,463326.000272640,63.9,HFET
386640:10204,1098:1098,10/07/24 03:20:30,STABLE BEAMS,6800,487366.152626309,461763.495070015,63.6,HFET
386640:10204,1099:1099,10/07/24 03:20:54,STABLE BEAMS,6800,486660.910647806,462588.386615261,63.5,HFET
386640:10204,1100:1100,10/07/24 03:21:17,STABLE BEAMS,6800,482897.949489957,460276.887432922,63.4,HFET
386640:10204,1101:1101,10/07/24 03:21:40,STABLE BEAMS,6800,490662.942493504,464061.292176425,63.0,HFET
386640:10204,1102:1102,10/07/24 03:22:04,STABLE BEAMS,6800,492848.829211818,464281.150120176,64.3,HFET
386640:10204,1103:1103,10/07/24 03:22:27,STABLE BEAMS,6800,491908.703161384,463293.493391245,64.2,HFET
386640:10204,1104:1104,10/07/24 03:22:50,STABLE BEAMS,6800,491846.603245977,464125.851379022,64.2,HFET
386640:10204,1105:1105,10/07/24 03:23:14,STABLE BEAMS,6800,491880.795496697,458416.806149171,64.1,HFET
386640:10204,1106:1106,10/07/24 03:23:37,STABLE BEAMS,6800,492379.289513591,464839.790609191,64.2,HFET
386640:10204,1107:1107,10/07/24 03:24:00,STABLE BEAMS,6800,491944.489869392,463992.770141388,64.2,HFET
386640:10204,1108:1108,10/07/24 03:24:24,STABLE BEAMS,6800,492043.970950094,463362.787013069,64.2,HFET
386640:10204,1109:1109,10/07/24 03:24:47,STABLE BEAMS,6800,491934.426606073,464099.673374142,64.2,HFET
386640:10204,1110:1110,10/07/24 03:25:10,STABLE BEAMS,6800,493742.105258504,465665.957254051,64.3,HFET
386640:10204,1111:1111,10/07/24 03:25:33,STABLE BEAMS,6800,490779.314564711,462838.021748179,64.0,HFET
386640:10204,1112:1112,10/07/24 03:25:57,STABLE BEAMS,6800,489801.809680059,463884.957788250,63.9,HFET
386640:10204,1113:1113,10/07/24 03:26:20,STABLE BEAMS,6800,488912.722580370,462467.007388712,63.8,HFET
386640:10204,1114:1114,10/07/24 03:26:43,STABLE BEAMS,6800,488758.015933004,463408.818808472,63.8,HFET
386640:10204,1115:1115,10/07/24 03:27:07,STABLE BEAMS,6800,487966.132450903,461416.656319509,63.7,HFET
386640:10204,1116:1116,10/07/24 03:27:30,STABLE BEAMS,6800,487725.238860132,461484.175991046,63.6,HFET
386640:10204,1117:1117,10/07/24 03:27:53,STABLE BEAMS,6800,487147.250424499,459805.571453330,63.6,HFET
386640:10204,1118:1118,10/07/24 03:28:17,STABLE BEAMS,6800,485922.567363042,452475.105357867,63.5,HFET
386640:10204,1119:1119,10/07/24 03:28:40,STABLE BEAMS,6800,485390.382277178,460907.462655028,63.3,HFET
386640:10204,1120:1120,10/07/24 03:29:03,STABLE BEAMS,6800,486555.282514666,461150.631377836,63.3,HFET
386640:10204,1121:1121,10/07/24 03:29:27,STABLE BEAMS,6800,486986.305812658,461476.891372591,63.6,HFET
386640:10204,1122:1122,10/07/24 03:29:50,STABLE BEAMS,6800,485916.103284010,461909.826154466,63.4,HFET
386640:10204,1123:1123,10/07/24 03:30:13,STABLE BEAMS,6800,484100.184271182,459603.788687660,63.3,HFET
386640:10204,1124:1124,10/07/24 03:30:37,STABLE BEAMS,6800,482626.322968077,460845.996792812,63.0,HFET
386640:10204,1125:1125,10/07/24 03:31:00,STABLE BEAMS,6800,486261.074841114,462215.097123758,62.9,HFET
386640:10204,1126:1126,10/07/24 03:31:23,STABLE BEAMS,6800,486305.374645633,462640.926780177,63.5,HFET
386640:10204,1127:1127,10/07/24 03:31:46,STABLE BEAMS,6800,486191.916421808,461661.510411642,63.4,HFET
386640:10204,1128:1128,10/07/24 03:32:10,STABLE BEAMS,6800,486422.429722666,462213.822024144,63.4,HFET
386640:10204,1129:1129,10/07/24 03:32:33,STABLE BEAMS,6800,486378.402654262,462366.799011704,63.4,HFET
386640:10204,1130:1130,10/07/24 03:32:56,STABLE BEAMS,6800,487088.106315876,463304.647599024,63.4,HFET
386640:10204,1131:1131,10/07/24 03:33:20,STABLE BEAMS,6800,486043.629562995,454935.714269520,63.4,HFET
386640:10204,1132:1132,10/07/24 03:33:43,STABLE BEAMS,6800,486403.170357009,462329.692913601,63.4,HFET
386640:10204,1133:1133,10/07/24 03:34:06,STABLE BEAMS,6800,487080.777406941,205164.972992274,63.5,HFET
386640:10204,1134:1134,10/07/24 03:34:30,STABLE BEAMS,6800,487202.294167085,450047.005658687,63.6,HFET
386640:10204,1135:1135,10/07/24 03:34:53,STABLE BEAMS,6800,486733.528386723,449479.852073160,63.5,HFET
386640:10204,1136:1136,10/07/24 03:35:16,STABLE BEAMS,6800,486722.966272732,448592.632166873,63.5,HFET
386640:10204,1137:1137,10/07/24 03:35:40,STABLE BEAMS,6800,486580.413865567,449336.164431054,63.4,HFET
386640:10204,1138:1138,10/07/24 03:36:03,STABLE BEAMS,6800,486527.964612689,449248.156915804,63.4,HFET
386640:10204,1139:1139,10/07/24 03:36:26,STABLE BEAMS,6800,486969.459112634,449175.310731251,63.5,HFET
386640:10204,1140:1140,10/07/24 03:36:50,STABLE BEAMS,6800,486706.802578534,449462.779258578,63.5,HFET
386640:10204,1141:1141,10/07/24 03:37:13,STABLE BEAMS,6800,486772.636880746,449419.845465712,63.5,HFET
386640:10204,1142:1142,10/07/24 03:37:36,STABLE BEAMS,6800,486825.633936932,449879.869703928,63.5,HFET
386640:10204,1143:1143,10/07/24 03:37:59,STABLE BEAMS,6800,485670.519564492,449688.784254767,63.4,HFET
386640:10204,1144:1144,10/07/24 03:38:23,STABLE BEAMS,6800,485254.023544008,442754.510491229,63.3,HFET
386640:10204,1145:1145,10/07/24 03:38:46,STABLE BEAMS,6800,485177.624796727,449771.010696811,63.3,HFET
386640:10204,1146:1146,10/07/24 03:39:09,STABLE BEAMS,6800,484847.175854976,449648.582485206,63.3,HFET
386640:10204,1147:1147,10/07/24 03:39:33,STABLE BEAMS,6800,484657.183681352,448962.189602648,63.2,HFET
386640:10204,1148:1148,10/07/24 03:39:56,STABLE BEAMS,6800,484196.112789156,448916.206759881,63.2,HFET
386640:10204,1149:1149,10/07/24 03:40:19,STABLE BEAMS,6800,483945.568535855,449116.441689822,63.1,HFET
386640:10204,1150:1150,10/07/24 03:40:43,STABLE BEAMS,6800,484091.351816998,449104.648766697,63.1,HFET
386640:10204,1151:1151,10/07/24 03:41:06,STABLE BEAMS,6800,484195.066135177,449159.375482688,63.1,HFET
386640:10204,1152:1152,10/07/24 03:41:29,STABLE BEAMS,6800,484434.274356622,220765.188315863,63.2,HFET
386640:10204,1153:1153,10/07/24 03:41:53,STABLE BEAMS,6800,484642.751978038,405735.310310963,63.2,HFET
386640:10204,1154:1154,10/07/24 03:42:16,STABLE BEAMS,6800,484339.075466033,448466.744635655,63.2,HFET
386640:10204,1155:1155,10/07/24 03:42:39,STABLE BEAMS,6800,483994.922117274,449193.887091082,63.1,HFET
386640:10204,1156:1156,10/07/24 03:43:02,STABLE BEAMS,6800,483365.985642935,448128.603136814,63.1,HFET
386640:10204,1157:1157,10/07/24 03:43:26,STABLE BEAMS,6800,488074.261830636,442611.139875719,63.0,HFET
386640:10204,1158:1158,10/07/24 03:43:49,STABLE BEAMS,6800,492366.725003679,449377.776502748,64.2,HFET
386640:10204,1159:1159,10/07/24 03:44:12,STABLE BEAMS,6800,491865.268186768,449482.765920542,64.2,HFET
386640:10204,1160:1160,10/07/24 03:44:36,STABLE BEAMS,6800,491864.359066384,449303.520016063,64.2,HFET
386640:10204,1161:1161,10/07/24 03:44:59,STABLE BEAMS,6800,491502.312363621,449646.034617055,64.1,HFET
386640:10204,1162:1162,10/07/24 03:45:22,STABLE BEAMS,6800,490778.860004519,353317.813707728,64.0,HFET
386640:10204,1163:1163,10/07/24 03:45:46,STABLE BEAMS,6800,490533.959290828,449907.369429981,64.0,HFET
386640:10204,1164:1164,10/07/24 03:46:09,STABLE BEAMS,6800,489957.791427039,449725.025522966,63.9,HFET
386640:10204,1165:1165,10/07/24 03:46:32,STABLE BEAMS,6800,489537.742843827,449098.639247856,63.9,HFET
386640:10204,1166:1166,10/07/24 03:46:56,STABLE BEAMS,6800,489350.072423798,450116.164077992,63.8,HFET
386640:10204,1167:1167,10/07/24 03:47:19,STABLE BEAMS,6800,489148.152124531,449568.407391718,63.8,HFET
386640:10204,1168:1168,10/07/24 03:47:42,STABLE BEAMS,6800,488535.106608275,449449.713566917,63.8,HFET
386640:10204,1169:1169,10/07/24 03:48:06,STABLE BEAMS,6800,488609.864276710,449904.001022408,63.7,HFET
386640:10204,1170:1170,10/07/24 03:48:29,STABLE BEAMS,6800,487144.017219444,449580.880989591,63.6,HFET
386640:10204,1171:1171,10/07/24 03:48:52,STABLE BEAMS,6800,486003.064145281,335617.577852910,63.4,HFET
386640:10204,1172:1172,10/07/24 03:49:15,STABLE BEAMS,6800,486090.752302858,449129.873360714,63.4,HFET
386640:10204,1173:1173,10/07/24 03:49:39,STABLE BEAMS,6800,486238.265243807,379954.884753584,63.4,HFET
386640:10204,1174:1174,10/07/24 03:50:02,STABLE BEAMS,6800,486277.557892985,449885.105304904,63.4,HFET
386640:10204,1175:1175,10/07/24 03:50:25,STABLE BEAMS,6800,487110.827332223,450068.223129784,63.5,HFET
386640:10204,1176:1176,10/07/24 03:50:49,STABLE BEAMS,6800,486863.376419302,450160.235436877,63.5,HFET
386640:10204,1177:1177,10/07/24 03:51:12,STABLE BEAMS,6800,486802.549272432,449389.340980238,63.5,HFET
386640:10204,1178:1178,10/07/24 03:51:35,STABLE BEAMS,6800,486274.187154333,449178.770050863,63.5,HFET
386640:10204,1179:1179,10/07/24 03:51:59,STABLE BEAMS,6800,485530.473066075,448333.800931617,63.3,HFET
386640:10204,1180:1180,10/07/24 03:52:22,STABLE BEAMS,6800,485526.967124905,449600.096064768,63.3,HFET
386640:10204,1181:1181,10/07/24 03:52:45,STABLE BEAMS,6800,485161.279278453,449448.893027494,63.4,HFET
386640:10204,1182:1182,10/07/24 03:53:09,STABLE BEAMS,6800,484536.942020822,448776.295463982,63.2,HFET
386640:10204,1183:1183,10/07/24 03:53:32,STABLE BEAMS,6800,484251.704335051,450527.564362174,63.2,HFET
386640:10204,1184:1184,10/07/24 03:53:55,STABLE BEAMS,6800,483327.560154738,370300.557769648,63.1,HFET
386618:10201,1:1,10/06/24 07:04:33,STABLE BEAMS,6800,489295.072971691,460599.322128834,63.8,HFET
386618:10201,2:2,10/06/24 07:04:57,STABLE BEAMS,6800,488645.968011313,463828.594655569,63.7,HFET
386618:10201,3:3,10/06/24 07:05:20,STABLE BEAMS,6800,488565.702005787,465238.439897229,63.7,HFET
386618:10201,4:4,10/06/24 07:05:43,STABLE BEAMS,6800,489031.278871574,355104.752760032,63.7,HFET
386618:10201,5:5,10/06/24 07:06:07,STABLE BEAMS,6800,487565.294280712,460534.124210890,63.7,HFET
386618:10201,6:6,10/06/24 07:06:30,STABLE BEAMS,6800,487384.409628466,464014.852442388,63.5,HFET
386618:10201,7:7,10/06/24 07:06:53,STABLE BEAMS,6800,486371.073745326,463951.067157655,63.5,HFET
386618:10201,8:8,10/06/24 07:07:17,STABLE BEAMS,6800,486557.058796030,464070.761014878,63.4,HFET
386618:10201,9:9,10/06/24 07:07:40,STABLE BEAMS,6800,486466.682905627,462930.672770617,63.5,HFET
386618:10201,10:10,10/06/24 07:08:03,STABLE BEAMS,6800,485752.426648863,300017.512259759,63.4,HFET
386618:10201,11:11,10/06/24 07:08:27,STABLE BEAMS,6800,485112.701945977,461558.798456963,63.3,HFET
386618:10201,12:12,10/06/24 07:08:50,STABLE BEAMS,6800,484692.105559457,462107.692709255,63.2,HFET
386618:10201,13:13,10/06/24 07:09:13,STABLE BEAMS,6800,482979.082656464,461123.586211974,63.1,HFET
386618:10201,14:14,10/06/24 07:09:37,STABLE BEAMS,6800,492160.979405569,459466.154854875,63.7,HFET
386618:10201,15:15,10/06/24 07:10:00,STABLE BEAMS,6800,491393.998828734,358383.490759926,64.2,HFET
386618:10201,16:16,10/06/24 07:10:23,STABLE BEAMS,6800,490951.413384330,465932.709492030,64.0,HFET
386618:10201,17:17,10/06/24 07:10:46,STABLE BEAMS,6800,491260.463030908,465966.493804117,64.0,HFET
386618:10201,18:18,10/06/24 07:11:10,STABLE BEAMS,6800,490302.490248028,464943.276481736,64.0,HFET
386618:10201,19:19,10/06/24 07:11:33,STABLE BEAMS,6800,489248.451413578,464357.865894051,63.8,HFET
386618:10201,20:20,10/06/24 07:11:56,STABLE BEAMS,6800,489194.500946529,464905.396465769,63.8,HFET
386618:10201,21:21,10/06/24 07:12:20,STABLE BEAMS,6800,488591.287916879,465023.090258148,63.8,HFET
386618:10201,22:22,10/06/24 07:12:43,STABLE BEAMS,6800,487496.229104523,463304.556686985,63.7,HFET
386618:10201,23:23,10/06/24 07:13:06,STABLE BEAMS,6800,487942.273868539,464555.324510207,63.6,HFET
386618:10201,24:24,10/06/24 07:13:30,STABLE BEAMS,6800,488543.482171190,464543.079357968,63.7,HFET
386618:10201,25:25,10/06/24 07:13:53,STABLE BEAMS,6800,488959.435050522,464330.776437710,63.8,HFET
386618:10201,26:26,10/06/24 07:14:16,STABLE BEAMS,6800,488556.594484409,464991.536787617,63.7,HFET
386618:10201,27:27,10/06/24 07:14:40,STABLE BEAMS,6800,488863.779268662,457594.098823924,63.7,HFET
386618:10201,28:28,10/06/24 07:15:03,STABLE BEAMS,6800,489218.585643451,463052.919158146,63.8,HFET
386618:10201,29:29,10/06/24 07:15:26,STABLE BEAMS,6800,489351.711171565,464155.309210516,63.8,HFET
386618:10201,30:30,10/06/24 07:15:50,STABLE BEAMS,6800,489679.791738165,465400.023224417,63.8,HFET
386618:10201,31:31,10/06/24 07:16:13,STABLE BEAMS,6800,490824.798556806,465264.802057264,63.9,HFET
386618:10201,32:32,10/06/24 07:16:36,STABLE BEAMS,6800,490662.306109236,465745.495963270,64.0,HFET
386618:10201,33:33,10/06/24 07:16:59,STABLE BEAMS,6800,490805.630103188,466343.652884943,64.0,HFET
386618:10201,34:34,10/06/24 07:17:23,STABLE BEAMS,6800,491098.700210722,466081.863511825,64.0,HFET
386618:10201,35:35,10/06/24 07:17:46,STABLE BEAMS,6800,490958.243442594,465946.504811076,64.1,HFET
386618:10201,36:36,10/06/24 07:18:09,STABLE BEAMS,6800,489936.939935173,465601.169605819,63.9,HFET
386618:10201,37:37,10/06/24 07:18:33,STABLE BEAMS,6800,490835.132225162,464936.903314742,64.0,HFET
386618:10201,38:38,10/06/24 07:18:56,STABLE BEAMS,6800,490290.699655982,386500.092290354,64.0,HFET
386618:10201,39:39,10/06/24 07:19:19,STABLE BEAMS,6800,490149.331436392,304279.629460626,63.9,HFET
386618:10201,40:40,10/06/24 07:19:43,STABLE BEAMS,6800,489849.477892152,464519.267397162,63.9,HFET
386618:10201,41:41,10/06/24 07:20:06,STABLE BEAMS,6800,489042.069431200,458480.544812346,63.8,HFET
386618:10201,42:42,10/06/24 07:20:29,STABLE BEAMS,6800,488679.796613880,464930.345992593,63.7,HFET
386618:10201,43:43,10/06/24 07:20:53,STABLE BEAMS,6800,488467.039133429,464786.292371256,63.7,HFET
386618:10201,44:44,10/06/24 07:21:16,STABLE BEAMS,6800,488314.609949178,463303.328208929,63.7,HFET
386618:10201,45:45,10/06/24 07:21:39,STABLE BEAMS,6800,488257.699013189,463897.843986913,63.7,HFET
386618:10201,46:46,10/06/24 07:22:02,STABLE BEAMS,6800,487658.674930535,464888.186117591,63.6,HFET
386618:10201,47:47,10/06/24 07:22:26,STABLE BEAMS,6800,486951.293022515,354461.361271600,63.6,HFET
386618:10201,48:48,10/06/24 07:22:49,STABLE BEAMS,6800,487110.326150473,464706.026365730,63.5,HFET
386618:10201,49:49,10/06/24 07:23:12,STABLE BEAMS,6800,486562.203484968,462408.094056803,63.5,HFET
386618:10201,50:50,10/06/24 07:23:36,STABLE BEAMS,6800,485915.511190222,464131.315425633,63.4,HFET
386618:10201,51:51,10/06/24 07:23:59,STABLE BEAMS,6800,485729.479517960,463782.747015321,63.4,HFET
386618:10201,52:52,10/06/24 07:24:22,STABLE BEAMS,6800,484979.574086784,463316.165454956,63.3,HFET
386618:10201,53:53,10/06/24 07:24:46,STABLE BEAMS,6800,484446.568461497,463018.043901600,63.3,HFET
386618:10201,54:54,10/06/24 07:25:09,STABLE BEAMS,6800,484055.565108990,456037.784964217,63.1,HFET
386618:10201,55:55,10/06/24 07:25:32,STABLE BEAMS,6800,482266.145789794,461427.309345538,63.1,HFET
386618:10201,56:56,10/06/24 07:25:56,STABLE BEAMS,6800,490709.519761137,466148.334198305,64.0,HFET
386618:10201,57:57,10/06/24 07:26:19,STABLE BEAMS,6800,490456.698044722,466011.066344752,64.0,HFET
386618:10201,58:58,10/06/24 07:26:42,STABLE BEAMS,6800,489885.399802679,465216.495129825,63.9,HFET
386618:10201,59:59,10/06/24 07:27:06,STABLE BEAMS,6800,489799.397014427,465665.365160263,63.9,HFET
386618:10201,60:60,10/06/24 07:27:29,STABLE BEAMS,6800,489124.794723916,465257.971999001,63.8,HFET
386618:10201,61:61,10/06/24 07:27:52,STABLE BEAMS,6800,488862.685993125,465274.270895717,63.7,HFET
386618:10201,62:62,10/06/24 07:28:15,STABLE BEAMS,6800,488605.038945445,465147.063974405,63.8,HFET
386618:10201,63:63,10/06/24 07:28:39,STABLE BEAMS,6800,487778.963212624,353695.497281082,63.6,HFET
386618:10201,64:64,10/06/24 07:29:02,STABLE BEAMS,6800,487426.660415506,260449.194470839,63.6,HFET
386618:10201,65:65,10/06/24 07:29:25,STABLE BEAMS,6800,486180.944038106,436585.030753450,63.5,HFET
386618:10201,66:66,10/06/24 07:29:49,STABLE BEAMS,6800,485337.522754589,462786.756682877,63.4,HFET
386618:10201,67:67,10/06/24 07:30:12,STABLE BEAMS,6800,485072.772912530,456214.210264429,63.3,HFET
386618:10201,68:68,10/06/24 07:30:35,STABLE BEAMS,6800,484664.787657480,461893.343102595,63.2,HFET
386618:10201,69:69,10/06/24 07:30:59,STABLE BEAMS,6800,484253.981798164,461292.773515290,63.2,HFET
386618:10201,70:70,10/06/24 07:31:22,STABLE BEAMS,6800,484309.344898424,461761.718788651,63.1,HFET
386618:10201,71:71,10/06/24 07:31:45,STABLE BEAMS,6800,484372.810825484,461988.224966589,63.2,HFET
386618:10201,72:72,10/06/24 07:32:09,STABLE BEAMS,6800,484523.102411296,462464.184453369,63.2,HFET
386618:10201,73:73,10/06/24 07:32:32,STABLE BEAMS,6800,484993.325115350,463136.737726401,63.2,HFET
386618:10201,74:74,10/06/24 07:32:55,STABLE BEAMS,6800,484999.516458267,462879.817975027,63.3,HFET
386618:10201,75:75,10/06/24 07:33:19,STABLE BEAMS,6800,485212.637586871,462309.932366195,63.2,HFET
386618:10201,76:76,10/06/24 07:33:42,STABLE BEAMS,6800,485977.156545437,463564.707312336,63.3,HFET
386618:10201,77:77,10/06/24 07:34:05,STABLE BEAMS,6800,486168.652264310,462680.172807796,63.4,HFET
386618:10201,78:78,10/06/24 07:34:28,STABLE BEAMS,6800,486624.578467568,463306.969352618,63.4,HFET
386618:10201,79:79,10/06/24 07:34:52,STABLE BEAMS,6800,486704.800182613,461908.460142813,63.5,HFET
386618:10201,80:80,10/06/24 07:35:15,STABLE BEAMS,6800,486467.640978647,456895.411836491,63.5,HFET
386618:10201,81:81,10/06/24 07:35:38,STABLE BEAMS,6800,486651.577011871,463272.275920148,63.4,HFET
386618:10201,82:82,10/06/24 07:36:02,STABLE BEAMS,6800,486307.514575150,463166.058024298,63.5,HFET
386618:10201,83:83,10/06/24 07:36:25,STABLE BEAMS,6800,485525.510201214,463446.743114920,63.4,HFET
386618:10201,84:84,10/06/24 07:36:48,STABLE BEAMS,6800,485444.150920150,353878.295748289,63.3,HFET
386618:10201,85:85,10/06/24 07:37:12,STABLE BEAMS,6800,485392.431294657,463251.834697993,63.3,HFET
386618:10201,86:86,10/06/24 07:37:35,STABLE BEAMS,6800,485292.950213955,463041.900152886,63.3,HFET
386618:10201,87:87,10/06/24 07:37:58,STABLE BEAMS,6800,485424.483615860,463225.927098149,63.3,HFET
386618:10201,88:88,10/06/24 07:38:22,STABLE BEAMS,6800,485272.870308875,463020.092919079,63.3,HFET
386618:10201,89:89,10/06/24 07:38:45,STABLE BEAMS,6800,485050.737233088,462733.761957770,63.3,HFET
386618:10201,90:90,10/06/24 07:39:08,STABLE BEAMS,6800,484740.137419703,463099.950985971,63.3,HFET
386618:10201,91:91,10/06/24 07:39:31,STABLE BEAMS,6800,484334.156891652,462469.557587941,63.2,HFET
386618:10201,92:92,10/06/24 07:39:55,STABLE BEAMS,6800,483816.494421140,462795.498225024,63.1,HFET
386618:10201,93:93,10/06/24 07:40:18,STABLE BEAMS,6800,483372.769079640,455779.000350519,63.1,HFET
386618:10201,94:94,10/06/24 07:40:41,STABLE BEAMS,6800,485203.394862975,463071.950078168,63.0,HFET
386618:10201,95:95,10/06/24 07:41:05,STABLE BEAMS,6800,491275.214091895,466784.009818869,64.1,HFET
386618:10201,96:96,10/06/24 07:41:28,STABLE BEAMS,6800,491033.730738413,466144.646433058,64.1,HFET
386618:10201,97:97,10/06/24 07:41:51,STABLE BEAMS,6800,490424.871838076,465500.961228810,64.0,HFET
386618:10201,98:98,10/06/24 07:42:15,STABLE BEAMS,6800,490103.756532258,464813.838718868,63.9,HFET
386618:10201,99:99,10/06/24 07:42:38,STABLE BEAMS,6800,489341.832063401,465892.463431989,63.9,HFET
386618:10201,100:100,10/06/24 07:43:01,STABLE BEAMS,6800,488970.635879858,465183.988248431,63.8,HFET
386618:10201,101:101,10/06/24 07:43:25,STABLE BEAMS,6800,489581.585757077,464163.276834798,63.9,HFET
386618:10201,102:102,10/06/24 07:43:48,STABLE BEAMS,6800,488755.966915525,464872.752050777,63.8,HFET
386618:10201,103:103,10/06/24 07:44:11,STABLE BEAMS,6800,488059.328945572,464516.397840260,63.6,HFET
386618:10201,104:104,10/06/24 07:44:35,STABLE BEAMS,6800,487469.911234968,465077.814643061,63.6,HFET
386618:10201,105:105,10/06/24 07:44:58,STABLE BEAMS,6800,486554.144948648,464435.082849677,63.5,HFET
386618:10201,106:106,10/06/24 07:45:21,STABLE BEAMS,6800,487117.109587179,457073.247438837,63.4,HFET
386618:10201,107:107,10/06/24 07:45:44,STABLE BEAMS,6800,488076.401760153,465121.021172043,63.6,HFET
386618:10201,108:108,10/06/24 07:46:08,STABLE BEAMS,6800,487018.173978706,464792.576957290,63.6,HFET
386618:10201,109:109,10/06/24 07:46:31,STABLE BEAMS,6800,485247.603755456,463160.866713802,63.4,HFET
386618:10201,110:110,10/06/24 07:46:54,STABLE BEAMS,6800,484397.033056002,462840.982217119,63.2,HFET
386618:10201,111:111,10/06/24 07:47:18,STABLE BEAMS,6800,485929.033773152,463153.810540982,62.9,HFET
386618:10201,112:112,10/06/24 07:47:41,STABLE BEAMS,6800,490689.896747327,466946.229530324,64.0,HFET
386618:10201,113:113,10/06/24 07:48:04,STABLE BEAMS,6800,489723.636982493,465651.068659468,63.9,HFET
386618:10201,114:114,10/06/24 07:48:28,STABLE BEAMS,6800,489050.037055481,465240.990096458,63.8,HFET
386618:10201,115:115,10/06/24 07:48:51,STABLE BEAMS,6800,489171.052633876,465421.604343667,63.8,HFET
386618:10201,116:116,10/06/24 07:49:14,STABLE BEAMS,6800,488393.556564609,465443.866137666,63.8,HFET
386618:10201,117:117,10/06/24 07:49:38,STABLE BEAMS,6800,487882.677530803,465520.581911542,63.6,HFET
386618:10201,118:118,10/06/24 07:50:01,STABLE BEAMS,6800,487964.537993616,465250.323732392,63.6,HFET
386618:10201,119:119,10/06/24 07:50:24,STABLE BEAMS,6800,488189.587247863,458965.609489425,63.7,HFET
386618:10201,120:120,10/06/24 07:50:48,STABLE BEAMS,6800,488974.232733067,465916.958398622,63.7,HFET
386618:10201,121:121,10/06/24 07:51:11,STABLE BEAMS,6800,489385.267038017,466055.955911981,63.8,HFET
386618:10201,122:122,10/06/24 07:51:34,STABLE BEAMS,6800,489740.756418632,465883.402532170,63.8,HFET
386618:10201,123:123,10/06/24 07:51:57,STABLE BEAMS,6800,489978.370182790,454895.011318209,63.9,HFET
386618:10201,124:124,10/06/24 07:52:21,STABLE BEAMS,6800,489760.605546999,464698.012119891,63.9,HFET
386618:10201,125:125,10/06/24 07:52:44,STABLE BEAMS,6800,489566.561959975,465338.149423566,63.9,HFET
386618:10201,126:126,10/06/24 07:53:07,STABLE BEAMS,6800,490032.458183436,342835.679000087,63.9,HFET
386618:10201,127:127,10/06/24 07:53:31,STABLE BEAMS,6800,489937.303583326,465899.792340924,63.9,HFET
386618:10201,128:128,10/06/24 07:53:54,STABLE BEAMS,6800,489943.723371878,466688.580151567,63.9,HFET
386618:10201,129:129,10/06/24 07:54:17,STABLE BEAMS,6800,490024.900828865,466016.938329996,63.9,HFET
386618:10201,130:130,10/06/24 07:54:41,STABLE BEAMS,6800,489578.490085618,465961.575229736,63.9,HFET
386618:10201,131:131,10/06/24 07:55:04,STABLE BEAMS,6800,489394.372228317,466129.986284109,63.8,HFET
386618:10201,132:132,10/06/24 07:55:27,STABLE BEAMS,6800,489044.482096832,465771.583056113,63.8,HFET
386618:10201,133:133,10/06/24 07:55:51,STABLE BEAMS,6800,488633.219346246,458825.243633335,63.7,HFET
386618:10201,134:134,10/06/24 07:56:14,STABLE BEAMS,6800,488482.018640051,465485.116892285,63.7,HFET
386618:10201,135:135,10/06/24 07:56:37,STABLE BEAMS,6800,487579.819227142,464895.153709451,63.7,HFET
386618:10201,136:136,10/06/24 07:57:00,STABLE BEAMS,6800,486992.040264306,463925.068645773,63.5,HFET
386618:10201,137:137,10/06/24 07:57:24,STABLE BEAMS,6800,487138.781618468,464493.359797318,63.5,HFET
386618:10201,138:138,10/06/24 07:57:47,STABLE BEAMS,6800,486943.281107753,464385.001971951,63.5,HFET
386618:10201,139:139,10/06/24 07:58:10,STABLE BEAMS,6800,486704.389912902,463811.610421949,63.5,HFET
386618:10201,140:140,10/06/24 07:58:34,STABLE BEAMS,6800,486640.648918649,464052.779079913,63.5,HFET
386618:10201,141:141,10/06/24 07:58:57,STABLE BEAMS,6800,486053.464380679,461322.319927744,63.4,HFET
386618:10201,142:142,10/06/24 07:59:20,STABLE BEAMS,6800,485577.595805938,463096.260889647,63.3,HFET
386618:10201,143:143,10/06/24 07:59:44,STABLE BEAMS,6800,484834.793169141,463005.248614976,63.3,HFET
386618:10201,144:144,10/06/24 08:00:07,STABLE BEAMS,6800,484291.132186747,462758.664863036,63.2,HFET
386618:10201,145:145,10/06/24 08:00:30,STABLE BEAMS,6800,484041.452763349,455555.317107925,63.1,HFET
386618:10201,146:146,10/06/24 08:00:54,STABLE BEAMS,6800,483664.244729887,461864.752432082,63.1,HFET
386618:10201,147:147,10/06/24 08:01:17,STABLE BEAMS,6800,485148.805680580,462494.460493208,63.0,HFET
386618:10201,148:148,10/06/24 08:01:40,STABLE BEAMS,6800,491619.185616578,466874.931181502,64.0,HFET
386618:10201,149:149,10/06/24 08:02:04,STABLE BEAMS,6800,490316.877660862,465313.882902568,64.0,HFET
386618:10201,150:150,10/06/24 08:02:27,STABLE BEAMS,6800,489762.381828363,465572.532313748,63.9,HFET
386618:10201,151:151,10/06/24 08:02:50,STABLE BEAMS,6800,489537.742843827,464703.930726693,63.9,HFET
386618:10201,152:152,10/06/24 08:03:13,STABLE BEAMS,6800,489206.974544402,465120.065430102,63.8,HFET
386618:10201,153:153,10/06/24 08:03:37,STABLE BEAMS,6800,489268.894966811,465184.032538911,63.8,HFET
386618:10201,154:154,10/06/24 08:04:00,STABLE BEAMS,6800,489748.677421355,465914.361577835,63.8,HFET
386618:10201,155:155,10/06/24 08:04:23,STABLE BEAMS,6800,489496.037529017,465392.055600135,63.9,HFET
386618:10201,156:156,10/06/24 08:04:47,STABLE BEAMS,6800,489556.319203658,465596.251031438,63.8,HFET
386618:10201,157:157,10/06/24 08:05:10,STABLE BEAMS,6800,489775.766877697,464751.281912191,63.9,HFET
386618:10201,158:158,10/06/24 08:05:33,STABLE BEAMS,6800,489674.283401074,457410.253702737,63.9,HFET
386618:10201,159:159,10/06/24 08:05:57,STABLE BEAMS,6800,489699.279549456,465887.635769646,63.9,HFET
386618:10201,160:160,10/06/24 08:06:20,STABLE BEAMS,6800,489669.593272328,464292.805509704,63.9,HFET
386618:10201,161:161,10/06/24 08:06:43,STABLE BEAMS,6800,489292.205745867,465694.958194276,63.8,HFET
386618:10201,162:162,10/06/24 08:07:07,STABLE BEAMS,6800,489242.989698045,464949.514446211,63.8,HFET
386618:10201,163:163,10/06/24 08:07:30,STABLE BEAMS,6800,489042.342167315,465520.036439312,63.8,HFET
386618:10201,164:164,10/06/24 08:07:53,STABLE BEAMS,6800,488605.265060002,464575.677151401,63.7,HFET
386618:10201,165:165,10/06/24 08:08:17,STABLE BEAMS,6800,488451.197127982,464599.307288131,63.7,HFET
386618:10201,166:166,10/06/24 08:08:40,STABLE BEAMS,6800,487917.233429676,464857.774875234,63.7,HFET
386618:10201,167:167,10/06/24 08:09:03,STABLE BEAMS,6800,487650.753927812,464270.359560550,63.6,HFET
386618:10201,168:168,10/06/24 08:09:26,STABLE BEAMS,6800,487239.992358976,464504.469714617,63.5,HFET
386618:10201,169:169,10/06/24 08:09:50,STABLE BEAMS,6800,486977.972209145,464629.583327970,63.5,HFET
386618:10201,170:170,10/06/24 08:10:13,STABLE BEAMS,6800,486421.019420533,463362.696101031,63.5,HFET
386618:10201,171:171,10/06/24 08:10:36,STABLE BEAMS,6800,486352.133737343,457499.035135853,63.4,HFET
386618:10201,172:172,10/06/24 08:11:00,STABLE BEAMS,6800,485712.635149013,463095.624505378,63.4,HFET
386618:10201,173:173,10/06/24 08:11:23,STABLE BEAMS,6800,485155.316381170,462738.223640881,63.3,HFET
386618:10201,174:174,10/06/24 08:11:46,STABLE BEAMS,6800,484764.996034489,463375.444766097,63.2,HFET
386618:10201,175:175,10/06/24 08:12:10,STABLE BEAMS,6800,484527.564094407,462449.295858785,63.2,HFET
386618:10201,176:176,10/06/24 08:12:33,STABLE BEAMS,6800,483873.176911494,462157.274736308,63.2,HFET
386618:10201,177:177,10/06/24 08:12:56,STABLE BEAMS,6800,483639.661182294,462903.856050391,63.1,HFET
386618:10201,178:178,10/06/24 08:13:20,STABLE BEAMS,6800,483228.808701420,462081.787440489,63.1,HFET
386618:10201,179:179,10/06/24 08:13:43,STABLE BEAMS,6800,486276.508907927,463624.259359592,63.0,HFET
386618:10201,180:180,10/06/24 08:14:06,STABLE BEAMS,6800,488309.919820431,463941.460785606,63.7,HFET
386618:10201,181:181,10/06/24 08:14:30,STABLE BEAMS,6800,487815.885155571,465015.712396576,63.6,HFET
386618:10201,182:182,10/06/24 08:14:53,STABLE BEAMS,6800,487342.795225694,464277.280530852,63.6,HFET
386618:10201,183:183,10/06/24 08:15:16,STABLE BEAMS,6800,486823.584919453,463226.701016014,63.5,HFET
386618:10201,184:184,10/06/24 08:15:39,STABLE BEAMS,6800,486440.185543074,456320.202045722,63.5,HFET
386618:10201,185:185,10/06/24 08:16:03,STABLE BEAMS,6800,485826.867290703,462712.180838519,63.4,HFET
386618:10201,186:186,10/06/24 08:16:26,STABLE BEAMS,6800,485291.812647937,463130.728207560,63.3,HFET
386618:10201,187:187,10/06/24 08:16:49,STABLE BEAMS,6800,484953.349460345,461896.394483573,63.3,HFET
386618:10201,188:188,10/06/24 08:17:13,STABLE BEAMS,6800,484551.921527444,461656.092986590,63.2,HFET
386618:10201,189:189,10/06/24 08:17:36,STABLE BEAMS,6800,484062.714524926,461911.966083983,63.2,HFET
386618:10201,190:190,10/06/24 08:17:59,STABLE BEAMS,6800,483269.283207096,461696.705025862,63.1,HFET
386618:10201,191:191,10/06/24 08:18:23,STABLE BEAMS,6800,488168.780046477,464148.343949734,63.0,HFET
386618:10201,192:192,10/06/24 08:18:46,STABLE BEAMS,6800,488425.154325620,465134.180106820,63.7,HFET
386618:10201,193:193,10/06/24 08:19:09,STABLE BEAMS,6800,488118.288899040,463576.546857019,63.7,HFET
386618:10201,194:194,10/06/24 08:19:33,STABLE BEAMS,6800,487606.999595522,464590.747570061,63.6,HFET
386618:10201,195:195,10/06/24 08:19:56,STABLE BEAMS,6800,487121.207622137,464426.842489280,63.6,HFET
386618:10201,196:196,10/06/24 08:20:19,STABLE BEAMS,6800,486762.394124429,463351.360069175,63.5,HFET
386618:10201,197:197,10/06/24 08:20:42,STABLE BEAMS,6800,486232.665994677,457150.965576212,63.4,HFET
386618:10201,198:198,10/06/24 08:21:06,STABLE BEAMS,6800,486042.081727266,462925.073521488,63.4,HFET
386618:10201,199:199,10/06/24 08:21:29,STABLE BEAMS,6800,485564.119844565,463255.613375278,63.4,HFET
386618:10201,200:200,10/06/24 08:21:52,STABLE BEAMS,6800,484229.668655608,462620.257112387,63.1,HFET
386618:10201,201:201,10/06/24 08:22:16,STABLE BEAMS,6800,485659.001708560,463584.286035666,63.3,HFET
386618:10201,202:202,10/06/24 08:22:39,STABLE BEAMS,6800,485604.503438203,463656.220768757,63.3,HFET
386618:10201,203:203,10/06/24 08:23:02,STABLE BEAMS,6800,485741.727001276,462266.772458771,63.3,HFET
386618:10201,204:204,10/06/24 08:23:26,STABLE BEAMS,6800,485689.095924322,461955.354437041,63.3,HFET
386618:10201,205:205,10/06/24 08:23:49,STABLE BEAMS,6800,485657.225427195,463169.608255948,63.3,HFET
386618:10201,206:206,10/06/24 08:24:12,STABLE BEAMS,6800,485620.165950651,462088.845944387,63.3,HFET
386618:10201,207:207,10/06/24 08:24:36,STABLE BEAMS,6800,485526.922834424,461987.451048725,63.3,HFET
386618:10201,208:208,10/06/24 08:24:59,STABLE BEAMS,6800,485537.121300262,463173.615378868,63.3,HFET
386618:10201,209:209,10/06/24 08:25:22,STABLE BEAMS,6800,485316.943998838,462303.969468912,63.3,HFET
386618:10201,210:210,10/06/24 08:25:46,STABLE BEAMS,6800,485061.299347079,456870.735045782,63.3,HFET
386618:10201,211:211,10/06/24 08:26:09,STABLE BEAMS,6800,484851.502335569,461808.023320169,63.3,HFET
386618:10201,212:212,10/06/24 08:26:32,STABLE BEAMS,6800,484628.774834916,462447.703732576,63.2,HFET
386618:10201,213:213,10/06/24 08:26:55,STABLE BEAMS,6800,484451.440414320,463043.312786097,63.2,HFET
386618:10201,214:214,10/06/24 08:27:19,STABLE BEAMS,6800,484249.473493495,462423.346299539,63.2,HFET
386618:10201,215:215,10/06/24 08:27:42,STABLE BEAMS,6800,484003.983017093,462620.940118213,63.1,HFET
386618:10201,216:216,10/06/24 08:28:05,STABLE BEAMS,6800,483769.325059719,462686.639217907,63.1,HFET
386618:10201,217:217,10/06/24 08:28:29,STABLE BEAMS,6800,483461.916491987,462000.973631655,63.1,HFET
386618:10201,218:218,10/06/24 08:28:52,STABLE BEAMS,6800,482844.087603868,462060.845036585,63.0,HFET
386618:10201,219:219,10/06/24 08:29:15,STABLE BEAMS,6800,478439.716373807,459032.809803290,62.0,HFET
386618:10201,220:220,10/06/24 08:29:39,STABLE BEAMS,6800,482938.743353306,462123.583667338,63.1,HFET
386618:10201,221:221,10/06/24 08:30:02,STABLE BEAMS,6800,482571.234935010,462006.757035939,62.9,HFET
386618:10201,222:222,10/06/24 08:30:25,STABLE BEAMS,6800,482193.481429318,461623.495193157,62.9,HFET
386618:10201,223:223,10/06/24 08:30:49,STABLE BEAMS,6800,481847.507508715,454855.993736224,62.9,HFET
386618:10201,224:224,10/06/24 08:31:12,STABLE BEAMS,6800,481477.812539343,461272.148137981,62.8,HFET
386618:10201,225:225,10/06/24 08:31:35,STABLE BEAMS,6800,481113.217968429,460155.962766565,62.8,HFET
386618:10201,226:226,10/06/24 08:31:58,STABLE BEAMS,6800,480324.521069825,460768.280986515,62.7,HFET
386618:10201,227:227,10/06/24 08:32:22,STABLE BEAMS,6800,479855.801911021,460040.091877108,62.6,HFET
386618:10201,228:228,10/06/24 08:32:45,STABLE BEAMS,6800,480217.118986399,459740.420156945,62.6,HFET
386618:10201,229:229,10/06/24 08:33:08,STABLE BEAMS,6800,479886.670044648,460045.145654008,62.6,HFET
386618:10201,230:230,10/06/24 08:33:32,STABLE BEAMS,6800,479158.982116991,459502.076765402,62.5,HFET
386618:10201,231:231,10/06/24 08:33:55,STABLE BEAMS,6800,479184.479447123,458771.656814440,62.5,HFET
386618:10201,232:232,10/06/24 08:34:18,STABLE BEAMS,6800,479452.369251120,431840.786033665,62.5,HFET
386618:10201,233:233,10/06/24 08:34:42,STABLE BEAMS,6800,479235.471776310,416505.799355535,62.5,HFET
386618:10201,234:234,10/06/24 08:35:05,STABLE BEAMS,6800,478974.544902016,430960.076827968,62.5,HFET
386618:10201,235:235,10/06/24 08:35:28,STABLE BEAMS,6800,478593.924170501,459169.716339767,62.5,HFET
386618:10201,236:236,10/06/24 08:35:52,STABLE BEAMS,6800,478232.059291815,290371.560838738,62.4,HFET
386618:10201,237:237,10/06/24 08:36:15,STABLE BEAMS,6800,478185.712800894,457588.634777313,62.4,HFET
386618:10201,238:238,10/06/24 08:36:38,STABLE BEAMS,6800,477978.419367055,458685.152844438,62.3,HFET
386618:10201,239:239,10/06/24 08:37:02,STABLE BEAMS,6800,477175.106609982,458228.133365642,62.3,HFET
386618:10201,240:240,10/06/24 08:37:25,STABLE BEAMS,6800,476689.997642423,458270.155707048,62.2,HFET
386618:10201,241:241,10/06/24 08:37:48,STABLE BEAMS,6800,477020.490874655,457551.393476692,62.1,HFET
386618:10201,242:242,10/06/24 08:38:11,STABLE BEAMS,6800,476813.516798489,456795.795553270,62.2,HFET
386618:10201,243:243,10/06/24 08:38:35,STABLE BEAMS,6800,476009.341542591,457011.100901872,62.1,HFET
386618:10201,244:244,10/06/24 08:38:58,STABLE BEAMS,6800,475809.423639245,456211.114592971,62.1,HFET
386618:10201,245:245,10/06/24 08:39:21,STABLE BEAMS,6800,476106.726984256,456898.234771835,62.1,HFET
386618:10201,246:246,10/06/24 08:39:45,STABLE BEAMS,6800,475689.319512311,456785.324351318,62.1,HFET
386618:10201,247:247,10/06/24 08:40:08,STABLE BEAMS,6800,475111.785636870,456920.044336721,62.0,HFET
386618:10201,248:248,10/06/24 08:40:31,STABLE BEAMS,6800,475006.204125289,454694.501321075,61.9,HFET
386618:10201,249:249,10/06/24 08:40:55,STABLE BEAMS,6800,475106.184056663,450345.357988755,62.0,HFET
386618:10201,250:250,10/06/24 08:41:18,STABLE BEAMS,6800,474838.019185473,456687.253572749,62.0,HFET
386618:10201,251:251,10/06/24 08:41:41,STABLE BEAMS,6800,474577.003730219,425234.138276535,61.9,HFET
386618:10201,252:252,10/06/24 08:42:05,STABLE BEAMS,6800,474138.513989695,338375.238353161,61.9,HFET
386618:10201,253:253,10/06/24 08:42:28,STABLE BEAMS,6800,473786.120280540,456097.700659626,61.8,HFET
386618:10201,254:254,10/06/24 08:42:51,STABLE BEAMS,6800,473525.149115766,454860.590621854,61.8,HFET
386618:10201,255:255,10/06/24 08:43:14,STABLE BEAMS,6800,473159.962451064,455204.105255267,61.7,HFET
386618:10201,256:256,10/06/24 08:43:38,STABLE BEAMS,6800,472057.891756368,454331.090937737,61.7,HFET
386618:10201,257:257,10/06/24 08:44:01,STABLE BEAMS,6800,471842.448874170,455041.023044987,61.6,HFET
386618:10201,258:258,10/06/24 08:44:24,STABLE BEAMS,6800,472406.595369199,453664.819919661,61.6,HFET
386618:10201,259:259,10/06/24 08:44:48,STABLE BEAMS,6800,471985.681956084,453507.973342778,61.6,HFET
386618:10201,260:260,10/06/24 08:45:11,STABLE BEAMS,6800,471617.672356038,451901.669517384,61.5,HFET
386618:10201,261:261,10/06/24 08:45:34,STABLE BEAMS,6800,471513.410234551,453193.051710956,61.5,HFET
386618:10201,262:262,10/06/24 08:45:58,STABLE BEAMS,6800,471810.578377044,451989.084938847,61.5,HFET
386618:10201,263:263,10/06/24 08:46:21,STABLE BEAMS,6800,471577.288762400,447629.468073497,61.5,HFET
386618:10201,264:264,10/06/24 08:46:44,STABLE BEAMS,6800,471079.293596178,453005.381290927,61.5,HFET
386618:10201,265:265,10/06/24 08:47:08,STABLE BEAMS,6800,470931.006737365,452832.417641404,61.4,HFET
386618:10201,266:266,10/06/24 08:47:31,STABLE BEAMS,6800,471473.982382855,453154.031797893,61.5,HFET
386618:10201,267:267,10/06/24 08:47:54,STABLE BEAMS,6800,470516.147133571,445068.970142508,61.4,HFET
386618:10201,268:268,10/06/24 08:48:18,STABLE BEAMS,6800,469877.058814953,444775.310272264,61.3,HFET
386618:10201,269:269,10/06/24 08:48:41,STABLE BEAMS,6800,468778.128082195,443492.487796761,61.3,HFET
386618:10201,270:270,10/06/24 08:49:04,STABLE BEAMS,6800,467764.883111094,443300.675051293,61.0,HFET
386618:10201,271:271,10/06/24 08:49:27,STABLE BEAMS,6800,466414.223937459,443020.719588056,61.0,HFET
386618:10201,272:272,10/06/24 08:49:51,STABLE BEAMS,6800,465644.376134800,442690.543382420,60.7,HFET
386618:10201,273:273,10/06/24 08:50:14,STABLE BEAMS,6800,466614.505488958,442689.541018920,60.7,HFET
386618:10201,274:274,10/06/24 08:50:37,STABLE BEAMS,6800,466613.092855747,443359.544092723,60.9,HFET
386618:10201,275:275,10/06/24 08:51:01,STABLE BEAMS,6800,466041.342384590,436509.135518998,60.8,HFET
386618:10201,276:276,10/06/24 08:51:24,STABLE BEAMS,6800,466032.281484771,443006.241263184,60.8,HFET
386618:10201,277:277,10/06/24 08:51:47,STABLE BEAMS,6800,467240.936054549,443411.538785409,61.0,HFET
386618:10201,278:278,10/06/24 08:52:11,STABLE BEAMS,6800,467100.434995940,442705.977449233,60.9,HFET
386618:10201,279:279,10/06/24 08:52:34,STABLE BEAMS,6800,467232.285424441,443455.838589928,60.9,HFET
386618:10201,280:280,10/06/24 08:52:57,STABLE BEAMS,6800,467047.256115678,443389.456484409,60.9,HFET
386618:10201,281:281,10/06/24 08:53:21,STABLE BEAMS,6800,466797.257334607,443334.230917746,60.9,HFET
386618:10201,282:282,10/06/24 08:53:44,STABLE BEAMS,6800,466315.197416948,443105.766634367,60.9,HFET
386618:10201,283:283,10/06/24 08:54:07,STABLE BEAMS,6800,465797.490655956,442158.584411112,60.7,HFET
386618:10201,284:284,10/06/24 08:54:30,STABLE BEAMS,6800,466015.117758152,442774.954044462,60.7,HFET
386618:10201,285:285,10/06/24 08:54:54,STABLE BEAMS,6800,466122.338017501,441969.410445833,60.8,HFET
386618:10201,286:286,10/06/24 08:55:17,STABLE BEAMS,6800,465927.655715131,442640.052234983,60.8,HFET
386618:10201,287:287,10/06/24 08:55:40,STABLE BEAMS,6800,465603.673183489,442846.662662996,60.7,HFET
386618:10201,288:288,10/06/24 08:56:04,STABLE BEAMS,6800,465018.309217363,436308.443697787,60.7,HFET
386618:10201,289:289,10/06/24 08:56:27,STABLE BEAMS,6800,464523.500634639,441448.197743671,60.6,HFET
386618:10201,290:290,10/06/24 08:56:50,STABLE BEAMS,6800,464459.850552424,442188.042242606,60.6,HFET
386618:10201,291:291,10/06/24 08:57:14,STABLE BEAMS,6800,464037.843863772,441859.185427064,60.6,HFET
386618:10201,292:292,10/06/24 08:57:37,STABLE BEAMS,6800,463369.707983371,441735.165089249,60.5,HFET
386618:10201,293:293,10/06/24 08:58:00,STABLE BEAMS,6800,463224.106526305,440887.326413100,60.4,HFET
386618:10201,294:294,10/06/24 08:58:24,STABLE BEAMS,6800,463335.105462939,441440.183497832,60.4,HFET
386618:10201,295:295,10/06/24 08:58:47,STABLE BEAMS,6800,463191.919002584,441071.355689441,60.4,HFET
386618:10201,296:296,10/06/24 08:59:10,STABLE BEAMS,6800,463101.953381892,440896.569136996,60.4,HFET
386618:10201,297:297,10/06/24 08:59:34,STABLE BEAMS,6800,462845.625724307,441514.624139671,60.4,HFET
386618:10201,298:298,10/06/24 08:59:57,STABLE BEAMS,6800,463187.457319472,440630.180547170,60.4,HFET
386618:10201,299:299,10/06/24 09:00:20,STABLE BEAMS,6800,462369.165055778,440777.602576080,60.3,HFET
386618:10201,300:300,10/06/24 09:00:43,STABLE BEAMS,6800,462101.501366337,440117.343407923,60.3,HFET
386618:10201,301:301,10/06/24 09:01:07,STABLE BEAMS,6800,461954.762343253,434597.150454600,60.3,HFET
386618:10201,302:302,10/06/24 09:01:30,STABLE BEAMS,6800,461741.095742420,440328.368897489,60.2,HFET
386618:10201,303:303,10/06/24 09:01:53,STABLE BEAMS,6800,460788.358560516,439486.950009893,60.2,HFET
386618:10201,304:304,10/06/24 09:02:17,STABLE BEAMS,6800,460660.967484049,439546.138408996,60.1,HFET
386618:10201,305:305,10/06/24 09:02:40,STABLE BEAMS,6800,460957.179884600,439904.905285146,60.1,HFET
386618:10201,306:306,10/06/24 09:03:03,STABLE BEAMS,6800,460749.567093088,439064.488761048,60.1,HFET
386618:10201,307:307,10/06/24 09:03:27,STABLE BEAMS,6800,460438.013868839,438763.814677386,60.1,HFET
386618:10201,308:308,10/06/24 09:03:50,STABLE BEAMS,6800,460143.214101499,439508.941398855,60.0,HFET
386618:10201,309:309,10/06/24 09:04:13,STABLE BEAMS,6800,459661.746277629,438926.398036995,60.0,HFET
386618:10201,310:310,10/06/24 09:04:37,STABLE BEAMS,6800,459845.773222891,438533.758267797,59.9,HFET
386618:10201,311:311,10/06/24 09:05:00,STABLE BEAMS,6800,459841.721809491,439232.079275999,60.0,HFET
386618:10201,312:312,10/06/24 09:05:23,STABLE BEAMS,6800,459413.658980440,438299.284465578,60.0,HFET
386618:10201,313:313,10/06/24 09:05:47,STABLE BEAMS,6800,459002.305317816,438707.859483338,59.9,HFET
386618:10201,314:314,10/06/24 09:06:10,STABLE BEAMS,6800,458788.137535233,432433.527861363,59.8,HFET
386618:10201,315:315,10/06/24 09:06:33,STABLE BEAMS,6800,458493.111653335,437731.494495783,59.8,HFET
386618:10201,316:316,10/06/24 09:06:56,STABLE BEAMS,6800,457626.514793280,437646.582651991,59.8,HFET
386618:10201,317:317,10/06/24 09:07:20,STABLE BEAMS,6800,457251.311486817,437317.317897815,59.7,HFET
386618:10201,318:318,10/06/24 09:07:43,STABLE BEAMS,6800,457445.993789187,437476.166870619,59.7,HFET
386618:10201,319:319,10/06/24 09:08:06,STABLE BEAMS,6800,456936.979617705,437240.919150535,59.6,HFET
386618:10201,320:320,10/06/24 09:08:30,STABLE BEAMS,6800,456084.224698253,436967.565299926,59.5,HFET
386618:10201,321:321,10/06/24 09:08:53,STABLE BEAMS,6800,456112.999523921,436779.575522224,59.5,HFET
386618:10201,322:322,10/06/24 09:09:16,STABLE BEAMS,6800,456630.661994433,436564.407707219,59.6,HFET
386618:10201,323:323,10/06/24 09:09:40,STABLE BEAMS,6800,456426.692677687,436988.372501312,59.5,HFET
386618:10201,324:324,10/06/24 09:10:03,STABLE BEAMS,6800,456239.751885042,436745.292359465,59.5,HFET
386618:10201,325:325,10/06/24 09:10:26,STABLE BEAMS,6800,456036.691688679,435365.767448124,59.5,HFET
386618:10201,326:326,10/06/24 09:10:50,STABLE BEAMS,6800,455888.178715309,435246.982711285,59.5,HFET
386618:10201,327:327,10/06/24 09:11:13,STABLE BEAMS,6800,455692.221313325,430255.198497619,59.4,HFET
386618:10201,328:328,10/06/24 09:11:36,STABLE BEAMS,6800,455476.142046859,433893.227866191,59.4,HFET
386618:10201,329:329,10/06/24 09:12:00,STABLE BEAMS,6800,455091.786928538,436113.761395417,59.4,HFET
386618:10201,330:330,10/06/24 09:12:23,STABLE BEAMS,6800,454966.764227224,436410.064708007,59.3,HFET
386618:10201,331:331,10/06/24 09:12:46,STABLE BEAMS,6800,454823.258409195,436201.041614361,59.3,HFET
386618:10201,332:332,10/06/24 09:13:09,STABLE BEAMS,6800,454471.864732461,435859.664579388,59.3,HFET
386618:10201,333:333,10/06/24 09:13:33,STABLE BEAMS,6800,453758.291481523,435295.380550762,59.2,HFET
386618:10201,334:334,10/06/24 09:13:56,STABLE BEAMS,6800,453546.081804380,434794.336334640,59.2,HFET
386618:10201,335:335,10/06/24 09:14:19,STABLE BEAMS,6800,453549.405921474,434807.492938340,59.2,HFET
386618:10201,336:336,10/06/24 09:14:43,STABLE BEAMS,6800,453334.373308987,434531.999158214,59.1,HFET
386618:10201,337:337,10/06/24 09:15:06,STABLE BEAMS,6800,452853.770315020,434322.017991549,59.1,HFET
386618:10201,338:338,10/06/24 09:15:29,STABLE BEAMS,6800,452549.091439515,434607.439832475,59.0,HFET
386618:10201,339:339,10/06/24 09:15:53,STABLE BEAMS,6800,452694.919011138,434674.367410225,59.0,HFET
386618:10201,340:340,10/06/24 09:16:16,STABLE BEAMS,6800,452286.663351051,428372.580352676,59.1,HFET
386618:10201,341:341,10/06/24 09:16:39,STABLE BEAMS,6800,451930.535255090,434182.381762844,58.9,HFET
386618:10201,342:342,10/06/24 09:17:03,STABLE BEAMS,6800,451812.706260192,433647.098674443,58.9,HFET
386618:10201,343:343,10/06/24 09:17:26,STABLE BEAMS,6800,451423.071250416,433053.767084035,58.9,HFET
386618:10201,344:344,10/06/24 09:17:49,STABLE BEAMS,6800,450491.414006013,431182.804328621,58.8,HFET
386618:10201,345:345,10/06/24 09:18:12,STABLE BEAMS,6800,450091.077017571,426689.968692040,58.7,HFET
386618:10201,346:346,10/06/24 09:18:36,STABLE BEAMS,6800,450402.905309013,431939.357993984,58.8,HFET
386618:10201,347:347,10/06/24 09:18:59,STABLE BEAMS,6800,450027.338354397,363180.434157925,58.7,HFET
386618:10201,348:348,10/06/24 09:19:22,STABLE BEAMS,6800,449514.000033400,432502.548747071,58.6,HFET
386618:10201,349:349,10/06/24 09:19:46,STABLE BEAMS,6800,449544.003337124,432344.154334459,58.6,HFET
386618:10201,350:350,10/06/24 09:20:09,STABLE BEAMS,6800,450032.254597700,432856.261846322,58.7,HFET
386618:10201,351:351,10/06/24 09:20:32,STABLE BEAMS,6800,449898.672178315,432694.135377983,58.7,HFET
386618:10201,352:352,10/06/24 09:20:56,STABLE BEAMS,6800,449826.418087551,432729.374282683,58.7,HFET
386618:10201,353:353,10/06/24 09:21:19,STABLE BEAMS,6800,449584.615376396,425560.034623137,58.7,HFET
386618:10201,354:354,10/06/24 09:21:42,STABLE BEAMS,6800,449432.547509220,431633.811957498,58.6,HFET
386618:10201,355:355,10/06/24 09:22:06,STABLE BEAMS,6800,448898.222493838,432010.427897172,58.6,HFET
386618:10201,356:356,10/06/24 09:22:29,STABLE BEAMS,6800,448652.820598397,431141.280837888,58.5,HFET
386618:10201,357:357,10/06/24 09:22:52,STABLE BEAMS,6800,448556.710256346,431902.296186362,58.5,HFET
386618:10201,358:358,10/06/24 09:23:16,STABLE BEAMS,6800,448199.899154559,431698.282579136,58.5,HFET
386618:10201,359:359,10/06/24 09:23:39,STABLE BEAMS,6800,447224.900178656,430825.494376163,58.3,HFET
386618:10201,360:360,10/06/24 09:24:02,STABLE BEAMS,6800,447267.467992292,430897.338197215,58.3,HFET
386618:10201,361:361,10/06/24 09:24:25,STABLE BEAMS,6800,447325.246089262,430281.150387942,58.4,HFET
386618:10201,362:362,10/06/24 09:24:49,STABLE BEAMS,6800,446937.385029771,430590.973952385,58.3,HFET
386618:10201,363:363,10/06/24 09:25:12,STABLE BEAMS,6800,446428.508391886,430008.477212083,58.2,HFET
386618:10201,364:364,10/06/24 09:25:35,STABLE BEAMS,6800,446506.226529261,430203.021980856,58.2,HFET
386618:10201,365:365,10/06/24 09:25:59,STABLE BEAMS,6800,446687.978342488,430338.562505681,58.3,HFET
386618:10201,366:366,10/06/24 09:26:22,STABLE BEAMS,6800,446289.417635410,424039.826829111,58.3,HFET
386618:10201,367:367,10/06/24 09:26:45,STABLE BEAMS,6800,445889.992098430,428524.601598294,58.1,HFET
386618:10201,368:368,10/06/24 09:27:09,STABLE BEAMS,6800,446199.727081912,430164.323756544,58.1,HFET
386618:10201,369:369,10/06/24 09:27:32,STABLE BEAMS,6800,446121.053202596,429949.335434538,58.2,HFET
386618:10201,370:370,10/06/24 09:27:55,STABLE BEAMS,6800,445755.409646624,429198.928821613,58.2,HFET
386618:10201,371:371,10/06/24 09:28:19,STABLE BEAMS,6800,445510.282818376,429396.706795441,58.1,HFET
386618:10201,372:372,10/06/24 09:28:42,STABLE BEAMS,6800,445353.254417416,428757.299119150,58.1,HFET
386618:10201,373:373,10/06/24 09:29:05,STABLE BEAMS,6800,444863.317787514,429061.796170578,58.0,HFET
386618:10201,374:374,10/06/24 09:29:29,STABLE BEAMS,6800,443857.175610792,428212.864218891,57.9,HFET
386618:10201,375:375,10/06/24 09:29:52,STABLE BEAMS,6800,443677.290990967,428068.402658921,57.9,HFET
386618:10201,376:376,10/06/24 09:30:15,STABLE BEAMS,6800,443837.415063385,427873.265796360,57.9,HFET
386618:10201,377:377,10/06/24 09:30:38,STABLE BEAMS,6800,443675.151061450,427255.210793685,57.9,HFET
386618:10201,378:378,10/06/24 09:31:02,STABLE BEAMS,6800,443135.723316533,426979.122588693,57.8,HFET
386618:10201,379:379,10/06/24 09:31:25,STABLE BEAMS,6800,443003.553530359,420527.181478929,57.8,HFET
386618:10201,380:380,10/06/24 09:31:48,STABLE BEAMS,6800,443184.349601645,427250.157016785,57.8,HFET
386618:10201,381:381,10/06/24 09:32:12,STABLE BEAMS,6800,442873.523673703,427215.873854026,57.8,HFET
386618:10201,382:382,10/06/24 09:32:35,STABLE BEAMS,6800,442539.659702819,426965.965984993,57.7,HFET
386618:10201,383:383,10/06/24 09:32:58,STABLE BEAMS,6800,442487.984367806,426808.254578208,57.7,HFET
386618:10201,384:384,10/06/24 09:33:22,STABLE BEAMS,6800,442536.519740880,426645.351860926,57.7,HFET
386618:10201,385:385,10/06/24 09:33:45,STABLE BEAMS,6800,442245.225914710,426508.673770083,57.7,HFET
386618:10201,386:386,10/06/24 09:34:08,STABLE BEAMS,6800,442085.146132772,426361.797213402,57.7,HFET
386618:10201,387:387,10/06/24 09:34:32,STABLE BEAMS,6800,441491.313360615,425991.421569282,57.6,HFET
386618:10201,388:388,10/06/24 09:34:55,STABLE BEAMS,6800,441233.801515453,425960.826171770,57.6,HFET
386618:10201,389:389,10/06/24 09:35:18,STABLE BEAMS,6800,441617.837276101,426355.151310293,57.6,HFET
386618:10201,390:390,10/06/24 09:35:41,STABLE BEAMS,6800,440781.973347153,424436.110073075,57.5,HFET
386618:10201,391:391,10/06/24 09:36:05,STABLE BEAMS,6800,439828.324713788,424714.107430871,57.4,HFET
386618:10201,392:392,10/06/24 09:36:28,STABLE BEAMS,6800,439778.106302467,418658.132538475,57.3,HFET
386618:10201,393:393,10/06/24 09:36:51,STABLE BEAMS,6800,440429.989907709,425142.125969443,57.4,HFET
386618:10201,394:394,10/06/24 09:37:15,STABLE BEAMS,6800,440242.319487679,423480.048774078,57.4,HFET
386618:10201,395:395,10/06/24 09:37:38,STABLE BEAMS,6800,440029.107447037,418213.952636784,57.4,HFET
386618:10201,396:396,10/06/24 09:38:01,STABLE BEAMS,6800,439794.360908703,418760.161487329,57.4,HFET
386618:10201,397:397,10/06/24 09:38:25,STABLE BEAMS,6800,439608.648594114,418088.428753719,57.3,HFET
386618:10201,398:398,10/06/24 09:38:48,STABLE BEAMS,6800,439193.653787802,418170.016480418,57.3,HFET
386618:10201,399:399,10/06/24 09:39:11,STABLE BEAMS,6800,438967.056697825,418059.609637572,57.3,HFET
386618:10201,400:400,10/06/24 09:39:35,STABLE BEAMS,6800,438808.023569867,417792.400508323,57.3,HFET
386618:10201,401:401,10/06/24 09:39:58,STABLE BEAMS,6800,438481.535129477,416558.204317933,57.2,HFET
386618:10201,402:402,10/06/24 09:40:21,STABLE BEAMS,6800,437552.292881784,416562.073907256,57.2,HFET
386618:10201,403:403,10/06/24 09:40:45,STABLE BEAMS,6800,437443.249719513,417152.582562320,57.0,HFET
386618:10201,404:404,10/06/24 09:41:08,STABLE BEAMS,6800,437700.216092444,416193.791571095,57.1,HFET
386618:10201,405:405,10/06/24 09:41:31,STABLE BEAMS,6800,437406.873248795,411114.316868774,57.1,HFET
386618:10201,406:406,10/06/24 09:41:54,STABLE BEAMS,6800,436951.993699516,416783.936578006,57.0,HFET
386618:10201,407:407,10/06/24 09:42:18,STABLE BEAMS,6800,436866.583005053,417312.708965816,57.0,HFET
386618:10201,408:408,10/06/24 09:42:41,STABLE BEAMS,6800,436606.567582221,416132.143884802,57.0,HFET
386618:10201,409:409,10/06/24 09:43:04,STABLE BEAMS,6800,436263.507508999,416226.799634240,56.9,HFET
386618:10201,410:410,10/06/24 09:43:28,STABLE BEAMS,6800,435857.161001717,415185.462843297,56.8,HFET
386618:10201,411:411,10/06/24 09:43:51,STABLE BEAMS,6800,435859.620288907,416526.606556921,56.9,HFET
386618:10201,412:412,10/06/24 09:44:14,STABLE BEAMS,6800,435794.650816598,416526.424732845,56.8,HFET
386618:10201,413:413,10/06/24 09:44:38,STABLE BEAMS,6800,435559.813366226,415682.136288346,56.8,HFET
386618:10201,414:414,10/06/24 09:45:01,STABLE BEAMS,6800,435128.153683966,416073.549910565,56.8,HFET
386618:10201,415:415,10/06/24 09:45:24,STABLE BEAMS,6800,435397.547033212,416346.631025058,56.7,HFET
386618:10201,416:416,10/06/24 09:45:48,STABLE BEAMS,6800,435388.304309316,416078.785511541,56.8,HFET
386618:10201,417:417,10/06/24 09:46:11,STABLE BEAMS,6800,434731.413548732,414890.481251880,56.8,HFET
386618:10201,418:418,10/06/24 09:46:34,STABLE BEAMS,6800,434467.393334058,409246.039515107,56.7,HFET
386618:10201,419:419,10/06/24 09:46:57,STABLE BEAMS,6800,434829.894597013,414262.638053079,56.7,HFET
386618:10201,420:420,10/06/24 09:47:21,STABLE BEAMS,6800,434451.047815784,414524.884317467,56.7,HFET
386618:10201,421:421,10/06/24 09:47:44,STABLE BEAMS,6800,433931.336327793,414942.203208451,56.6,HFET
386618:10201,422:422,10/06/24 09:48:07,STABLE BEAMS,6800,434257.139431279,415055.705722756,56.6,HFET
386618:10201,423:423,10/06/24 09:48:31,STABLE BEAMS,6800,433206.881605191,414353.013943482,56.5,HFET
386618:10201,424:424,10/06/24 09:48:54,STABLE BEAMS,6800,433192.629394876,414327.062053158,56.5,HFET
386618:10201,425:425,10/06/24 09:49:17,STABLE BEAMS,6800,433067.744227158,414293.781253899,56.5,HFET
386618:10201,426:426,10/06/24 09:49:41,STABLE BEAMS,6800,432627.799894021,412816.323097585,56.5,HFET
386618:10201,427:427,10/06/24 09:50:04,STABLE BEAMS,6800,432210.662827113,413072.331397497,56.4,HFET
386618:10201,428:428,10/06/24 09:50:27,STABLE BEAMS,6800,432289.928800218,413744.474400818,56.3,HFET
386618:10201,429:429,10/06/24 09:50:51,STABLE BEAMS,6800,432204.609017792,412543.559009687,56.4,HFET
386618:10201,430:430,10/06/24 09:51:14,STABLE BEAMS,6800,431886.225735280,412301.574474455,56.4,HFET
386618:10201,431:431,10/06/24 09:51:37,STABLE BEAMS,6800,431663.633437146,407629.628135914,56.3,HFET
386618:10201,432:432,10/06/24 09:52:01,STABLE BEAMS,6800,431735.752325391,413294.739540477,56.3,HFET
386618:10201,433:433,10/06/24 09:52:24,STABLE BEAMS,6800,431538.384621274,413517.786398803,56.3,HFET
386618:10201,434:434,10/06/24 09:52:47,STABLE BEAMS,6800,430735.437843433,412594.141069162,56.2,HFET
386618:10201,435:435,10/06/24 09:53:10,STABLE BEAMS,6800,430499.460495964,412535.728919002,56.2,HFET
386618:10201,436:436,10/06/24 09:53:34,STABLE BEAMS,6800,430425.521035874,412600.971127425,56.2,HFET
386618:10201,437:437,10/06/24 09:53:57,STABLE BEAMS,6800,427742.277866685,410439.670287783,55.9,HFET
386618:10201,438:438,10/06/24 09:54:20,STABLE BEAMS,6800,425922.946155803,409157.577439665,55.6,HFET
386618:10201,439:439,10/06/24 09:54:44,STABLE BEAMS,6800,424450.495154831,408086.920350825,55.5,HFET
386618:10201,440:440,10/06/24 09:55:07,STABLE BEAMS,6800,423153.240976014,407388.326606509,55.3,HFET
386618:10201,441:441,10/06/24 09:55:30,STABLE BEAMS,6800,422420.317447382,405928.670892160,55.2,HFET
386618:10201,442:442,10/06/24 09:55:54,STABLE BEAMS,6800,421631.576258297,405979.572309309,55.0,HFET
386618:10201,443:443,10/06/24 09:56:17,STABLE BEAMS,6800,422086.956989326,406268.225024212,55.0,HFET
386618:10201,444:444,10/06/24 09:56:40,STABLE BEAMS,6800,422172.596129424,400546.475419775,55.1,HFET
386618:10201,445:445,10/06/24 09:57:04,STABLE BEAMS,6800,421758.557065053,405275.514518382,55.0,HFET
386618:10201,446:446,10/06/24 09:57:27,STABLE BEAMS,6800,421576.350691634,405184.546534191,55.0,HFET
386618:10201,447:447,10/06/24 09:57:50,STABLE BEAMS,6800,421778.998287208,405592.666991759,54.9,HFET
386618:10201,448:448,10/06/24 09:58:14,STABLE BEAMS,6800,421623.881370131,405628.773057440,55.0,HFET
386618:10201,449:449,10/06/24 09:58:37,STABLE BEAMS,6800,421023.356073306,404173.623316684,54.9,HFET
386618:10201,450:450,10/06/24 09:59:00,STABLE BEAMS,6800,420917.774561725,405725.111845126,54.9,HFET
386618:10201,451:451,10/06/24 09:59:23,STABLE BEAMS,6800,421227.689038205,405522.552830513,54.9,HFET
386618:10201,452:452,10/06/24 09:59:47,STABLE BEAMS,6800,420916.089192399,405534.709401791,54.9,HFET
386618:10201,453:453,10/06/24 10:00:10,STABLE BEAMS,6800,420496.222433264,404391.798222187,54.9,HFET
386618:10201,454:454,10/06/24 10:00:33,STABLE BEAMS,6800,420381.444819344,405332.197008736,54.8,HFET
386618:10201,455:455,10/06/24 10:00:57,STABLE BEAMS,6800,420333.412959098,404339.258057271,54.8,HFET
386618:10201,456:456,10/06/24 10:01:20,STABLE BEAMS,6800,419913.772314519,401014.329748676,54.8,HFET
386618:10201,457:457,10/06/24 10:01:43,STABLE BEAMS,6800,419359.686751732,394715.684984145,54.7,HFET
386618:10201,458:458,10/06/24 10:02:07,STABLE BEAMS,6800,419344.751535590,198859.794216372,54.7,HFET
386618:10201,459:459,10/06/24 10:02:30,STABLE BEAMS,6800,419097.985959574,400523.255552756,54.7,HFET
386618:10201,460:460,10/06/24 10:02:53,STABLE BEAMS,6800,418513.806181024,399520.299959531,54.6,HFET
386618:10201,461:461,10/06/24 10:03:17,STABLE BEAMS,6800,418033.475923171,399777.401534981,54.5,HFET
386618:10201,462:462,10/06/24 10:03:40,STABLE BEAMS,6800,418244.683236814,399845.469009826,54.5,HFET
386618:10201,463:463,10/06/24 10:04:03,STABLE BEAMS,6800,418078.412111959,399726.183091238,54.5,HFET
386618:10201,464:464,10/06/24 10:04:26,STABLE BEAMS,6800,417505.477453226,399424.007793404,54.5,HFET
386618:10201,465:465,10/06/24 10:04:50,STABLE BEAMS,6800,417218.554398128,398781.959005845,54.4,HFET
386618:10201,466:466,10/06/24 10:05:13,STABLE BEAMS,6800,417775.644720337,398987.704603955,54.4,HFET
386618:10201,467:467,10/06/24 10:05:36,STABLE BEAMS,6800,417680.809477901,398954.239649542,54.5,HFET
386618:10201,468:468,10/06/24 10:06:00,STABLE BEAMS,6800,417569.810541266,399686.981354098,54.5,HFET
386618:10201,469:469,10/06/24 10:06:23,STABLE BEAMS,6800,417385.189171137,399304.267314623,54.4,HFET
386618:10201,470:470,10/06/24 10:06:46,STABLE BEAMS,6800,417006.435633024,393313.714123650,54.4,HFET
386618:10201,471:471,10/06/24 10:07:10,STABLE BEAMS,6800,416842.213525648,399144.005708608,54.4,HFET
386618:10201,472:472,10/06/24 10:07:33,STABLE BEAMS,6800,416623.308992760,398569.294768511,54.3,HFET
386618:10201,473:473,10/06/24 10:07:56,STABLE BEAMS,6800,416223.156159473,398507.693703776,54.3,HFET
386618:10201,474:474,10/06/24 10:08:20,STABLE BEAMS,6800,415718.925359854,398308.549718295,54.2,HFET
386618:10201,475:475,10/06/24 10:08:43,STABLE BEAMS,6800,415649.447582875,397014.391210937,54.2,HFET
386618:10201,476:476,10/06/24 10:09:06,STABLE BEAMS,6800,415562.169695009,398230.969114516,54.2,HFET
386618:10201,477:477,10/06/24 10:09:30,STABLE BEAMS,6800,415134.426223631,397799.948147602,54.2,HFET
386618:10201,478:478,10/06/24 10:09:53,STABLE BEAMS,6800,414829.609814530,395940.685072197,54.1,HFET
386618:10201,479:479,10/06/24 10:10:16,STABLE BEAMS,6800,415013.956117466,396947.692078822,54.1,HFET
386618:10201,480:480,10/06/24 10:10:39,STABLE BEAMS,6800,414863.620241173,397158.263008197,54.1,HFET
386618:10201,481:481,10/06/24 10:11:03,STABLE BEAMS,6800,414141.303117011,396514.393648795,54.0,HFET
386618:10201,482:482,10/06/24 10:11:26,STABLE BEAMS,6800,414048.379358457,396810.969697499,54.0,HFET
386618:10201,483:483,10/06/24 10:11:49,STABLE BEAMS,6800,415264.456080287,392222.205542944,54.1,HFET
386618:10201,484:484,10/06/24 10:12:13,STABLE BEAMS,6800,414486.001938000,397357.908175428,54.1,HFET
386618:10201,485:485,10/06/24 10:12:36,STABLE BEAMS,6800,414206.911304666,397167.186374420,54.0,HFET
386618:10201,486:486,10/06/24 10:12:59,STABLE BEAMS,6800,413814.360116429,396664.911349164,54.0,HFET
386618:10201,487:487,10/06/24 10:13:23,STABLE BEAMS,6800,413400.549497693,396441.911112396,53.9,HFET
386618:10201,488:488,10/06/24 10:13:46,STABLE BEAMS,6800,413450.858821053,396659.493924111,53.9,HFET
386618:10201,489:489,10/06/24 10:14:09,STABLE BEAMS,6800,413463.789310196,396389.508481076,53.9,HFET
386618:10201,490:490,10/06/24 10:14:33,STABLE BEAMS,6800,412948.947443950,396086.605886936,53.9,HFET
386618:10201,491:491,10/06/24 10:14:56,STABLE BEAMS,6800,412525.302007530,395324.951823115,53.8,HFET
386618:10201,492:492,10/06/24 10:15:19,STABLE BEAMS,6800,412433.061254802,395861.782747246,53.8,HFET
386618:10201,493:493,10/06/24 10:15:43,STABLE BEAMS,6800,412282.543554433,395286.071774727,53.8,HFET
386618:10201,494:494,10/06/24 10:16:06,STABLE BEAMS,6800,411686.386697604,394720.193288814,53.8,HFET
386618:10201,495:495,10/06/24 10:16:29,STABLE BEAMS,6800,411385.533120942,394662.142455729,53.7,HFET
386618:10201,496:496,10/06/24 10:16:52,STABLE BEAMS,6800,411704.235761128,388812.367721635,53.7,HFET
386618:10201,497:497,10/06/24 10:17:16,STABLE BEAMS,6800,411525.532997801,394313.119485225,53.7,HFET
386618:10201,498:498,10/06/24 10:17:39,STABLE BEAMS,6800,410852.753610212,394264.903469824,53.6,HFET
386618:10201,499:499,10/06/24 10:18:02,STABLE BEAMS,6800,410870.236694505,393772.600795848,53.5,HFET
386618:10201,500:500,10/06/24 10:18:26,STABLE BEAMS,6800,411278.949245862,394172.982074770,53.7,HFET
386618:10201,501:501,10/06/24 10:18:49,STABLE BEAMS,6800,411047.662027139,394016.499146040,53.6,HFET
386618:10201,502:502,10/06/24 10:19:12,STABLE BEAMS,6800,410739.796568137,394426.941357203,53.6,HFET
386618:10201,503:503,10/06/24 10:19:36,STABLE BEAMS,6800,410666.041263202,393951.072782462,53.6,HFET
386618:10201,504:504,10/06/24 10:19:59,STABLE BEAMS,6800,410598.929530298,393517.410704281,53.6,HFET
386618:10201,505:505,10/06/24 10:20:22,STABLE BEAMS,6800,410181.111788642,393225.433872284,53.5,HFET
386618:10201,506:506,10/06/24 10:20:46,STABLE BEAMS,6800,409928.336693785,393760.397603012,53.5,HFET
386618:10201,507:507,10/06/24 10:21:09,STABLE BEAMS,6800,409989.800224923,393805.016765204,53.5,HFET
386618:10201,508:508,10/06/24 10:21:32,STABLE BEAMS,6800,409804.952740238,393724.566604524,53.5,HFET
386618:10201,509:509,10/06/24 10:21:55,STABLE BEAMS,6800,409523.447110193,387233.197643063,53.4,HFET
386618:10201,510:510,10/06/24 10:22:19,STABLE BEAMS,6800,409326.580587826,392611.250790010,53.4,HFET
386618:10201,511:511,10/06/24 10:22:42,STABLE BEAMS,6800,409050.266268277,392847.181515921,53.4,HFET
386618:10201,512:512,10/06/24 10:23:05,STABLE BEAMS,6800,408656.624135581,392587.529741242,53.3,HFET
386618:10201,513:513,10/06/24 10:23:29,STABLE BEAMS,6800,407763.529912971,392116.213761651,53.2,HFET
386618:10201,514:514,10/06/24 10:23:52,STABLE BEAMS,6800,407698.103549393,391615.169545529,53.2,HFET
386618:10201,515:515,10/06/24 10:24:15,STABLE BEAMS,6800,407749.415236253,391337.761950442,53.2,HFET
386618:10201,516:516,10/06/24 10:24:39,STABLE BEAMS,6800,407268.084945979,391654.096215475,53.2,HFET
386618:10201,517:517,10/06/24 10:25:02,STABLE BEAMS,6800,407387.869715239,391743.423120821,53.1,HFET
386618:10201,518:518,10/06/24 10:25:25,STABLE BEAMS,6800,406293.174551036,390969.160256609,53.0,HFET
386618:10201,519:519,10/06/24 10:25:49,STABLE BEAMS,6800,405952.301028890,390103.747584129,52.9,HFET
386618:10201,520:520,10/06/24 10:26:12,STABLE BEAMS,6800,406575.680213502,391235.823913627,53.0,HFET
386618:10201,521:521,10/06/24 10:26:35,STABLE BEAMS,6800,406764.262084993,391374.275954757,53.1,HFET
386618:10201,522:522,10/06/24 10:26:59,STABLE BEAMS,6800,406436.636078585,385424.062066941,53.0,HFET
386618:10201,523:523,10/06/24 10:27:22,STABLE BEAMS,6800,406788.938875702,391302.977605934,53.0,HFET
386618:10201,524:524,10/06/24 10:27:45,STABLE BEAMS,6800,405525.466677895,390403.736330888,53.0,HFET
386618:10201,525:525,10/06/24 10:28:08,STABLE BEAMS,6800,404919.614868056,389974.354111741,52.8,HFET
386618:10201,526:526,10/06/24 10:28:32,STABLE BEAMS,6800,405665.604088350,390745.749750129,52.8,HFET
386618:10201,527:527,10/06/24 10:28:55,STABLE BEAMS,6800,405585.930176612,390625.417177561,52.9,HFET
386618:10201,528:528,10/06/24 10:29:18,STABLE BEAMS,6800,405319.767701343,390532.129770854,52.9,HFET
386618:10201,529:529,10/06/24 10:29:42,STABLE BEAMS,6800,405156.410423869,389711.972644835,52.8,HFET
386618:10201,530:530,10/06/24 10:30:05,STABLE BEAMS,6800,404841.122812816,390124.965055226,52.8,HFET
386618:10201,531:531,10/06/24 10:30:28,STABLE BEAMS,6800,404583.974615808,388709.744347916,52.8,HFET
386618:10201,532:532,10/06/24 10:30:52,STABLE BEAMS,6800,404586.888463190,388978.000131145,52.8,HFET
386618:10201,533:533,10/06/24 10:31:15,STABLE BEAMS,6800,404187.784614961,389515.332237024,52.7,HFET
386618:10201,534:534,10/06/24 10:31:38,STABLE BEAMS,6800,403740.916980444,387596.472823883,52.7,HFET
386618:10201,535:535,10/06/24 10:32:02,STABLE BEAMS,6800,403713.053606237,384656.172369723,52.6,HFET
386618:10201,536:536,10/06/24 10:32:25,STABLE BEAMS,6800,403611.707663211,387708.383211978,52.7,HFET
386618:10201,537:537,10/06/24 10:32:48,STABLE BEAMS,6800,403482.540305380,388868.730854316,52.6,HFET
386618:10201,538:538,10/06/24 10:33:12,STABLE BEAMS,6800,403254.623825309,388130.800170342,52.6,HFET
386618:10201,539:539,10/06/24 10:33:35,STABLE BEAMS,6800,403192.703402900,388050.669367335,52.6,HFET
386618:10201,540:540,10/06/24 10:33:58,STABLE BEAMS,6800,403068.729686643,388350.704735651,52.6,HFET
386618:10201,541:541,10/06/24 10:34:21,STABLE BEAMS,6800,402962.602702832,388430.014999236,52.6,HFET
386618:10201,542:542,10/06/24 10:34:45,STABLE BEAMS,6800,402811.036017405,388245.076602512,52.5,HFET
386618:10201,543:543,10/06/24 10:35:08,STABLE BEAMS,6800,402480.360961097,387027.407754473,52.5,HFET
386618:10201,544:544,10/06/24 10:35:31,STABLE BEAMS,6800,402283.356905133,387769.119446810,52.5,HFET
386618:10201,545:545,10/06/24 10:35:55,STABLE BEAMS,6800,401841.135108882,387043.979387304,52.4,HFET
386618:10201,546:546,10/06/24 10:36:18,STABLE BEAMS,6800,401330.027629441,386364.507475048,52.4,HFET
386618:10201,547:547,10/06/24 10:36:41,STABLE BEAMS,6800,400764.149143528,380578.040154716,52.3,HFET
386618:10201,548:548,10/06/24 10:37:05,STABLE BEAMS,6800,401115.039307435,386876.890054104,52.3,HFET
386618:10201,549:549,10/06/24 10:37:28,STABLE BEAMS,6800,401258.866814215,386458.979069331,52.3,HFET
386618:10201,550:550,10/06/24 10:37:51,STABLE BEAMS,6800,400987.650562046,386960.389264685,52.3,HFET
386618:10201,551:551,10/06/24 10:38:15,STABLE BEAMS,6800,400831.486990989,385978.103339249,52.3,HFET
386618:10201,552:552,10/06/24 10:38:38,STABLE BEAMS,6800,401085.401982942,386407.532179953,52.3,HFET
386618:10201,553:553,10/06/24 10:39:01,STABLE BEAMS,6800,401062.273027962,386323.804523737,52.3,HFET
386618:10201,554:554,10/06/24 10:39:24,STABLE BEAMS,6800,400743.432854181,386498.089894433,52.3,HFET
386618:10201,555:555,10/06/24 10:39:48,STABLE BEAMS,6800,400576.434433019,386464.944297692,52.2,HFET
386618:10201,556:556,10/06/24 10:40:11,STABLE BEAMS,6800,400313.048271535,386304.454246042,52.2,HFET
386618:10201,557:557,10/06/24 10:40:34,STABLE BEAMS,6800,399946.770662373,386158.034580632,52.2,HFET
386618:10201,558:558,10/06/24 10:40:58,STABLE BEAMS,6800,399412.534227952,385636.957080988,52.1,HFET
386618:10201,559:559,10/06/24 10:41:21,STABLE BEAMS,6800,399251.498704072,384368.659551916,52.1,HFET
386618:10201,560:560,10/06/24 10:41:44,STABLE BEAMS,6800,398939.898858266,379578.520570324,52.0,HFET
386618:10201,561:561,10/06/24 10:42:08,STABLE BEAMS,6800,398473.091183344,384185.178078883,52.0,HFET
386618:10201,562:562,10/06/24 10:42:31,STABLE BEAMS,6800,397760.019114156,384239.858173316,51.9,HFET
386618:10201,563:563,10/06/24 10:42:54,STABLE BEAMS,6800,398074.486185786,383846.623979253,51.8,HFET
386618:10201,564:564,10/06/24 10:43:18,STABLE BEAMS,6800,398556.909751598,384376.443021043,52.0,HFET
386618:10201,565:565,10/06/24 10:43:41,STABLE BEAMS,6800,398407.939886959,384758.476385769,52.0,HFET
386618:10201,566:566,10/06/24 10:44:04,STABLE BEAMS,6800,398295.208959440,384174.205695181,52.0,HFET
386618:10201,567:567,10/06/24 10:44:28,STABLE BEAMS,6800,398261.019039798,384589.062967897,51.9,HFET
386618:10201,568:568,10/06/24 10:44:51,STABLE BEAMS,6800,397884.631545759,384645.519343694,51.9,HFET
386618:10201,569:569,10/06/24 10:45:14,STABLE BEAMS,6800,397623.842205063,384205.938658711,51.9,HFET
386618:10201,570:570,10/06/24 10:45:37,STABLE BEAMS,6800,397556.275911967,384372.347317163,51.9,HFET
386618:10201,571:571,10/06/24 10:46:01,STABLE BEAMS,6800,397439.631104645,383794.494084049,51.8,HFET
386618:10201,572:572,10/06/24 10:46:24,STABLE BEAMS,6800,397093.384447927,383291.946322677,51.8,HFET
386618:10201,573:573,10/06/24 10:46:47,STABLE BEAMS,6800,396623.252655911,378197.652958109,51.8,HFET
386618:10201,574:574,10/06/24 10:47:11,STABLE BEAMS,6800,396321.123979635,383233.123902806,51.7,HFET
386618:10201,575:575,10/06/24 10:47:34,STABLE BEAMS,6800,396160.225989353,382659.095968535,51.7,HFET
386618:10201,576:576,10/06/24 10:47:57,STABLE BEAMS,6800,396058.332243018,382541.220352079,51.7,HFET
386618:10201,577:577,10/06/24 10:48:21,STABLE BEAMS,6800,395683.856232862,382494.554503485,51.6,HFET
386618:10201,578:578,10/06/24 10:48:44,STABLE BEAMS,6800,395453.252019965,382610.015123231,51.6,HFET
386618:10201,579:579,10/06/24 10:49:07,STABLE BEAMS,6800,394536.483370146,381699.871396819,51.5,HFET
386618:10201,580:580,10/06/24 10:49:31,STABLE BEAMS,6800,394344.397888563,381687.509690686,51.4,HFET
386618:10201,581:581,10/06/24 10:49:54,STABLE BEAMS,6800,393775.740757787,379961.418764953,51.4,HFET
386618:10201,582:582,10/06/24 10:50:17,STABLE BEAMS,6800,394130.775578210,381359.429124086,51.3,HFET
386618:10201,583:583,10/06/24 10:50:40,STABLE BEAMS,6800,394065.032188036,381425.011669884,51.4,HFET
386618:10201,584:584,10/06/24 10:51:04,STABLE BEAMS,6800,393224.478130343,380632.878762447,51.4,HFET
386618:10201,585:585,10/06/24 10:51:27,STABLE BEAMS,6800,392964.462707511,379839.060485685,51.3,HFET
386618:10201,586:586,10/06/24 10:51:50,STABLE BEAMS,6800,393921.251302815,375881.873916735,51.4,HFET
386618:10201,587:587,10/06/24 10:52:14,STABLE BEAMS,6800,393776.241939537,380527.707520577,51.4,HFET
386618:10201,588:588,10/06/24 10:52:37,STABLE BEAMS,6800,393560.799057339,379347.643621313,51.4,HFET
386618:10201,589:589,10/06/24 10:53:00,STABLE BEAMS,6800,393323.047759584,380053.410092345,51.3,HFET
386618:10201,590:590,10/06/24 10:53:24,STABLE BEAMS,6800,392912.969196575,380349.757695414,51.2,HFET
386618:10201,591:591,10/06/24 10:53:47,STABLE BEAMS,6800,393460.453146734,380806.889065950,51.2,HFET
386618:10201,592:592,10/06/24 10:54:10,STABLE BEAMS,6800,393501.065186006,380870.562458943,51.4,HFET
386618:10201,593:593,10/06/24 10:54:34,STABLE BEAMS,6800,393011.949095527,380465.174024680,51.3,HFET
386618:10201,594:594,10/06/24 10:54:57,STABLE BEAMS,6800,393209.181597126,380508.539066959,51.3,HFET
386618:10201,595:595,10/06/24 10:55:20,STABLE BEAMS,6800,392389.751767414,379341.156231501,51.3,HFET
386618:10201,596:596,10/06/24 10:55:44,STABLE BEAMS,6800,392381.238670902,380003.077458205,51.1,HFET
386618:10201,597:597,10/06/24 10:56:07,STABLE BEAMS,6800,392749.658540659,380358.226501446,51.3,HFET
386618:10201,598:598,10/06/24 10:56:30,STABLE BEAMS,6800,392368.762741951,379338.128161302,51.2,HFET
386618:10201,599:599,10/06/24 10:56:53,STABLE BEAMS,6800,391645.035315656,373811.538730205,51.1,HFET
386618:10201,600:600,10/06/24 10:57:17,STABLE BEAMS,6800,391718.156567401,378060.678820372,51.1,HFET
386618:10201,601:601,10/06/24 10:57:40,STABLE BEAMS,6800,391840.629069487,378998.711562847,51.1,HFET
386618:10201,602:602,10/06/24 10:58:03,STABLE BEAMS,6800,391581.478476558,379152.940339242,51.1,HFET
386618:10201,603:603,10/06/24 10:58:27,STABLE BEAMS,6800,391254.397942380,378657.835709623,51.0,HFET
386618:10201,604:604,10/06/24 10:58:50,STABLE BEAMS,6800,391209.415132034,378967.524071547,51.0,HFET
386618:10201,605:605,10/06/24 10:59:13,STABLE BEAMS,6800,391750.707739276,379260.615158782,51.0,HFET
386618:10201,606:606,10/06/24 10:59:37,STABLE BEAMS,6800,390926.226463742,378562.021414466,51.1,HFET
386618:10201,607:607,10/06/24 11:00:00,STABLE BEAMS,6800,389877.150494153,376780.453165657,50.9,HFET
386618:10201,608:608,10/06/24 11:00:23,STABLE BEAMS,6800,390155.332007104,377874.488634813,50.8,HFET
386618:10201,609:609,10/06/24 11:00:47,STABLE BEAMS,6800,390156.059303410,378096.351305562,50.9,HFET
386618:10201,610:610,10/06/24 11:01:10,STABLE BEAMS,6800,389905.925319820,376787.693493632,50.9,HFET
386618:10201,611:611,10/06/24 11:01:33,STABLE BEAMS,6800,389476.449857558,377202.301341012,50.8,HFET
386618:10201,612:612,10/06/24 11:01:57,STABLE BEAMS,6800,389597.057497319,370920.500945426,50.8,HFET
386618:10201,613:613,10/06/24 11:02:20,STABLE BEAMS,6800,389497.303680502,376882.370222770,50.8,HFET
386618:10201,614:614,10/06/24 11:02:43,STABLE BEAMS,6800,389277.079757520,377116.592268576,50.8,HFET
386618:10201,615:615,10/06/24 11:03:06,STABLE BEAMS,6800,388864.360083243,376865.661056343,50.7,HFET
386618:10201,616:616,10/06/24 11:03:30,STABLE BEAMS,6800,388931.653640224,376107.878912924,50.7,HFET
386618:10201,617:617,10/06/24 11:03:53,STABLE BEAMS,6800,388810.500528233,375975.026120924,50.7,HFET
386618:10201,618:618,10/06/24 11:04:16,STABLE BEAMS,6800,388762.011776717,376643.935919189,50.7,HFET
386618:10201,619:619,10/06/24 11:04:40,STABLE BEAMS,6800,388520.617004195,375942.244172336,50.7,HFET
386618:10201,620:620,10/06/24 11:05:03,STABLE BEAMS,6800,388434.705127982,375994.625823955,50.7,HFET
386618:10201,621:621,10/06/24 11:05:26,STABLE BEAMS,6800,388105.894933998,376010.400228142,50.6,HFET
386618:10201,622:622,10/06/24 11:05:50,STABLE BEAMS,6800,387833.359291735,374605.972411535,50.6,HFET
386618:10201,623:623,10/06/24 11:06:13,STABLE BEAMS,6800,387567.243438023,374997.817283166,50.6,HFET
386618:10201,624:624,10/06/24 11:06:36,STABLE BEAMS,6800,387162.628921625,375128.415922832,50.5,HFET
386618:10201,625:625,10/06/24 11:07:00,STABLE BEAMS,6800,386429.476947357,368363.212908714,50.5,HFET
386618:10201,626:626,10/06/24 11:07:23,STABLE BEAMS,6800,385879.260973893,374043.485643975,50.3,HFET
386618:10201,627:627,10/06/24 11:07:46,STABLE BEAMS,6800,386179.205430171,373814.862847299,50.3,HFET
386618:10201,628:628,10/06/24 11:08:10,STABLE BEAMS,6800,386123.660505835,374313.289262933,50.4,HFET
386618:10201,629:629,10/06/24 11:08:33,STABLE BEAMS,6800,385781.647086593,373256.518405177,50.3,HFET
386618:10201,630:630,10/06/24 11:08:56,STABLE BEAMS,6800,385702.973207277,373955.524750283,50.3,HFET
386618:10201,631:631,10/06/24 11:09:19,STABLE BEAMS,6800,385677.021316953,373418.784738191,50.3,HFET
386618:10201,632:632,10/06/24 11:09:43,STABLE BEAMS,6800,385340.835592475,373587.902109169,50.3,HFET
386618:10201,633:633,10/06/24 11:10:06,STABLE BEAMS,6800,384841.430124120,373317.870044577,50.2,HFET
386618:10201,634:634,10/06/24 11:10:29,STABLE BEAMS,6800,384581.505613327,372923.976155466,50.2,HFET
386618:10201,635:635,10/06/24 11:10:53,STABLE BEAMS,6800,383818.259423297,371807.518047936,50.1,HFET
386618:10201,636:636,10/06/24 11:11:16,STABLE BEAMS,6800,383367.888178688,371357.738897115,50.1,HFET
386618:10201,637:637,10/06/24 11:11:39,STABLE BEAMS,6800,382399.945375606,371224.657659480,49.9,HFET
386618:10201,638:638,10/06/24 11:12:03,STABLE BEAMS,6800,382410.780225711,365263.608921559,49.8,HFET
386618:10201,639:639,10/06/24 11:12:26,STABLE BEAMS,6800,382594.716258936,371244.348274549,49.9,HFET
386618:10201,640:640,10/06/24 11:12:49,STABLE BEAMS,6800,382148.990852593,370349.295946499,49.9,HFET
386618:10201,641:641,10/06/24 11:13:13,STABLE BEAMS,6800,381684.686755342,370489.547579772,49.8,HFET
386618:10201,642:642,10/06/24 11:13:36,STABLE BEAMS,6800,382370.942104303,370432.706576120,49.8,HFET
386618:10201,643:643,10/06/24 11:13:59,STABLE BEAMS,6800,383042.448723356,371815.895941929,50.0,HFET
386618:10201,644:644,10/06/24 11:14:22,STABLE BEAMS,6800,383159.958360580,370712.275080425,49.9,HFET
386618:10201,645:645,10/06/24 11:14:46,STABLE BEAMS,6800,380738.574496846,369777.589765823,49.9,HFET
386618:10201,646:646,10/06/24 11:15:09,STABLE BEAMS,6800,378042.878709484,367363.262074909,49.4,HFET
386618:10201,647:647,10/06/24 11:15:32,STABLE BEAMS,6800,376325.095745408,365353.961501183,49.2,HFET
386618:10201,648:648,10/06/24 11:15:56,STABLE BEAMS,6800,374526.137655422,364161.037045113,49.0,HFET
386618:10201,649:649,10/06/24 11:16:19,STABLE BEAMS,6800,373826.723371683,363526.727436201,48.7,HFET
386618:10201,650:650,10/06/24 11:16:42,STABLE BEAMS,6800,373395.292135058,363126.210954761,48.7,HFET
386618:10201,651:651,10/06/24 11:17:06,STABLE BEAMS,6800,373276.393175401,357841.491836079,48.7,HFET
386618:10201,652:652,10/06/24 11:17:29,STABLE BEAMS,6800,372702.274329092,362527.802276675,48.6,HFET
386618:10201,653:653,10/06/24 11:17:52,STABLE BEAMS,6800,372736.762626706,361436.405587708,48.6,HFET
386618:10201,654:654,10/06/24 11:18:16,STABLE BEAMS,6800,372852.314158490,361968.730538246,48.6,HFET
386618:10201,655:655,10/06/24 11:18:39,STABLE BEAMS,6800,372489.311713786,361783.610317446,48.6,HFET
386618:10201,656:656,10/06/24 11:19:02,STABLE BEAMS,6800,372004.543083601,361192.462947035,48.5,HFET
386618:10201,657:657,10/06/24 11:19:26,STABLE BEAMS,6800,372500.216496228,361149.095573678,48.5,HFET
386618:10201,658:658,10/06/24 11:19:49,STABLE BEAMS,6800,372824.723520399,362693.003436771,48.6,HFET
386618:10201,659:659,10/06/24 11:20:12,STABLE BEAMS,6800,372868.659676765,362171.266242080,48.6,HFET
386618:10201,660:660,10/06/24 11:20:35,STABLE BEAMS,6800,372733.256685536,362540.777056297,48.6,HFET
386618:10201,661:661,10/06/24 11:20:59,STABLE BEAMS,6800,372571.561466609,361788.549871528,48.6,HFET
386618:10201,662:662,10/06/24 11:21:22,STABLE BEAMS,6800,372386.394624250,361643.153549318,48.6,HFET
386618:10201,663:663,10/06/24 11:21:45,STABLE BEAMS,6800,371869.527051304,361719.163006588,48.6,HFET
386618:10201,664:664,10/06/24 11:22:09,STABLE BEAMS,6800,371626.882821025,355374.623980249,48.5,HFET
386618:10201,665:665,10/06/24 11:22:32,STABLE BEAMS,6800,371955.168522481,361135.484409787,48.5,HFET
386618:10201,666:666,10/06/24 11:22:55,STABLE BEAMS,6800,371755.819402144,361542.716726674,48.5,HFET
386618:10201,667:667,10/06/24 11:23:19,STABLE BEAMS,6800,371551.076167533,360910.435155540,48.5,HFET
386618:10201,668:668,10/06/24 11:23:42,STABLE BEAMS,6800,371244.462497367,360575.319395821,48.4,HFET
386618:10201,669:669,10/06/24 11:24:05,STABLE BEAMS,6800,370672.301756498,359623.127686148,48.4,HFET
386618:10201,670:670,10/06/24 11:24:29,STABLE BEAMS,6800,370734.653428319,360131.640675880,48.3,HFET
386618:10201,671:671,10/06/24 11:24:52,STABLE BEAMS,6800,370936.823152922,360862.743632668,48.4,HFET
386618:10201,672:672,10/06/24 11:25:15,STABLE BEAMS,6800,370747.742430759,360124.584503059,48.4,HFET
386618:10201,673:673,10/06/24 11:25:38,STABLE BEAMS,6800,370509.604174072,360049.985347922,48.3,HFET
386618:10201,674:674,10/06/24 11:26:02,STABLE BEAMS,6800,370040.041165066,358907.391194913,48.3,HFET
386618:10201,675:675,10/06/24 11:26:25,STABLE BEAMS,6800,369711.506038275,359110.290546900,48.2,HFET
386618:10201,676:676,10/06/24 11:26:48,STABLE BEAMS,6800,369032.943246402,359152.359509864,48.2,HFET
386618:10201,677:677,10/06/24 11:27:12,STABLE BEAMS,6800,368636.683313217,352635.903487982,48.1,HFET
386618:10201,678:678,10/06/24 11:27:35,STABLE BEAMS,6800,369013.115097736,359136.379970821,48.1,HFET
386618:10201,679:679,10/06/24 11:27:58,STABLE BEAMS,6800,368994.198400532,358603.691372129,48.1,HFET
386618:10201,680:680,10/06/24 11:28:22,STABLE BEAMS,6800,368409.517440232,276243.909340291,48.0,HFET
386618:10201,681:681,10/06/24 11:28:45,STABLE BEAMS,6800,368379.420893392,330011.109375220,48.0,HFET
386618:10201,682:682,10/06/24 11:29:08,STABLE BEAMS,6800,368884.518853992,200343.625539680,48.1,HFET
386618:10201,683:683,10/06/24 11:29:32,STABLE BEAMS,6800,368595.320666859,316181.145849639,48.1,HFET
386618:10201,684:684,10/06/24 11:29:55,STABLE BEAMS,6800,368433.350380740,6644.852538871,48.1,HFET
386618:10201,686:686,10/06/24 11:30:42,STABLE BEAMS,6800,368274.615630753,354407.226649397,48.0,HFET
386618:10201,687:687,10/06/24 11:31:05,STABLE BEAMS,6800,367978.608365058,358115.372510294,48.0,HFET
386618:10201,688:688,10/06/24 11:31:28,STABLE BEAMS,6800,367572.832971862,357901.158106152,48.0,HFET
386618:10201,689:689,10/06/24 11:31:51,STABLE BEAMS,6800,367411.865049242,357758.174449574,47.9,HFET
386618:10201,690:690,10/06/24 11:32:15,STABLE BEAMS,6800,367663.253152745,357962.213698657,47.9,HFET
386618:10201,691:691,10/06/24 11:32:38,STABLE BEAMS,6800,366560.019250173,357501.254698201,47.9,HFET
386618:10201,692:692,10/06/24 11:33:01,STABLE BEAMS,6800,366076.912678535,350838.355700130,47.8,HFET
386618:10201,693:693,10/06/24 11:33:25,STABLE BEAMS,6800,366488.835124168,356375.509576294,47.7,HFET
386618:10201,694:694,10/06/24 11:33:48,STABLE BEAMS,6800,366851.655744796,355658.703120301,47.8,HFET
386618:10201,695:695,10/06/24 11:34:11,STABLE BEAMS,6800,366885.323502987,356656.194666916,47.8,HFET
386618:10201,696:696,10/06/24 11:34:35,STABLE BEAMS,6800,366755.316957110,357062.107593708,47.8,HFET
386618:10201,697:697,10/06/24 11:34:58,STABLE BEAMS,6800,366566.781707178,356916.004954892,47.8,HFET
386618:10201,698:698,10/06/24 11:35:21,STABLE BEAMS,6800,366318.148937759,356695.121336863,47.8,HFET
386618:10201,699:699,10/06/24 11:35:45,STABLE BEAMS,6800,366556.536619782,356352.902782765,47.8,HFET
386618:10201,700:700,10/06/24 11:36:08,STABLE BEAMS,6800,366509.073542545,356431.373858304,47.8,HFET
386618:10201,701:701,10/06/24 11:36:31,STABLE BEAMS,6800,366222.584067938,355663.915410498,47.8,HFET
386618:10201,702:702,10/06/24 11:36:55,STABLE BEAMS,6800,365969.601507148,356467.316748531,47.7,HFET
386618:10201,703:703,10/06/24 11:37:18,STABLE BEAMS,6800,365416.222260965,355898.365901939,47.6,HFET
386618:10201,704:704,10/06/24 11:37:41,STABLE BEAMS,6800,365353.847278365,355352.497388768,47.6,HFET
386618:10201,705:705,10/06/24 11:38:04,STABLE BEAMS,6800,365724.724104235,351079.727161872,47.7,HFET
386618:10201,706:706,10/06/24 11:38:28,STABLE BEAMS,6800,365551.464407818,355898.321611459,47.7,HFET
386618:10201,707:707,10/06/24 11:38:51,STABLE BEAMS,6800,365298.027286836,355765.102840228,47.7,HFET
386618:10201,708:708,10/06/24 11:39:14,STABLE BEAMS,6800,364841.760746204,355235.784980187,47.6,HFET
386618:10201,709:709,10/06/24 11:39:38,STABLE BEAMS,6800,364535.669237488,355144.614192219,47.6,HFET
386618:10201,710:710,10/06/24 11:40:01,STABLE BEAMS,6800,363983.656002959,353520.939174272,47.5,HFET
386618:10201,711:711,10/06/24 11:40:24,STABLE BEAMS,6800,363834.686138319,353833.359559501,47.4,HFET
386618:10201,712:712,10/06/24 11:40:48,STABLE BEAMS,6800,364055.842492464,354480.711549295,47.4,HFET
386618:10201,713:713,10/06/24 11:41:11,STABLE BEAMS,6800,363969.883994692,354037.396477506,47.5,HFET
386618:10201,714:714,10/06/24 11:41:34,STABLE BEAMS,6800,363662.016204612,353695.884240014,47.5,HFET
386618:10201,715:715,10/06/24 11:41:58,STABLE BEAMS,6800,363538.473737768,354227.274428313,47.4,HFET
386618:10201,716:716,10/06/24 11:42:21,STABLE BEAMS,6800,363650.134700527,354208.677088781,47.4,HFET
386618:10201,717:717,10/06/24 11:42:44,STABLE BEAMS,6800,363649.973856152,353190.308408443,47.4,HFET
386618:10201,718:718,10/06/24 11:43:07,STABLE BEAMS,6800,363386.384890890,348891.406798224,47.4,HFET
386618:10201,719:719,10/06/24 11:43:31,STABLE BEAMS,6800,363087.351886073,353225.731468298,47.4,HFET
386618:10201,720:720,10/06/24 11:43:54,STABLE BEAMS,6800,362632.041087382,353251.273088910,47.3,HFET
386618:10201,721:721,10/06/24 11:44:17,STABLE BEAMS,6800,362714.241887570,352773.879989219,47.3,HFET
386618:10201,722:722,10/06/24 11:44:41,STABLE BEAMS,6800,362876.347376208,353492.940597547,47.3,HFET
386618:10201,723:723,10/06/24 11:45:04,STABLE BEAMS,6800,362577.085925756,352590.330914927,47.3,HFET
386618:10201,724:724,10/06/24 11:45:27,STABLE BEAMS,6800,362335.145681005,351989.029369159,47.3,HFET
386618:10201,725:725,10/06/24 11:45:51,STABLE BEAMS,6800,362290.845876485,352493.807972087,47.2,HFET
386618:10201,726:726,10/06/24 11:46:14,STABLE BEAMS,6800,362084.372982069,352720.109015169,47.2,HFET
386618:10201,727:727,10/06/24 11:46:37,STABLE BEAMS,6800,361782.563663466,351972.821384481,47.2,HFET
386618:10201,728:728,10/06/24 11:47:01,STABLE BEAMS,6800,361503.925259246,352209.481737776,47.2,HFET
386618:10201,729:729,10/06/24 11:47:24,STABLE BEAMS,6800,361586.377815847,352237.526936059,47.2,HFET
386618:10201,730:730,10/06/24 11:47:47,STABLE BEAMS,6800,361519.725305290,351723.300474381,47.2,HFET
386618:10201,731:731,10/06/24 11:48:11,STABLE BEAMS,6800,361350.789758388,346488.893010137,47.1,HFET
386618:10201,732:732,10/06/24 11:48:34,STABLE BEAMS,6800,361107.005631014,351279.304727844,47.1,HFET
386618:10201,733:733,10/06/24 11:48:57,STABLE BEAMS,6800,360907.952557571,351155.305369730,47.1,HFET
386618:10201,734:734,10/06/24 11:49:20,STABLE BEAMS,6800,360715.934677247,350461.126686967,47.0,HFET
386618:10201,735:735,10/06/24 11:49:44,STABLE BEAMS,6800,360582.011920488,351377.144729700,47.0,HFET
386618:10201,736:736,10/06/24 11:50:07,STABLE BEAMS,6800,360266.314039724,350483.595946899,47.0,HFET
386618:10201,737:737,10/06/24 11:50:30,STABLE BEAMS,6800,359867.755663724,350533.245575212,46.9,HFET
386618:10201,740:740,10/06/24 11:51:40,STABLE BEAMS,6800,359870.100728097,350699.698524145,46.9,HFET
386618:10201,741:741,10/06/24 11:52:04,STABLE BEAMS,6800,359776.083694006,350611.940434230,46.9,HFET
386618:10201,742:742,10/06/24 11:52:27,STABLE BEAMS,6800,359470.379144223,349747.394922731,46.9,HFET
386618:10201,743:743,10/06/24 11:52:50,STABLE BEAMS,6800,359153.816433555,344586.675162163,46.9,HFET
386618:10201,744:744,10/06/24 11:53:14,STABLE BEAMS,6800,359195.316613510,350028.693086842,46.8,HFET
386618:10201,745:745,10/06/24 11:53:37,STABLE BEAMS,6800,358941.448243115,348884.213091807,46.8,HFET
386618:10201,746:746,10/06/24 11:54:00,STABLE BEAMS,6800,358499.247426565,348981.255865020,46.8,HFET
386618:10201,747:747,10/06/24 11:54:23,STABLE BEAMS,6800,358354.580731740,349171.136146905,46.7,HFET
386618:10201,748:748,10/06/24 11:54:47,STABLE BEAMS,6800,358566.767098103,349548.546984144,46.8,HFET
386618:10201,749:749,10/06/24 11:55:10,STABLE BEAMS,6800,358302.471816236,348261.262825530,46.8,HFET
386618:10201,750:750,10/06/24 11:55:33,STABLE BEAMS,6800,358157.054514325,348668.063893004,46.7,HFET
386618:10201,751:751,10/06/24 11:55:57,STABLE BEAMS,6800,358136.520049054,349101.816883224,46.7,HFET
386618:10201,752:752,10/06/24 11:56:20,STABLE BEAMS,6800,357988.801973250,348476.887531805,46.7,HFET
386618:10201,753:753,10/06/24 11:56:43,STABLE BEAMS,6800,357675.153109964,348821.723886390,46.7,HFET
386618:10201,754:754,10/06/24 11:57:07,STABLE BEAMS,6800,357547.445006902,348588.478562227,46.6,HFET
386618:10201,755:755,10/06/24 11:57:30,STABLE BEAMS,6800,357520.924333569,348590.597512043,46.6,HFET
386618:10201,756:756,10/06/24 11:57:53,STABLE BEAMS,6800,357393.943526814,343532.613016934,46.6,HFET
386618:10201,757:757,10/06/24 11:58:17,STABLE BEAMS,6800,356706.503990276,347709.317192260,46.6,HFET
386618:10201,758:758,10/06/24 11:58:40,STABLE BEAMS,6800,356661.453578671,347815.877756562,46.5,HFET
386618:10201,759:759,10/06/24 11:59:03,STABLE BEAMS,6800,357129.216995534,347574.277849184,46.6,HFET
386618:10201,760:760,10/06/24 11:59:27,STABLE BEAMS,6800,356897.270081764,347471.589205284,46.6,HFET
386618:10201,761:761,10/06/24 11:59:50,STABLE BEAMS,6800,356796.765657861,347367.986778844,46.5,HFET
386618:10201,762:762,10/06/24 12:00:13,STABLE BEAMS,6800,356679.458824415,346662.061794515,46.5,HFET
386618:10201,763:763,10/06/24 12:00:36,STABLE BEAMS,6800,356370.728535510,346980.535989065,46.5,HFET
386618:10201,764:764,10/06/24 12:01:00,STABLE BEAMS,6800,356461.740810181,346651.453058966,46.5,HFET
386618:10201,765:765,10/06/24 12:01:23,STABLE BEAMS,6800,356304.917544077,347427.175177947,46.5,HFET
386618:10201,766:766,10/06/24 12:01:46,STABLE BEAMS,6800,355917.601956816,347192.654754170,46.5,HFET
386618:10201,767:767,10/06/24 12:02:10,STABLE BEAMS,6800,355599.036850228,346350.235834152,46.4,HFET
386618:10201,768:768,10/06/24 12:02:33,STABLE BEAMS,6800,355542.627095988,346208.413054371,46.4,HFET
386618:10201,769:769,10/06/24 12:02:56,STABLE BEAMS,6800,355333.648292823,341031.690443980,46.4,HFET
386618:10201,770:770,10/06/24 12:03:20,STABLE BEAMS,6800,354864.497884606,344085.197365550,46.3,HFET
386618:10201,771:771,10/06/24 12:03:43,STABLE BEAMS,6800,354645.024568710,345445.395309976,46.3,HFET
386618:10201,772:772,10/06/24 12:04:06,STABLE BEAMS,6800,354501.199393008,345254.925265381,46.2,HFET
386618:10201,773:773,10/06/24 12:04:30,STABLE BEAMS,6800,354316.533732399,345596.027233162,46.2,HFET
386618:10201,774:774,10/06/24 12:04:53,STABLE BEAMS,6800,353607.240340495,344426.481157408,46.1,HFET
386618:10201,775:775,10/06/24 12:05:16,STABLE BEAMS,6800,353716.600529362,344527.554364320,46.1,HFET
386618:10201,776:776,10/06/24 12:05:40,STABLE BEAMS,6800,353835.317664942,344506.087467886,46.2,HFET
386618:10201,777:777,10/06/24 12:06:03,STABLE BEAMS,6800,353486.746923551,344782.175672878,46.1,HFET
386618:10201,778:778,10/06/24 12:06:26,STABLE BEAMS,6800,353205.061800508,344459.626754149,46.1,HFET
386618:10201,779:779,10/06/24 12:06:49,STABLE BEAMS,6800,353296.346811294,344127.993624821,46.1,HFET
386618:10201,780:780,10/06/24 12:07:13,STABLE BEAMS,6800,353432.271963974,344241.724584760,46.1,HFET
386618:10201,781:781,10/06/24 12:07:36,STABLE BEAMS,6800,353275.973190399,343036.074774403,46.1,HFET
386618:10201,782:782,10/06/24 12:07:59,STABLE BEAMS,6800,353204.674841576,339110.210899273,46.1,HFET
386618:10201,783:783,10/06/24 12:08:23,STABLE BEAMS,6800,352553.861201092,343887.009122011,46.0,HFET
386618:10201,784:784,10/06/24 12:08:46,STABLE BEAMS,6800,352313.650616147,343603.978967016,46.0,HFET
386618:10201,785:785,10/06/24 12:09:10,STABLE BEAMS,6800,352917.614252882,344268.154346055,46.0,HFET
386618:10201,786:786,10/06/24 12:09:33,STABLE BEAMS,6800,352815.811418586,342605.781103796,46.0,HFET
386618:10201,787:787,10/06/24 12:09:56,STABLE BEAMS,6800,352577.286202966,42855.686371651,46.0,HFET
386618:10201,788:788,10/06/24 12:10:19,STABLE BEAMS,6800,352360.864268048,43.381719743,46.0,HFET
386618:10201,789:789,10/06/24 12:10:43,STABLE BEAMS,6800,352031.417689796,203281.694219853,45.9,HFET
386618:10201,790:790,10/06/24 12:11:06,STABLE BEAMS,6800,351997.383952373,342528.974417882,45.9,HFET
386618:10201,791:791,10/06/24 12:11:29,STABLE BEAMS,6800,352135.747412542,343034.072378482,45.9,HFET
386618:10201,792:792,10/06/24 12:11:53,STABLE BEAMS,6800,351868.174635140,343363.633179552,45.9,HFET
386618:10201,793:793,10/06/24 12:12:16,STABLE BEAMS,6800,351577.335369161,343020.799220887,45.9,HFET
386618:10201,794:794,10/06/24 12:12:39,STABLE BEAMS,6800,351640.642782923,343059.317952201,45.8,HFET
386618:10201,795:795,10/06/24 12:13:02,STABLE BEAMS,6800,351613.916974735,342826.186850855,45.9,HFET
386618:10201,796:796,10/06/24 12:13:26,STABLE BEAMS,6800,351579.179251785,342983.807345602,45.9,HFET
386618:10201,797:797,10/06/24 12:13:49,STABLE BEAMS,6800,351400.637332834,337368.800129544,45.8,HFET
386618:10201,798:798,10/06/24 12:14:12,STABLE BEAMS,6800,351218.864539906,341830.902835017,45.8,HFET
386618:10201,799:799,10/06/24 12:14:36,STABLE BEAMS,6800,351107.909893751,342659.323632211,45.8,HFET
386618:10201,800:800,10/06/24 12:14:59,STABLE BEAMS,6800,350760.569961495,342229.281718018,45.8,HFET
386618:10201,801:801,10/06/24 12:15:22,STABLE BEAMS,6800,350674.224504791,342192.378423693,45.7,HFET
386618:10201,802:802,10/06/24 12:15:46,STABLE BEAMS,6800,350319.828399715,341758.739656291,45.7,HFET
386618:10201,803:803,10/06/24 12:16:09,STABLE BEAMS,6800,349864.676114321,340961.186992723,45.7,HFET
386618:10201,804:804,10/06/24 12:16:32,STABLE BEAMS,6800,349201.890057714,340237.506187986,45.6,HFET
386618:10201,805:805,10/06/24 12:16:56,STABLE BEAMS,6800,349208.309846266,339537.250385124,45.5,HFET
386618:10201,806:806,10/06/24 12:17:19,STABLE BEAMS,6800,349324.726207953,339720.389189704,45.6,HFET
386618:10201,807:807,10/06/24 12:17:42,STABLE BEAMS,6800,348826.572528434,339391.329570385,45.5,HFET
386618:10201,808:808,10/06/24 12:18:05,STABLE BEAMS,6800,348545.136830727,338595.438965364,45.5,HFET
386618:10201,809:809,10/06/24 12:18:29,STABLE BEAMS,6800,348878.907558494,338869.114504723,45.4,HFET
386618:10201,810:810,10/06/24 12:18:52,STABLE BEAMS,6800,348965.663284910,334707.480748057,45.5,HFET
386618:10201,811:811,10/06/24 12:19:15,STABLE BEAMS,6800,348783.319377894,338838.859444585,45.5,HFET
386618:10201,812:812,10/06/24 12:19:39,STABLE BEAMS,6800,348554.060196950,338229.343180278,45.5,HFET
386618:10201,813:813,10/06/24 12:20:02,STABLE BEAMS,6800,347968.195049074,338180.693584387,45.4,HFET
386618:10201,814:814,10/06/24 12:20:25,STABLE BEAMS,6800,347763.314280867,337357.419807208,45.4,HFET
386618:10201,815:815,10/06/24 12:20:49,STABLE BEAMS,6800,348172.208656300,337802.576430542,45.4,HFET
386618:10201,816:816,10/06/24 12:21:12,STABLE BEAMS,6800,348064.352012683,337183.362882148,45.4,HFET
386618:10201,817:817,10/06/24 12:21:35,STABLE BEAMS,6800,347927.354564167,338548.840718029,45.4,HFET
386618:10201,818:818,10/06/24 12:21:59,STABLE BEAMS,6800,347816.378938311,338439.618062759,45.4,HFET
386618:10201,819:819,10/06/24 12:22:22,STABLE BEAMS,6800,347626.272541870,338297.135587931,45.3,HFET
386618:10201,820:820,10/06/24 12:22:45,STABLE BEAMS,6800,347344.699310567,337026.879953418,45.3,HFET
386618:10201,821:821,10/06/24 12:23:09,STABLE BEAMS,6800,347080.814298411,337255.388527277,45.3,HFET
386618:10201,822:822,10/06/24 12:23:32,STABLE BEAMS,6800,346998.634477925,337068.128376959,45.3,HFET
386618:10201,823:823,10/06/24 12:23:55,STABLE BEAMS,6800,346871.199110978,332720.735684146,45.2,HFET
386618:10201,824:824,10/06/24 12:24:18,STABLE BEAMS,6800,346011.499910445,336785.144843523,45.2,HFET
386618:10201,825:825,10/06/24 12:24:42,STABLE BEAMS,6800,345712.352682811,336097.248415716,45.1,HFET
386618:10201,826:826,10/06/24 12:25:05,STABLE BEAMS,6800,346236.481563433,336923.347459316,45.2,HFET
386618:10201,827:827,10/06/24 12:25:28,STABLE BEAMS,6800,346144.238479628,336889.427944711,45.1,HFET
386618:10201,828:828,10/06/24 12:25:52,STABLE BEAMS,6800,345787.476330477,336187.554373781,45.1,HFET
386618:10201,829:829,10/06/24 12:26:15,STABLE BEAMS,6800,345699.489794927,336092.921935123,45.1,HFET
386618:10201,830:830,10/06/24 12:26:38,STABLE BEAMS,6800,346220.203646418,337049.165058197,45.2,HFET
386618:10201,831:831,10/06/24 12:27:02,STABLE BEAMS,6800,346011.203863551,336736.837916083,45.1,HFET
386618:10201,832:832,10/06/24 12:27:25,STABLE BEAMS,6800,345895.288683614,336619.691927012,45.1,HFET
386618:10201,833:833,10/06/24 12:27:48,STABLE BEAMS,6800,345600.670740350,336435.436536114,45.1,HFET
386618:10201,834:834,10/06/24 12:28:12,STABLE BEAMS,6800,345126.329021637,335850.116860468,45.0,HFET
386618:10201,835:835,10/06/24 12:28:35,STABLE BEAMS,6800,345303.024726887,333772.522697340,45.0,HFET
386618:10201,836:836,10/06/24 12:28:58,STABLE BEAMS,6800,345336.307857224,333253.400972059,45.0,HFET
386618:10201,837:837,10/06/24 12:29:22,STABLE BEAMS,6800,345195.669265019,335553.657365659,45.0,HFET
386618:10201,838:838,10/06/24 12:29:45,STABLE BEAMS,6800,345101.878345485,335976.915843147,45.0,HFET
386618:10201,839:839,10/06/24 12:30:08,STABLE BEAMS,6800,344970.186430282,335296.851837103,45.0,HFET
386618:10201,840:840,10/06/24 12:30:32,STABLE BEAMS,6800,344817.414577578,335512.793569973,45.0,HFET
386618:10201,841:841,10/06/24 12:30:55,STABLE BEAMS,6800,344521.204508105,335461.164856518,44.9,HFET
386618:10201,842:842,10/06/24 12:31:18,STABLE BEAMS,6800,343126.541576844,334106.158222589,44.9,HFET
386618:10201,843:843,10/06/24 12:31:41,STABLE BEAMS,6800,341258.308513658,332477.452738521,44.6,HFET
386618:10201,844:844,10/06/24 12:32:05,STABLE BEAMS,6800,339495.339935458,330888.245038487,44.4,HFET
386618:10201,845:845,10/06/24 12:32:28,STABLE BEAMS,6800,337619.756983634,328539.751649786,44.1,HFET
386618:10201,846:846,10/06/24 12:32:51,STABLE BEAMS,6800,336833.039170172,328413.409558376,43.9,HFET
386618:10201,847:847,10/06/24 12:33:15,STABLE BEAMS,6800,336916.608313091,326858.098062169,43.9,HFET
386618:10201,848:848,10/06/24 12:33:38,STABLE BEAMS,6800,336745.283411336,323514.458191225,43.9,HFET
386618:10201,849:849,10/06/24 12:34:01,STABLE BEAMS,6800,336516.273655727,327475.901308430,43.9,HFET
386618:10201,850:850,10/06/24 12:34:25,STABLE BEAMS,6800,336215.874639257,327095.166354097,43.9,HFET
386618:10201,851:851,10/06/24 12:34:48,STABLE BEAMS,6800,335853.713713677,327266.309431776,43.8,HFET
386618:10201,852:852,10/06/24 12:35:11,STABLE BEAMS,6800,335351.280175123,326847.468346919,43.8,HFET
386618:10201,853:853,10/06/24 12:35:34,STABLE BEAMS,6800,334882.651928356,324957.313827108,43.7,HFET
386618:10201,854:854,10/06/24 12:35:58,STABLE BEAMS,6800,334428.296871607,325922.911565817,43.7,HFET
386618:10201,855:855,10/06/24 12:36:21,STABLE BEAMS,6800,334123.231037170,324694.020908740,43.6,HFET
386618:10201,856:856,10/06/24 12:36:44,STABLE BEAMS,6800,333331.869716520,324474.412390325,43.5,HFET
386618:10201,857:857,10/06/24 12:37:08,STABLE BEAMS,6800,333309.379476886,324481.969744895,43.5,HFET
386618:10201,858:858,10/06/24 12:37:31,STABLE BEAMS,6800,333957.528695323,324976.960151697,43.5,HFET
386618:10201,859:859,10/06/24 12:37:54,STABLE BEAMS,6800,333776.597421519,324731.810012669,43.5,HFET
386618:10201,860:860,10/06/24 12:38:18,STABLE BEAMS,6800,333259.002552266,324381.465320992,43.5,HFET
386618:10201,861:861,10/06/24 12:38:41,STABLE BEAMS,6800,333532.766672586,320455.055973632,43.5,HFET
386618:10201,862:862,10/06/24 12:39:04,STABLE BEAMS,6800,334238.668346136,325710.179727223,43.6,HFET
386618:10201,863:863,10/06/24 12:39:28,STABLE BEAMS,6800,334387.116049325,325439.895906217,43.6,HFET
386618:10201,864:864,10/06/24 12:39:51,STABLE BEAMS,6800,334615.328576290,325182.339770575,43.6,HFET
386618:10201,865:865,10/06/24 12:40:14,STABLE BEAMS,6800,334762.046619673,326291.718394506,43.6,HFET
386618:10201,866:866,10/06/24 12:40:38,STABLE BEAMS,6800,334766.461681226,326317.625994350,43.7,HFET
386618:10201,867:867,10/06/24 12:41:01,STABLE BEAMS,6800,335152.341324497,326701.365708103,43.6,HFET
386618:10201,868:868,10/06/24 12:41:24,STABLE BEAMS,6800,334577.084912170,324673.509754248,43.6,HFET
386618:10201,869:869,10/06/24 12:41:47,STABLE BEAMS,6800,334436.856589676,325945.996230317,43.7,HFET
386618:10201,870:870,10/06/24 12:42:11,STABLE BEAMS,6800,334070.509048177,325083.884364152,43.6,HFET
386618:10201,871:871,10/06/24 12:42:34,STABLE BEAMS,6800,333542.144599001,325241.232122784,43.5,HFET
386618:10201,872:872,10/06/24 12:42:57,STABLE BEAMS,6800,333605.589546359,325247.605289778,43.5,HFET
386618:10201,873:873,10/06/24 12:43:21,STABLE BEAMS,6800,332539.895322380,324172.076248116,43.4,HFET
386618:10201,874:874,10/06/24 12:43:44,STABLE BEAMS,6800,333051.252227157,319626.453352361,43.3,HFET
386618:10201,875:875,10/06/24 12:44:07,STABLE BEAMS,6800,333618.496724723,324277.340733102,43.5,HFET
386618:10201,876:876,10/06/24 12:44:31,STABLE BEAMS,6800,333315.479907765,324764.067468728,43.5,HFET
386618:10201,877:877,10/06/24 12:44:54,STABLE BEAMS,6800,333048.088954439,324690.218920676,43.4,HFET
386618:10201,878:878,10/06/24 12:45:17,STABLE BEAMS,6800,333107.960359369,324809.003657515,43.4,HFET
386618:10201,879:879,10/06/24 12:45:41,STABLE BEAMS,6800,333145.339193586,324267.347402120,43.5,HFET
386618:10201,880:880,10/06/24 12:46:04,STABLE BEAMS,6800,333091.978489247,324813.236894992,43.4,HFET
386618:10201,881:881,10/06/24 12:46:27,STABLE BEAMS,6800,332918.469367495,324200.578337668,43.4,HFET
386618:10201,882:882,10/06/24 12:46:50,STABLE BEAMS,6800,332727.815167746,324477.643264302,43.4,HFET
386618:10201,883:883,10/06/24 12:47:14,STABLE BEAMS,6800,332639.625828419,324379.712350407,43.4,HFET
386618:10201,884:884,10/06/24 12:47:37,STABLE BEAMS,6800,332268.452955655,323612.710793871,43.4,HFET
386618:10201,885:885,10/06/24 12:48:00,STABLE BEAMS,6800,332051.075278795,322949.400244735,43.3,HFET
386618:10201,886:886,10/06/24 12:48:24,STABLE BEAMS,6800,331301.284070437,322700.152070750,43.2,HFET
386618:10201,887:887,10/06/24 12:48:47,STABLE BEAMS,6800,331212.661150619,318378.051573214,43.2,HFET
386618:10201,888:888,10/06/24 12:49:10,STABLE BEAMS,6800,331254.319843872,322642.649040973,43.2,HFET
386618:10201,889:889,10/06/24 12:49:34,STABLE BEAMS,6800,331106.214809135,322882.792024659,43.2,HFET
386618:10201,890:890,10/06/24 12:49:57,STABLE BEAMS,6800,330920.320670469,322810.036752145,43.2,HFET
386618:10201,891:891,10/06/24 12:50:20,STABLE BEAMS,6800,331357.647203118,322307.419058436,43.2,HFET
386618:10201,892:892,10/06/24 12:50:44,STABLE BEAMS,6800,330716.374664503,322490.149924384,43.2,HFET
386618:10201,893:893,10/06/24 12:51:07,STABLE BEAMS,6800,330389.475954401,321801.001707742,43.1,HFET
386618:10201,894:894,10/06/24 12:51:30,STABLE BEAMS,6800,330039.131262724,321410.250111648,43.0,HFET
386618:10201,895:895,10/06/24 12:51:54,STABLE BEAMS,6800,329801.652701084,321252.858062535,43.0,HFET
386618:10201,896:896,10/06/24 12:52:17,STABLE BEAMS,6800,329595.042273071,321478.133431339,43.0,HFET
386618:10201,897:897,10/06/24 12:52:40,STABLE BEAMS,6800,329033.627801348,320472.448145886,43.0,HFET
386618:10201,898:898,10/06/24 12:53:03,STABLE BEAMS,6800,328694.777654824,320666.263287275,42.9,HFET
386618:10201,899:899,10/06/24 12:53:27,STABLE BEAMS,6800,329130.034190293,320965.000245198,42.9,HFET
386618:10201,900:900,10/06/24 12:53:50,STABLE BEAMS,6800,329038.315599016,316436.063205092,42.9,HFET
386618:10201,901:901,10/06/24 12:54:13,STABLE BEAMS,6800,328624.276534645,319665.517555904,42.9,HFET
386618:10201,902:902,10/06/24 12:54:37,STABLE BEAMS,6800,328571.782991287,320577.003983189,42.9,HFET
386618:10201,903:903,10/06/24 12:55:00,STABLE BEAMS,6800,329240.191607803,320750.788172134,43.0,HFET
386618:10201,904:904,10/06/24 12:55:23,STABLE BEAMS,6800,329221.729470790,320513.195387677,42.9,HFET
386618:10201,905:905,10/06/24 12:55:47,STABLE BEAMS,6800,329477.350811770,321401.942149992,43.0,HFET
386618:10201,906:906,10/06/24 12:56:10,STABLE BEAMS,6800,329373.249534659,321238.538250961,42.9,HFET
386618:10201,907:907,10/06/24 12:56:33,STABLE BEAMS,6800,329372.657440871,321163.097576700,43.0,HFET
386618:10201,908:908,10/06/24 12:56:57,STABLE BEAMS,6800,329325.443788969,320751.925738152,42.9,HFET
386618:10201,909:909,10/06/24 12:57:20,STABLE BEAMS,6800,329195.619067169,321092.482233703,42.9,HFET
386618:10201,910:910,10/06/24 12:57:43,STABLE BEAMS,6800,328922.831668492,320805.787624241,42.9,HFET
386618:10201,911:911,10/06/24 12:58:07,STABLE BEAMS,6800,328771.540050258,320827.937526500,42.9,HFET
386618:10201,912:912,10/06/24 12:58:30,STABLE BEAMS,6800,328741.012254005,320739.678254836,42.9,HFET
386618:10201,913:913,10/06/24 12:58:53,STABLE BEAMS,6800,328588.492157715,315799.818801518,42.9,HFET
386618:10201,914:914,10/06/24 12:59:16,STABLE BEAMS,6800,328176.842448197,320149.192910551,42.8,HFET
386618:10201,915:915,10/06/24 12:59:40,STABLE BEAMS,6800,327964.427636199,319030.911900098,42.8,HFET
386618:10201,916:916,10/06/24 13:00:03,STABLE BEAMS,6800,328290.163138426,320330.396920470,42.8,HFET
386618:10201,917:917,10/06/24 13:00:26,STABLE BEAMS,6800,328089.858276147,319571.999372484,42.8,HFET
386618:10201,918:918,10/06/24 13:00:50,STABLE BEAMS,6800,328068.552224090,319585.885603568,42.8,HFET
386618:10201,919:919,10/06/24 13:01:13,STABLE BEAMS,6800,327894.108340097,319842.509308048,42.8,HFET
386618:10201,920:920,10/06/24 13:01:36,STABLE BEAMS,6800,327706.915791038,319315.240465486,42.7,HFET
386618:10201,921:921,10/06/24 13:02:00,STABLE BEAMS,6800,327634.274741341,319230.375243253,42.7,HFET
386618:10201,922:922,10/06/24 13:02:23,STABLE BEAMS,6800,327446.194051600,319009.626827742,42.7,HFET
386618:10201,923:923,10/06/24 13:02:46,STABLE BEAMS,6800,326956.031307142,318616.052296304,42.7,HFET
386618:10201,924:924,10/06/24 13:03:10,STABLE BEAMS,6800,326746.507031747,318416.066791699,42.6,HFET
386618:10201,925:925,10/06/24 13:03:33,STABLE BEAMS,6800,326799.366554336,318911.877737923,42.6,HFET
386618:10201,926:926,10/06/24 13:03:56,STABLE BEAMS,6800,326575.706622520,314247.444463472,42.6,HFET
386618:10201,927:927,10/06/24 13:04:19,STABLE BEAMS,6800,326003.021389123,318201.195023588,42.6,HFET
386618:10201,928:928,10/06/24 13:04:43,STABLE BEAMS,6800,325935.319893509,318134.290756618,42.5,HFET
386618:10201,929:929,10/06/24 13:05:06,STABLE BEAMS,6800,326037.987557708,318244.128816455,42.5,HFET
386618:10201,930:930,10/06/24 13:05:29,STABLE BEAMS,6800,325929.855846898,317616.171394836,42.5,HFET
386618:10201,931:931,10/06/24 13:05:53,STABLE BEAMS,6800,325390.407122280,317122.728823764,42.4,HFET
386618:10201,932:932,10/06/24 13:06:16,STABLE BEAMS,6800,325417.382355804,316794.193696973,42.4,HFET
386618:10201,933:933,10/06/24 13:06:39,STABLE BEAMS,6800,325463.185705572,317268.444503648,42.5,HFET
386618:10201,934:934,10/06/24 13:07:03,STABLE BEAMS,6800,325246.400122501,317579.885836157,42.4,HFET
386618:10201,935:935,10/06/24 13:07:26,STABLE BEAMS,6800,324719.175570420,316993.176838079,42.4,HFET
386618:10201,936:936,10/06/24 13:07:49,STABLE BEAMS,6800,324791.816620117,317099.441355487,42.3,HFET
386618:10201,937:937,10/06/24 13:08:13,STABLE BEAMS,6800,324963.666014400,317210.918163092,42.4,HFET
386618:10201,938:938,10/06/24 13:08:36,STABLE BEAMS,6800,324601.460798340,316397.227447183,42.4,HFET
386618:10201,939:939,10/06/24 13:08:59,STABLE BEAMS,6800,324442.336758343,312187.421965597,42.3,HFET
386618:10201,940:940,10/06/24 13:09:23,STABLE BEAMS,6800,324738.637739855,316927.911318876,42.3,HFET
386618:10201,941:941,10/06/24 13:09:46,STABLE BEAMS,6800,324724.047523243,316726.923450771,42.4,HFET
386618:10201,942:942,10/06/24 13:10:09,STABLE BEAMS,6800,324695.020941162,316455.982265796,42.3,HFET
386618:10201,943:943,10/06/24 13:10:32,STABLE BEAMS,6800,324618.190944469,316943.072649575,42.3,HFET
386618:10201,944:944,10/06/24 13:10:56,STABLE BEAMS,6800,324613.230410686,316953.590473085,42.3,HFET
386618:10201,945:945,10/06/24 13:11:19,STABLE BEAMS,6800,324461.845549336,316301.434131728,42.3,HFET
386618:10201,946:946,10/06/24 13:11:42,STABLE BEAMS,6800,324224.434588955,316568.004545630,42.3,HFET
386618:10201,947:947,10/06/24 13:12:06,STABLE BEAMS,6800,324054.226273517,316452.704770260,42.3,HFET
386618:10201,948:948,10/06/24 13:12:29,STABLE BEAMS,6800,323882.376879233,315757.341899921,42.2,HFET
386618:10201,949:949,10/06/24 13:12:52,STABLE BEAMS,6800,323518.805651519,315367.135776058,42.3,HFET
386618:10201,950:950,10/06/24 13:13:16,STABLE BEAMS,6800,323062.993671079,315517.767699244,42.1,HFET
386618:10201,951:951,10/06/24 13:13:39,STABLE BEAMS,6800,323351.010001714,315730.366666397,42.1,HFET
386618:10201,952:952,10/06/24 13:14:02,STABLE BEAMS,6800,323001.028958190,310348.238795271,42.2,HFET
386642:10204,1:1,10/07/24 03:59:02,STABLE BEAMS,6800,487287.159389319,457411.344647197,63.6,HFET
386642:10204,2:2,10/07/24 03:59:26,STABLE BEAMS,6800,487106.319027553,460987.775282112,63.6,HFET
386642:10204,3:3,10/07/24 03:59:49,STABLE BEAMS,6800,487378.901291375,461047.781889560,63.5,HFET
386642:10204,4:4,10/07/24 04:00:13,STABLE BEAMS,6800,487390.328235268,349897.754109803,63.6,HFET
386642:10204,5:5,10/07/24 04:00:36,STABLE BEAMS,6800,487216.954316034,458850.011336083,63.5,HFET
386642:10204,6:6,10/07/24 04:00:59,STABLE BEAMS,6800,487001.784169951,461849.544479825,63.5,HFET
386642:10204,7:7,10/07/24 04:01:23,STABLE BEAMS,6800,486634.413285252,461209.045859074,63.5,HFET
386642:10204,8:8,10/07/24 04:01:46,STABLE BEAMS,6800,485822.906789341,460270.330110773,63.4,HFET
386642:10204,9:9,10/07/24 04:02:09,STABLE BEAMS,6800,485528.016109962,460310.806947527,63.3,HFET
386642:10204,10:10,10/07/24 04:02:33,STABLE BEAMS,6800,485102.820506735,330703.761201955,63.3,HFET
386642:10204,11:11,10/07/24 04:02:56,STABLE BEAMS,6800,484950.983416271,458357.254101915,63.2,HFET
386642:10204,12:12,10/07/24 04:03:19,STABLE BEAMS,6800,485290.581838802,459880.012095170,63.3,HFET
386642:10204,13:13,10/07/24 04:03:43,STABLE BEAMS,6800,485339.662684106,458017.152166556,63.3,HFET
386642:10204,14:14,10/07/24 04:04:06,STABLE BEAMS,6800,484682.953747599,452953.067240568,63.2,HFET
386642:10204,15:15,10/07/24 04:04:29,STABLE BEAMS,6800,484171.755356120,319039.905198658,63.2,HFET
386642:10204,16:16,10/07/24 04:04:52,STABLE BEAMS,6800,483620.718843233,458802.844305740,63.1,HFET
386642:10204,17:17,10/07/24 04:05:16,STABLE BEAMS,6800,487311.015640606,462118.665092957,63.0,HFET
386642:10204,18:18,10/07/24 04:05:39,STABLE BEAMS,6800,491548.616895140,464240.904060134,64.1,HFET
386642:10204,19:19,10/07/24 04:06:02,STABLE BEAMS,6800,490453.784197340,463429.805502857,64.0,HFET
386642:10204,20:20,10/07/24 04:06:26,STABLE BEAMS,6800,490057.181595703,463690.095992882,64.0,HFET
386642:10204,21:21,10/07/24 04:06:49,STABLE BEAMS,6800,489838.687332527,463824.449999053,63.9,HFET
386642:10204,22:22,10/07/24 04:07:12,STABLE BEAMS,6800,489175.877965141,462786.073677051,63.8,HFET
386642:10204,23:23,10/07/24 04:07:36,STABLE BEAMS,6800,488940.767778653,463281.290198409,63.8,HFET
386642:10204,24:24,10/07/24 04:07:59,STABLE BEAMS,6800,488315.428157522,462076.188191360,63.7,HFET
386642:10204,25:25,10/07/24 04:08:22,STABLE BEAMS,6800,488132.037596528,463244.139809826,63.7,HFET
386642:10204,26:26,10/07/24 04:08:46,STABLE BEAMS,6800,487551.408049628,462323.454949126,63.6,HFET
386642:10204,27:27,10/07/24 04:09:09,STABLE BEAMS,6800,487044.307693107,455934.343382153,63.5,HFET
386642:10204,28:28,10/07/24 04:09:32,STABLE BEAMS,6800,486575.133974111,462666.468400789,63.5,HFET
386642:10204,29:29,10/07/24 04:09:56,STABLE BEAMS,6800,485941.008520354,461458.270722281,63.4,HFET
386642:10204,30:30,10/07/24 04:10:19,STABLE BEAMS,6800,485582.514380319,460089.671573084,63.3,HFET
386642:10204,31:31,10/07/24 04:10:42,STABLE BEAMS,6800,485693.012135203,461901.128902800,63.3,HFET
386642:10204,32:32,10/07/24 04:11:05,STABLE BEAMS,6800,485275.693244219,460743.648486285,63.3,HFET
386642:10204,33:33,10/07/24 04:11:29,STABLE BEAMS,6800,485355.325196554,462226.295622017,63.3,HFET
386642:10204,34:34,10/07/24 04:11:52,STABLE BEAMS,6800,485414.921534291,461474.432085401,63.3,HFET
386642:10204,35:35,10/07/24 04:12:15,STABLE BEAMS,6800,485195.746596366,461426.353603596,63.3,HFET
386642:10204,36:36,10/07/24 04:12:39,STABLE BEAMS,6800,484880.458985313,461285.670720911,63.3,HFET
386642:10204,37:37,10/07/24 04:13:02,STABLE BEAMS,6800,484646.803391438,460767.961628841,63.2,HFET
386642:10204,38:38,10/07/24 04:13:25,STABLE BEAMS,6800,484306.612875119,461192.108247012,63.2,HFET
386642:10204,39:39,10/07/24 04:13:49,STABLE BEAMS,6800,484361.747529743,460032.487900980,63.1,HFET
386642:10204,40:40,10/07/24 04:14:12,STABLE BEAMS,6800,484168.067590873,453045.492148449,63.2,HFET
386642:10204,41:41,10/07/24 04:14:35,STABLE BEAMS,6800,483918.933639705,460076.242233269,63.1,HFET
386642:10204,42:42,10/07/24 04:14:59,STABLE BEAMS,6800,483892.345365113,460815.494638416,63.1,HFET
386642:10204,43:43,10/07/24 04:15:22,STABLE BEAMS,6800,483470.611412575,460754.758403584,63.1,HFET
386642:10204,44:44,10/07/24 04:15:45,STABLE BEAMS,6800,485626.037935896,461502.523905242,63.0,HFET
386642:10204,45:45,10/07/24 04:16:08,STABLE BEAMS,6800,489611.589060801,463075.863957972,63.9,HFET
386642:10204,46:46,10/07/24 04:16:32,STABLE BEAMS,6800,489124.976547993,463232.938980490,63.8,HFET
386642:10204,47:47,10/07/24 04:16:55,STABLE BEAMS,6800,488697.097874096,463280.334456468,63.7,HFET
386642:10204,48:48,10/07/24 04:17:18,STABLE BEAMS,6800,488403.801652004,461969.560025799,63.7,HFET
386642:10204,49:49,10/07/24 04:17:42,STABLE BEAMS,6800,488049.449837408,461583.475247672,63.7,HFET
386642:10204,50:50,10/07/24 04:18:05,STABLE BEAMS,6800,487623.389404277,462214.686854047,63.6,HFET
386642:10204,51:51,10/07/24 04:18:28,STABLE BEAMS,6800,487167.829180250,461353.689243121,63.6,HFET
386642:10204,52:52,10/07/24 04:18:52,STABLE BEAMS,6800,487296.765761369,462588.342324780,63.5,HFET
386642:10204,53:53,10/07/24 04:19:15,STABLE BEAMS,6800,486179.624648012,373564.840755448,63.4,HFET
386642:10204,54:54,10/07/24 04:19:38,STABLE BEAMS,6800,485813.435619810,461464.462065198,63.4,HFET
386642:10204,55:55,10/07/24 04:20:02,STABLE BEAMS,6800,485302.647498042,460824.189559004,63.3,HFET
386642:10204,56:56,10/07/24 04:20:25,STABLE BEAMS,6800,485191.601939850,460982.448769098,63.3,HFET
386642:10204,57:57,10/07/24 04:20:48,STABLE BEAMS,6800,485027.379832473,461467.968006368,63.3,HFET
386642:10204,58:58,10/07/24 04:21:12,STABLE BEAMS,6800,484778.108347709,460842.355649123,63.2,HFET
386642:10204,59:59,10/07/24 04:21:35,STABLE BEAMS,6800,484626.042811610,461530.750927602,63.2,HFET
386642:10204,60:60,10/07/24 04:21:58,STABLE BEAMS,6800,484378.820344325,461061.486296567,63.2,HFET
386642:10204,61:61,10/07/24 04:22:21,STABLE BEAMS,6800,484381.326253073,460437.694511166,63.2,HFET
386642:10204,62:62,10/07/24 04:22:45,STABLE BEAMS,6800,484152.680145618,460985.043258807,63.1,HFET
386642:10204,63:63,10/07/24 04:23:08,STABLE BEAMS,6800,484007.852606416,460958.953834887,63.1,HFET
386642:10204,64:64,10/07/24 04:23:31,STABLE BEAMS,6800,483924.535219912,460692.928893214,63.1,HFET
386642:10204,65:65,10/07/24 04:23:55,STABLE BEAMS,6800,483569.318575413,459596.639271723,63.1,HFET
386642:10204,66:66,10/07/24 04:24:18,STABLE BEAMS,6800,483442.246856619,453815.067214993,63.1,HFET
386642:10204,67:67,10/07/24 04:24:41,STABLE BEAMS,6800,483309.165618984,460377.687903719,63.0,HFET
386642:10204,68:68,10/07/24 04:25:05,STABLE BEAMS,6800,487223.693462259,463228.113649225,63.6,HFET
386642:10204,69:69,10/07/24 04:25:28,STABLE BEAMS,6800,486929.758524822,462490.590903884,63.5,HFET
386642:10204,70:70,10/07/24 04:25:51,STABLE BEAMS,6800,486699.608872118,463085.472661099,63.5,HFET
386642:10204,71:71,10/07/24 04:26:15,STABLE BEAMS,6800,486493.364423336,462825.182171074,63.5,HFET
386642:10204,72:72,10/07/24 04:26:38,STABLE BEAMS,6800,486023.414455397,462441.603301696,63.4,HFET
386642:10204,73:73,10/07/24 04:27:01,STABLE BEAMS,6800,485552.326921440,461361.838691479,63.4,HFET
386642:10204,74:74,10/07/24 04:27:25,STABLE BEAMS,6800,485324.683177484,462550.371396775,63.3,HFET
386642:10204,75:75,10/07/24 04:27:48,STABLE BEAMS,6800,485116.888561895,461259.991566703,63.3,HFET
386642:10204,76:76,10/07/24 04:28:11,STABLE BEAMS,6800,484842.942617499,461875.860018302,63.2,HFET
386642:10204,77:77,10/07/24 04:28:34,STABLE BEAMS,6800,484559.844861245,461690.056791675,63.2,HFET
386642:10204,78:78,10/07/24 04:28:58,STABLE BEAMS,6800,484376.407678692,461002.116073388,63.2,HFET
386642:10204,79:79,10/07/24 04:29:21,STABLE BEAMS,6800,484192.017085276,453990.807178302,63.2,HFET
386642:10204,80:80,10/07/24 04:29:44,STABLE BEAMS,6800,483962.550438398,460004.079054543,63.1,HFET
386642:10204,81:81,10/07/24 04:30:08,STABLE BEAMS,6800,483752.343157176,458211.743556887,63.1,HFET
386642:10204,82:82,10/07/24 04:30:31,STABLE BEAMS,6800,483569.773135604,460733.951202198,63.1,HFET
386642:10204,83:83,10/07/24 04:30:54,STABLE BEAMS,6800,483246.063340078,460636.474848494,63.1,HFET
386642:10204,84:84,10/07/24 04:31:18,STABLE BEAMS,6800,471892.392218299,453344.205795593,63.0,HFET
386642:10204,85:85,10/07/24 04:31:41,STABLE BEAMS,6800,482716.244298288,459960.005364581,62.7,HFET
386642:10204,86:86,10/07/24 04:32:04,STABLE BEAMS,6800,482581.158333654,459407.831285676,63.0,HFET
386642:10204,87:87,10/07/24 04:32:28,STABLE BEAMS,6800,482512.184069503,459682.280742900,62.9,HFET
386642:10204,88:88,10/07/24 04:32:51,STABLE BEAMS,6800,482140.803730806,459671.443561716,62.9,HFET
386642:10204,89:89,10/07/24 04:33:14,STABLE BEAMS,6800,481966.474069631,439128.546781896,62.9,HFET
386642:10204,90:90,10/07/24 04:33:38,STABLE BEAMS,6800,481742.016909172,267395.601494876,62.8,HFET
386642:10204,91:91,10/07/24 04:34:01,STABLE BEAMS,6800,481588.585361421,460066.999509373,62.8,HFET
386642:10204,92:92,10/07/24 04:34:24,STABLE BEAMS,6800,481232.093617307,452360.782304139,62.8,HFET
386642:10204,93:93,10/07/24 04:34:47,STABLE BEAMS,6800,480993.978671398,459561.582191100,62.7,HFET
386642:10204,94:94,10/07/24 04:35:11,STABLE BEAMS,6800,480749.350693822,459482.500373150,62.7,HFET
386642:10204,95:95,10/07/24 04:35:34,STABLE BEAMS,6800,480565.734018270,459316.501984409,62.7,HFET
386642:10204,96:96,10/07/24 04:35:57,STABLE BEAMS,6800,480278.172247827,458827.658630045,62.7,HFET
386642:10204,97:97,10/07/24 04:36:21,STABLE BEAMS,6800,479891.723821547,458194.395675114,62.6,HFET
386642:10204,98:98,10/07/24 04:36:44,STABLE BEAMS,6800,479491.843724375,458571.738911094,62.6,HFET
386642:10204,99:99,10/07/24 04:37:07,STABLE BEAMS,6800,479312.779643973,457050.757199203,62.5,HFET
386642:10204,100:100,10/07/24 04:37:31,STABLE BEAMS,6800,478418.545524268,457162.984613893,62.5,HFET
386642:10204,101:101,10/07/24 04:37:54,STABLE BEAMS,6800,477894.736001319,457572.426792635,62.4,HFET
386642:10204,102:102,10/07/24 04:38:17,STABLE BEAMS,6800,478583.042698837,458192.120543078,62.3,HFET
386642:10204,103:103,10/07/24 04:38:41,STABLE BEAMS,6800,478327.624161635,457748.304289539,62.4,HFET
386642:10204,104:104,10/07/24 04:39:04,STABLE BEAMS,6800,478146.874711908,456549.029977254,62.4,HFET
386642:10204,105:105,10/07/24 04:39:27,STABLE BEAMS,6800,477887.407092384,451253.203272352,62.4,HFET
386642:10204,106:106,10/07/24 04:39:50,STABLE BEAMS,6800,477593.199418831,457107.759047230,62.3,HFET
386642:10204,107:107,10/07/24 04:40:14,STABLE BEAMS,6800,477375.252958963,457316.828762434,62.3,HFET
386642:10204,108:108,10/07/24 04:40:37,STABLE BEAMS,6800,477214.308347122,458002.128369454,62.3,HFET
386642:10204,109:109,10/07/24 04:41:00,STABLE BEAMS,6800,476656.306573452,455591.420842528,62.2,HFET
386642:10204,110:110,10/07/24 04:41:24,STABLE BEAMS,6800,476168.556494626,455893.458606765,62.1,HFET
386642:10204,111:111,10/07/24 04:41:47,STABLE BEAMS,6800,476009.294921033,456191.535869641,62.1,HFET
386642:10204,112:112,10/07/24 04:42:10,STABLE BEAMS,6800,475709.033438159,456375.882172577,62.1,HFET
386642:10204,113:113,10/07/24 04:42:34,STABLE BEAMS,6800,475104.727132972,455745.899044258,62.0,HFET
386642:10204,114:114,10/07/24 04:42:57,STABLE BEAMS,6800,475293.901098251,456013.427531180,61.9,HFET
386642:10204,115:115,10/07/24 04:43:20,STABLE BEAMS,6800,473454.671306366,453517.488802789,61.8,HFET
386642:10204,116:116,10/07/24 04:43:44,STABLE BEAMS,6800,473215.463084920,454217.084910605,61.7,HFET
386642:10204,117:117,10/07/24 04:44:07,STABLE BEAMS,6800,474163.554428558,452064.071052916,61.8,HFET
386642:10204,118:118,10/07/24 04:44:30,STABLE BEAMS,6800,473909.867882240,448014.552819202,61.8,HFET
386642:10204,119:119,10/07/24 04:44:53,STABLE BEAMS,6800,473110.972517799,454437.036097472,61.7,HFET
386642:10204,120:120,10/07/24 04:45:17,STABLE BEAMS,6800,472960.774175103,454454.747627399,61.7,HFET
386642:10204,121:121,10/07/24 04:45:40,STABLE BEAMS,6800,473434.183462653,453548.450179532,61.7,HFET
386642:10204,122:122,10/07/24 04:46:03,STABLE BEAMS,6800,473263.313121090,454144.147814014,61.7,HFET
386642:10204,123:123,10/07/24 04:46:27,STABLE BEAMS,6800,473069.087709990,453352.630311145,61.7,HFET
386642:10204,124:124,10/07/24 04:46:50,STABLE BEAMS,6800,472865.118393244,453690.408161832,61.7,HFET
386642:10204,125:125,10/07/24 04:47:13,STABLE BEAMS,6800,472648.764059585,452442.188206761,61.7,HFET
386642:10204,126:126,10/07/24 04:47:37,STABLE BEAMS,6800,472300.468385387,453846.618354446,61.6,HFET
386642:10204,127:127,10/07/24 04:48:00,STABLE BEAMS,6800,472087.895060092,452905.035380321,61.6,HFET
386642:10204,128:128,10/07/24 04:48:23,STABLE BEAMS,6800,471688.560435149,453166.097457133,61.6,HFET
386642:10204,129:129,10/07/24 04:48:47,STABLE BEAMS,6800,471373.911539442,452907.494667512,61.5,HFET
386642:10204,130:130,10/07/24 04:49:10,STABLE BEAMS,6800,470379.559954766,451624.399455895,61.4,HFET
386642:10204,131:131,10/07/24 04:49:33,STABLE BEAMS,6800,469987.647481876,445384.166841523,61.3,HFET
386642:10204,132:132,10/07/24 04:49:57,STABLE BEAMS,6800,469454.275877358,450059.208851523,61.2,HFET
386642:10204,133:133,10/07/24 04:50:20,STABLE BEAMS,6800,470243.201221596,452003.882621392,61.3,HFET
386642:10204,134:134,10/07/24 04:50:43,STABLE BEAMS,6800,469389.945120395,451522.552331118,61.3,HFET
386642:10204,135:135,10/07/24 04:51:06,STABLE BEAMS,6800,469258.092360817,450090.578166899,61.2,HFET
386642:10204,136:136,10/07/24 04:51:30,STABLE BEAMS,6800,467490.342741832,449902.133829005,61.1,HFET
386642:10204,137:137,10/07/24 04:51:53,STABLE BEAMS,6800,467416.813551453,450044.411168978,60.9,HFET
386642:10204,138:138,10/07/24 04:52:16,STABLE BEAMS,6800,467426.513166619,449187.558214568,61.0,HFET
386642:10204,139:139,10/07/24 04:52:40,STABLE BEAMS,6800,467122.016115191,448945.662260297,60.9,HFET
386642:10204,140:140,10/07/24 04:53:03,STABLE BEAMS,6800,466827.990265715,449611.886656815,60.9,HFET
386642:10204,141:141,10/07/24 04:53:26,STABLE BEAMS,6800,467054.449822095,449055.933900624,60.9,HFET
386642:10204,142:142,10/07/24 04:53:50,STABLE BEAMS,6800,466904.160567361,448876.823198664,60.9,HFET
386642:10204,143:143,10/07/24 04:54:13,STABLE BEAMS,6800,467271.305337504,450277.381425948,60.9,HFET
386642:10204,144:144,10/07/24 04:54:36,STABLE BEAMS,6800,466978.554587642,443634.811758292,60.9,HFET
386642:10204,145:145,10/07/24 04:55:00,STABLE BEAMS,6800,466798.942703933,449394.760736369,60.9,HFET
386642:10204,146:146,10/07/24 04:55:23,STABLE BEAMS,6800,466219.359811013,440764.944823052,60.8,HFET
386642:10204,147:147,10/07/24 04:55:46,STABLE BEAMS,6800,465279.734942328,440907.313075063,60.7,HFET
386642:10204,148:148,10/07/24 04:56:10,STABLE BEAMS,6800,464916.732497624,439022.328886047,60.6,HFET
386642:10204,149:149,10/07/24 04:56:33,STABLE BEAMS,6800,464692.412870761,438827.555671638,60.6,HFET
386642:10204,150:150,10/07/24 04:56:56,STABLE BEAMS,6800,463713.952244169,439893.294186097,60.6,HFET
386642:10204,151:151,10/07/24 04:57:19,STABLE BEAMS,6800,462974.471393387,439328.282861166,60.4,HFET
386642:10204,152:152,10/07/24 04:57:43,STABLE BEAMS,6800,463766.765145199,440389.014220283,60.4,HFET
386642:10204,153:153,10/07/24 04:58:06,STABLE BEAMS,6800,463979.294180015,440713.134285521,60.5,HFET
386642:10204,154:154,10/07/24 04:58:29,STABLE BEAMS,6800,464294.309054953,439040.585888204,60.5,HFET
386642:10204,155:155,10/07/24 04:58:53,STABLE BEAMS,6800,464246.640842860,439586.612914672,60.6,HFET
386642:10204,156:156,10/07/24 04:59:16,STABLE BEAMS,6800,464294.992060780,439119.805239750,60.6,HFET
386642:10204,157:157,10/07/24 04:59:39,STABLE BEAMS,6800,464815.249021001,434570.242822334,60.5,HFET
386642:10204,158:158,10/07/24 05:00:03,STABLE BEAMS,6800,464078.364991006,289200.695372889,60.5,HFET
386642:10204,159:159,10/07/24 05:00:26,STABLE BEAMS,6800,463827.683204108,438793.181596841,60.5,HFET
386642:10204,160:160,10/07/24 05:00:49,STABLE BEAMS,6800,464301.775497485,439875.857723363,60.5,HFET
386642:10204,161:161,10/07/24 05:01:13,STABLE BEAMS,6800,463422.520884402,438029.114867389,60.5,HFET
386642:10204,162:162,10/07/24 05:01:36,STABLE BEAMS,6800,463112.242759768,437857.382027000,60.4,HFET
386642:10204,163:163,10/07/24 05:01:59,STABLE BEAMS,6800,462406.546221073,439510.442613026,60.4,HFET
386642:10204,164:164,10/07/24 05:02:22,STABLE BEAMS,6800,461987.134022129,438194.113223708,60.3,HFET
386642:10204,165:165,10/07/24 05:02:46,STABLE BEAMS,6800,462692.103264518,438056.341857327,60.2,HFET
386642:10204,166:166,10/07/24 05:03:09,STABLE BEAMS,6800,462649.213762131,439267.409092737,60.4,HFET
386642:10204,167:167,10/07/24 05:03:32,STABLE BEAMS,6800,462079.647510972,437726.713454998,60.3,HFET
386642:10204,168:168,10/07/24 05:03:56,STABLE BEAMS,6800,461879.776229184,438905.865902801,60.3,HFET
386642:10204,169:169,10/07/24 05:04:19,STABLE BEAMS,6800,462029.792747803,439243.051659701,60.3,HFET
386642:10204,170:170,10/07/24 05:04:42,STABLE BEAMS,6800,461692.879727019,431860.227223398,60.2,HFET
386642:10204,171:171,10/07/24 05:05:06,STABLE BEAMS,6800,461422.938574465,438172.851462130,60.2,HFET
386642:10204,172:172,10/07/24 05:05:29,STABLE BEAMS,6800,461045.140778293,438345.358220383,60.2,HFET
386642:10204,173:173,10/07/24 05:05:52,STABLE BEAMS,6800,460557.027051313,438177.767705433,60.1,HFET
386642:10204,174:174,10/07/24 05:06:16,STABLE BEAMS,6800,459765.733331922,436804.117110415,60.1,HFET
386642:10204,175:175,10/07/24 05:06:39,STABLE BEAMS,6800,459044.966374568,435840.088187136,59.9,HFET
386642:10204,176:176,10/07/24 05:07:02,STABLE BEAMS,6800,459207.731558253,436234.958797889,59.8,HFET
386642:10204,177:177,10/07/24 05:07:26,STABLE BEAMS,6800,458962.469527486,436581.706636357,59.9,HFET
386642:10204,178:178,10/07/24 05:07:49,STABLE BEAMS,6800,458186.612205987,436802.068092935,59.8,HFET
386642:10204,179:179,10/07/24 05:08:12,STABLE BEAMS,6800,457663.940249055,435372.870242503,59.7,HFET
386642:10204,180:180,10/07/24 05:08:35,STABLE BEAMS,6800,458221.986313205,436289.823047476,59.7,HFET
386642:10204,181:181,10/07/24 05:08:59,STABLE BEAMS,6800,458071.878882547,435263.873701789,59.8,HFET
386642:10204,182:182,10/07/24 05:09:22,STABLE BEAMS,6800,457625.922699492,435691.801328323,59.7,HFET
386642:10204,183:183,10/07/24 05:09:45,STABLE BEAMS,6800,457323.064395832,428889.879175035,59.7,HFET
386642:10204,184:184,10/07/24 05:10:09,STABLE BEAMS,6800,457639.491903981,435888.849674767,59.6,HFET
386642:10204,185:185,10/07/24 05:10:32,STABLE BEAMS,6800,457499.307871968,436230.634648374,59.7,HFET
386642:10204,186:186,10/07/24 05:10:55,STABLE BEAMS,6800,458169.993951597,437229.902476352,59.7,HFET
386642:10204,187:187,10/07/24 05:11:19,STABLE BEAMS,6800,457334.174313130,436495.249287914,59.6,HFET
386642:10204,188:188,10/07/24 05:11:42,STABLE BEAMS,6800,457182.017864993,436569.186416925,59.6,HFET
386642:10204,189:189,10/07/24 05:12:05,STABLE BEAMS,6800,457065.373057671,436838.353651615,59.6,HFET
386642:10204,190:190,10/07/24 05:12:29,STABLE BEAMS,6800,456903.836352042,436707.277140979,59.6,HFET
386642:10204,191:191,10/07/24 05:12:52,STABLE BEAMS,6800,456629.706252492,436592.907465694,59.6,HFET
386642:10204,192:192,10/07/24 05:13:15,STABLE BEAMS,6800,456274.808965665,436212.832206408,59.5,HFET
386642:10204,193:193,10/07/24 05:13:39,STABLE BEAMS,6800,455849.340626323,435726.858408946,59.5,HFET
386642:10204,194:194,10/07/24 05:14:02,STABLE BEAMS,6800,455315.742907248,435699.995067161,59.4,HFET
386642:10204,195:195,10/07/24 05:14:25,STABLE BEAMS,6800,454361.229443980,434280.769568008,59.4,HFET
386642:10204,196:196,10/07/24 05:14:48,STABLE BEAMS,6800,454603.808404077,428214.868945890,59.2,HFET
386642:10204,197:197,10/07/24 05:15:12,STABLE BEAMS,6800,454334.869615022,434162.304188842,59.3,HFET
386642:10204,198:198,10/07/24 05:15:35,STABLE BEAMS,6800,453893.647851193,434332.353990983,59.2,HFET
386642:10204,199:199,10/07/24 05:15:58,STABLE BEAMS,6800,453231.477199153,432955.241745274,59.1,HFET
386642:10204,200:200,10/07/24 05:16:22,STABLE BEAMS,6800,453229.246357597,431921.145282307,59.1,HFET
386642:10204,201:201,10/07/24 05:16:45,STABLE BEAMS,6800,453664.136913835,432869.329869061,59.2,HFET
386642:10204,202:202,10/07/24 05:17:08,STABLE BEAMS,6800,453357.045372698,432443.679705642,59.2,HFET
386642:10204,203:203,10/07/24 05:17:32,STABLE BEAMS,6800,452981.114769929,433087.458153006,59.1,HFET
386642:10204,204:204,10/07/24 05:17:55,STABLE BEAMS,6800,452585.467910233,433560.140144250,59.0,HFET
386642:10204,205:205,10/07/24 05:18:18,STABLE BEAMS,6800,452229.750083984,432704.378134300,59.0,HFET
386642:10204,206:206,10/07/24 05:18:42,STABLE BEAMS,6800,451647.118141163,432993.077470761,59.0,HFET
386642:10204,207:207,10/07/24 05:19:05,STABLE BEAMS,6800,450931.540163226,432203.378208658,58.8,HFET
386642:10204,208:208,10/07/24 05:19:28,STABLE BEAMS,6800,450965.506299390,430156.719780416,58.8,HFET
386642:10204,209:209,10/07/24 05:19:51,STABLE BEAMS,6800,450768.182885753,425620.815148450,58.8,HFET
386642:10204,210:210,10/07/24 05:20:15,STABLE BEAMS,6800,450027.200820800,431972.958150916,58.8,HFET
386642:10204,211:211,10/07/24 05:20:38,STABLE BEAMS,6800,449916.246174646,431724.551496055,58.7,HFET
386642:10204,212:212,10/07/24 05:21:01,STABLE BEAMS,6800,450924.483990406,432604.214047771,58.8,HFET
386642:10204,213:213,10/07/24 05:21:25,STABLE BEAMS,6800,450931.085603035,432110.909010296,58.8,HFET
386642:10204,214:214,10/07/24 05:21:48,STABLE BEAMS,6800,450871.260819664,188651.551139012,58.8,HFET
386642:10204,215:215,10/07/24 05:22:11,STABLE BEAMS,6800,450444.062820515,429731.617420304,58.8,HFET
386642:10204,216:216,10/07/24 05:22:35,STABLE BEAMS,6800,450106.695239539,431247.181707142,58.7,HFET
386642:10204,217:217,10/07/24 05:22:58,STABLE BEAMS,6800,450053.152711124,431653.525883347,58.7,HFET
386642:10204,218:218,10/07/24 05:23:21,STABLE BEAMS,6800,450031.252234200,431134.951961374,58.7,HFET
386642:10204,219:219,10/07/24 05:23:45,STABLE BEAMS,6800,449726.755182772,334105.953087733,58.7,HFET
386642:10204,220:220,10/07/24 05:24:08,STABLE BEAMS,6800,449168.026112796,407259.844585582,58.6,HFET
386642:10204,221:221,10/07/24 05:24:31,STABLE BEAMS,6800,449110.294637384,429139.968868144,58.5,HFET
386642:10204,222:222,10/07/24 05:24:55,STABLE BEAMS,6800,448899.952153644,423618.228079092,58.6,HFET
386642:10204,223:223,10/07/24 05:25:18,STABLE BEAMS,6800,448341.129840552,430508.157747630,58.5,HFET
386642:10204,224:224,10/07/24 05:25:41,STABLE BEAMS,6800,448081.205329758,430221.780164763,58.4,HFET
386642:10204,225:225,10/07/24 05:26:04,STABLE BEAMS,6800,447867.585350483,293949.970558795,58.4,HFET
386642:10204,226:226,10/07/24 05:26:28,STABLE BEAMS,6800,446964.565398151,427368.578105471,58.4,HFET
386642:10204,227:227,10/07/24 05:26:51,STABLE BEAMS,6800,444353.576319726,427275.244077206,58.1,HFET
386642:10204,228:228,10/07/24 05:27:14,STABLE BEAMS,6800,443228.148224414,426141.391466343,57.9,HFET
386642:10204,229:229,10/07/24 05:27:38,STABLE BEAMS,6800,443127.711401771,426223.526996350,57.8,HFET
386642:10204,230:230,10/07/24 05:28:01,STABLE BEAMS,6800,442230.610056242,332763.944544206,57.7,HFET
386642:10204,231:231,10/07/24 05:28:24,STABLE BEAMS,6800,441851.628072494,412804.805241653,57.6,HFET
386642:10204,232:232,10/07/24 05:28:48,STABLE BEAMS,6800,441793.488658448,418562.793783211,57.6,HFET
386642:10204,233:233,10/07/24 05:29:11,STABLE BEAMS,6800,441915.096330631,417759.984538966,57.7,HFET
386642:10204,234:234,10/07/24 05:29:34,STABLE BEAMS,6800,441627.763005823,418518.176952097,57.6,HFET
386642:10204,235:235,10/07/24 05:29:58,STABLE BEAMS,6800,441315.116506037,418570.717117013,57.6,HFET
386642:10204,236:236,10/07/24 05:30:21,STABLE BEAMS,6800,441195.376027256,412323.791977974,57.5,HFET
386642:10204,237:237,10/07/24 05:30:44,STABLE BEAMS,6800,441072.355721862,418240.769357011,57.5,HFET
386642:10204,238:238,10/07/24 05:31:08,STABLE BEAMS,6800,440839.338843334,418250.967822848,57.5,HFET
386642:10204,239:239,10/07/24 05:31:31,STABLE BEAMS,6800,440503.246361973,417868.524188410,57.5,HFET
386642:10204,240:240,10/07/24 05:31:54,STABLE BEAMS,6800,439981.392613386,416991.957308152,57.4,HFET
386642:10204,241:241,10/07/24 05:32:17,STABLE BEAMS,6800,439626.040766368,416761.490628852,57.3,HFET
386642:10204,242:242,10/07/24 05:32:41,STABLE BEAMS,6800,438761.630457388,388883.346712785,57.3,HFET
386642:10204,243:243,10/07/24 05:33:04,STABLE BEAMS,6800,438570.545008227,415995.922685228,57.2,HFET
386642:10204,244:244,10/07/24 05:33:27,STABLE BEAMS,6800,438681.954214572,415607.287707873,57.3,HFET
386642:10204,245:245,10/07/24 05:33:51,STABLE BEAMS,6800,438122.357983616,415429.997577758,57.2,HFET
386642:10204,246:246,10/07/24 05:34:14,STABLE BEAMS,6800,437520.876944850,305614.171561621,57.1,HFET
386642:10204,247:247,10/07/24 05:34:37,STABLE BEAMS,6800,437698.302277484,415526.338696521,57.1,HFET
386642:10204,248:248,10/07/24 05:35:01,STABLE BEAMS,6800,438050.560784121,415993.099749885,57.2,HFET
386642:10204,249:249,10/07/24 05:35:24,STABLE BEAMS,6800,437848.365417661,410077.535004059,57.1,HFET
386642:10204,250:250,10/07/24 05:35:47,STABLE BEAMS,6800,437549.013055171,415147.172557619,57.1,HFET
386642:10204,251:251,10/07/24 05:36:11,STABLE BEAMS,6800,437196.484143497,414323.600402468,57.1,HFET
386642:10204,252:252,10/07/24 05:36:34,STABLE BEAMS,6800,436528.711911249,414646.219253535,56.9,HFET
386642:10204,253:253,10/07/24 05:36:57,STABLE BEAMS,6800,436798.014348458,415170.940227945,56.9,HFET
386642:10204,254:254,10/07/24 05:37:20,STABLE BEAMS,6800,436386.115213604,415083.478184924,57.0,HFET
386642:10204,255:255,10/07/24 05:37:44,STABLE BEAMS,6800,436169.080205197,413882.154855160,56.8,HFET
386642:10204,256:256,10/07/24 05:38:07,STABLE BEAMS,6800,436382.474069915,414998.431138614,56.9,HFET
386642:10204,257:257,10/07/24 05:38:30,STABLE BEAMS,6800,435626.876146494,414819.229524616,56.8,HFET
386642:10204,258:258,10/07/24 05:38:54,STABLE BEAMS,6800,435573.060881964,413972.164766332,56.8,HFET
386642:10204,259:259,10/07/24 05:39:17,STABLE BEAMS,6800,435840.999638597,414805.478496050,56.8,HFET
386642:10204,260:260,10/07/24 05:39:40,STABLE BEAMS,6800,435729.634722731,414639.072168676,56.8,HFET
386642:10204,261:261,10/07/24 05:40:04,STABLE BEAMS,6800,434969.439913680,413806.257289629,56.7,HFET
386642:10204,262:262,10/07/24 05:40:27,STABLE BEAMS,6800,435043.696400365,408425.518740935,56.7,HFET
386642:10204,263:263,10/07/24 05:40:50,STABLE BEAMS,6800,435403.647464091,412875.418253571,56.8,HFET
386642:10204,264:264,10/07/24 05:41:14,STABLE BEAMS,6800,435001.627437402,413857.659888527,56.8,HFET
386642:10204,265:265,10/07/24 05:41:37,STABLE BEAMS,6800,434598.378932656,413671.036122477,56.7,HFET
386642:10204,266:266,10/07/24 05:42:00,STABLE BEAMS,6800,434381.253012210,411622.510500833,56.7,HFET
386642:10204,267:267,10/07/24 05:42:24,STABLE BEAMS,6800,434832.717532357,413868.266292998,56.7,HFET
386642:10204,268:268,10/07/24 05:42:47,STABLE BEAMS,6800,434010.464767301,413718.340686417,56.7,HFET
386642:10204,269:269,10/07/24 05:43:10,STABLE BEAMS,6800,433423.643877484,412994.021166334,56.6,HFET
386642:10204,270:270,10/07/24 05:43:33,STABLE BEAMS,6800,433607.442377112,413731.543911675,56.5,HFET
386642:10204,271:271,10/07/24 05:43:57,STABLE BEAMS,6800,432338.918733483,410488.569309010,56.5,HFET
386642:10204,272:272,10/07/24 05:44:20,STABLE BEAMS,6800,433314.418891136,413645.356968268,56.4,HFET
386642:10204,273:273,10/07/24 05:44:43,STABLE BEAMS,6800,433049.123576847,413343.957919377,56.5,HFET
386642:10204,274:274,10/07/24 05:45:07,STABLE BEAMS,6800,432895.645407538,411884.346495509,56.4,HFET
386642:10204,275:275,10/07/24 05:45:30,STABLE BEAMS,6800,432503.003307263,406592.617825565,56.4,HFET
386642:10204,276:276,10/07/24 05:45:53,STABLE BEAMS,6800,432090.693902698,411920.587763708,56.4,HFET
386642:10204,277:277,10/07/24 05:46:17,STABLE BEAMS,6800,432004.371756773,411975.223567662,56.3,HFET
386642:10204,278:278,10/07/24 05:46:40,STABLE BEAMS,6800,431811.876005479,411883.663489683,56.3,HFET
386642:10204,279:279,10/07/24 05:47:03,STABLE BEAMS,6800,431235.980877806,411236.197277072,56.3,HFET
386642:10204,280:280,10/07/24 05:47:27,STABLE BEAMS,6800,430587.377099176,411341.778788653,56.2,HFET
386642:10204,281:281,10/07/24 05:47:50,STABLE BEAMS,6800,430544.944488059,409346.613871347,56.1,HFET
386642:10204,282:282,10/07/24 05:48:13,STABLE BEAMS,6800,430433.306836079,410807.087794040,56.1,HFET
386642:10204,283:283,10/07/24 05:48:37,STABLE BEAMS,6800,430678.981467635,411475.223674441,56.1,HFET
386642:10204,284:284,10/07/24 05:49:00,STABLE BEAMS,6800,429776.509318612,410289.471945086,56.1,HFET
386642:10204,285:285,10/07/24 05:49:23,STABLE BEAMS,6800,428729.480035424,409825.622408027,56.0,HFET
386642:10204,286:286,10/07/24 05:49:46,STABLE BEAMS,6800,427599.364142444,408703.837787482,55.7,HFET
386642:10204,287:287,10/07/24 05:50:10,STABLE BEAMS,6800,427945.062995855,408691.590304166,56.0,HFET
386642:10204,288:288,10/07/24 05:50:33,STABLE BEAMS,6800,428685.909858289,403350.370519206,55.9,HFET
386642:10204,289:289,10/07/24 05:50:56,STABLE BEAMS,6800,428759.392427109,409954.241962550,55.9,HFET
386642:10204,290:290,10/07/24 05:51:20,STABLE BEAMS,6800,428285.801315482,409329.631968804,56.0,HFET
386642:10204,291:291,10/07/24 05:51:43,STABLE BEAMS,6800,427131.917752176,409113.687904857,55.7,HFET
386642:10204,292:292,10/07/24 05:52:06,STABLE BEAMS,6800,427510.536087770,408854.217954255,55.7,HFET
386642:10204,293:293,10/07/24 05:52:30,STABLE BEAMS,6800,427644.209419193,409056.275787118,55.8,HFET
386642:10204,294:294,10/07/24 05:52:53,STABLE BEAMS,6800,427205.628766631,408417.231758980,55.7,HFET
386642:10204,295:295,10/07/24 05:53:16,STABLE BEAMS,6800,426799.648238580,408164.456664123,55.7,HFET
386642:10204,296:296,10/07/24 05:53:40,STABLE BEAMS,6800,427140.067200534,408589.831760350,55.6,HFET
386642:10204,297:297,10/07/24 05:54:03,STABLE BEAMS,6800,427274.561071380,408571.940737424,55.7,HFET
386642:10204,298:298,10/07/24 05:54:26,STABLE BEAMS,6800,427047.782157327,409041.797462246,55.7,HFET
386642:10204,299:299,10/07/24 05:54:49,STABLE BEAMS,6800,426803.426915865,408084.780421307,55.7,HFET
386642:10204,300:300,10/07/24 05:55:13,STABLE BEAMS,6800,426288.223732544,408478.331641966,55.7,HFET
386642:10204,301:301,10/07/24 05:55:36,STABLE BEAMS,6800,425931.687697949,401556.396273783,55.6,HFET
386642:10204,302:302,10/07/24 05:55:59,STABLE BEAMS,6800,426565.584706072,408714.444191953,55.6,HFET
386642:10204,303:303,10/07/24 05:56:23,STABLE BEAMS,6800,426389.798121205,408060.651433906,55.6,HFET
386642:10204,304:304,10/07/24 05:56:46,STABLE BEAMS,6800,426281.393674280,408472.277832645,55.6,HFET
386642:10204,305:305,10/07/24 05:57:09,STABLE BEAMS,6800,426110.796068832,334733.749664976,55.6,HFET
386642:10204,306:306,10/07/24 05:57:33,STABLE BEAMS,6800,425913.565898311,408069.710002647,55.6,HFET
386642:10204,307:307,10/07/24 05:57:56,STABLE BEAMS,6800,425460.644454473,407394.517949426,55.5,HFET
386642:10204,308:308,10/07/24 05:58:19,STABLE BEAMS,6800,425135.067465544,407542.487781644,55.4,HFET
386642:10204,309:309,10/07/24 05:58:43,STABLE BEAMS,6800,425100.283121036,407425.432704611,55.4,HFET
386642:10204,310:310,10/07/24 05:59:06,STABLE BEAMS,6800,424966.110938941,408146.199661966,55.4,HFET
386642:10204,311:311,10/07/24 05:59:29,STABLE BEAMS,6800,424398.502793223,406633.549222510,55.4,HFET
386642:10204,312:312,10/07/24 05:59:53,STABLE BEAMS,6800,423955.278633472,406551.278489985,55.3,HFET
386642:10204,313:313,10/07/24 06:00:16,STABLE BEAMS,6800,424561.631625061,406972.830618447,55.3,HFET
386642:10204,314:314,10/07/24 06:00:39,STABLE BEAMS,6800,424316.642330409,401772.205135211,55.4,HFET
386642:10204,315:315,10/07/24 06:01:02,STABLE BEAMS,6800,424124.692051345,407616.471532214,55.3,HFET
386642:10204,316:316,10/07/24 06:01:26,STABLE BEAMS,6800,423895.999322331,407298.680343490,55.3,HFET
386642:10204,317:317,10/07/24 06:01:49,STABLE BEAMS,6800,423759.414474605,406627.812439784,55.3,HFET
386642:10204,318:318,10/07/24 06:02:12,STABLE BEAMS,6800,423382.434886778,406885.823135617,55.3,HFET
386642:10204,319:319,10/07/24 06:02:36,STABLE BEAMS,6800,423019.068793920,405279.929579935,55.2,HFET
386642:10204,320:320,10/07/24 06:02:59,STABLE BEAMS,6800,423009.779448466,406317.807051265,55.1,HFET
386642:10204,321:321,10/07/24 06:03:22,STABLE BEAMS,6800,422961.656676181,405676.667384090,55.2,HFET
386642:10204,322:322,10/07/24 06:03:46,STABLE BEAMS,6800,422286.781649555,405639.971555699,55.1,HFET
386642:10204,323:323,10/07/24 06:04:09,STABLE BEAMS,6800,421844.650765343,404007.079455713,55.0,HFET
386642:10204,324:324,10/07/24 06:04:32,STABLE BEAMS,6800,422063.781412787,405644.342326772,55.0,HFET
386642:10204,325:325,10/07/24 06:04:56,STABLE BEAMS,6800,421830.673622221,405290.673518002,55.0,HFET
386642:10204,326:326,10/07/24 06:05:19,STABLE BEAMS,6800,421298.169178683,404786.897278574,55.0,HFET
386642:10204,327:327,10/07/24 06:05:42,STABLE BEAMS,6800,420973.457019657,394730.209930575,54.9,HFET
386642:10204,328:328,10/07/24 06:06:06,STABLE BEAMS,6800,421116.690101571,399957.605512479,54.9,HFET
386642:10204,329:329,10/07/24 06:06:29,STABLE BEAMS,6800,420985.977239089,399935.388008960,54.9,HFET
386642:10204,330:330,10/07/24 06:06:52,STABLE BEAMS,6800,420326.126009565,400225.406735516,54.8,HFET
386642:10204,331:331,10/07/24 06:07:15,STABLE BEAMS,6800,420179.205162404,400268.475730901,54.8,HFET
386642:10204,332:332,10/07/24 06:07:39,STABLE BEAMS,6800,420569.707333162,400508.140843616,54.9,HFET
386642:10204,333:333,10/07/24 06:08:02,STABLE BEAMS,6800,420329.039856947,399875.835961704,54.8,HFET
386642:10204,334:334,10/07/24 06:08:25,STABLE BEAMS,6800,420225.917632556,400440.483638482,54.8,HFET
386642:10204,335:335,10/07/24 06:08:49,STABLE BEAMS,6800,420062.879712756,399465.347128983,54.8,HFET
386642:10204,336:336,10/07/24 06:09:12,STABLE BEAMS,6800,419860.320698143,399962.386553263,54.7,HFET
386642:10204,337:337,10/07/24 06:09:35,STABLE BEAMS,6800,419613.009649896,398977.459516560,54.8,HFET
386642:10204,338:338,10/07/24 06:09:59,STABLE BEAMS,6800,419186.312832497,398325.804356952,54.7,HFET
386642:10204,339:339,10/07/24 06:10:22,STABLE BEAMS,6800,419028.783249788,397774.861087181,54.6,HFET
386642:10204,340:340,10/07/24 06:10:45,STABLE BEAMS,6800,418838.835366645,392849.321445438,54.6,HFET
386642:10204,341:341,10/07/24 06:11:09,STABLE BEAMS,6800,418139.101725233,398938.761292248,54.6,HFET
386642:10204,342:342,10/07/24 06:11:32,STABLE BEAMS,6800,417876.629346288,398828.899921632,54.5,HFET
386642:10204,343:343,10/07/24 06:11:55,STABLE BEAMS,6800,417943.510302480,397738.300461309,54.5,HFET
386642:10204,344:344,10/07/24 06:12:18,STABLE BEAMS,6800,417664.100311473,398747.312194933,54.5,HFET
386642:10204,345:345,10/07/24 06:12:42,STABLE BEAMS,6800,416990.181026788,397765.755896882,54.4,HFET
386642:10204,346:346,10/07/24 06:13:05,STABLE BEAMS,6800,416925.211554479,398053.860808477,54.4,HFET
386642:10204,347:347,10/07/24 06:13:28,STABLE BEAMS,6800,417008.438028945,398266.117107178,54.4,HFET
386642:10204,348:348,10/07/24 06:13:52,STABLE BEAMS,6800,416667.063325050,397542.753329036,54.4,HFET
386642:10204,349:349,10/07/24 06:14:15,STABLE BEAMS,6800,416137.607931413,396991.945261783,54.3,HFET
386642:10204,350:350,10/07/24 06:14:38,STABLE BEAMS,6800,416131.962060725,396822.123905278,54.2,HFET
386642:10204,351:351,10/07/24 06:15:02,STABLE BEAMS,6800,416212.456511886,397075.992275672,54.3,HFET
386642:10204,352:352,10/07/24 06:15:25,STABLE BEAMS,6800,415831.791489890,397348.026736186,54.2,HFET
386642:10204,353:353,10/07/24 06:15:48,STABLE BEAMS,6800,415356.060448746,391278.529260859,54.2,HFET
386642:10204,354:354,10/07/24 06:16:12,STABLE BEAMS,6800,415190.926889908,396983.933347022,54.2,HFET
386642:10204,355:355,10/07/24 06:16:35,STABLE BEAMS,6800,414906.961972673,395679.485461789,54.1,HFET
386642:10204,356:356,10/07/24 06:16:58,STABLE BEAMS,6800,414418.666421617,395817.438652246,54.1,HFET
386642:10204,357:357,10/07/24 06:17:22,STABLE BEAMS,6800,414070.825307611,396231.706162252,54.0,HFET
386642:10204,358:358,10/07/24 06:17:45,STABLE BEAMS,6800,414572.599151118,395803.916069315,54.1,HFET
386642:10204,359:359,10/07/24 06:18:08,STABLE BEAMS,6800,414351.466107753,395547.770235807,54.1,HFET
386642:10204,360:360,10/07/24 06:18:31,STABLE BEAMS,6800,414347.230539198,395162.324173026,54.1,HFET
386642:10204,361:361,10/07/24 06:18:55,STABLE BEAMS,6800,414269.740847458,395095.578419353,54.0,HFET
386642:10204,362:362,10/07/24 06:19:18,STABLE BEAMS,6800,414213.603829333,396005.109072276,54.0,HFET
386642:10204,363:363,10/07/24 06:19:41,STABLE BEAMS,6800,413989.647850624,393736.221994052,54.0,HFET
386642:10204,364:364,10/07/24 06:20:05,STABLE BEAMS,6800,413820.052608675,395344.257810330,54.0,HFET
386642:10204,365:365,10/07/24 06:20:28,STABLE BEAMS,6800,413545.603151451,389654.877553691,53.9,HFET
386642:10204,366:366,10/07/24 06:20:51,STABLE BEAMS,6800,413243.702920810,395359.600965105,53.9,HFET
386642:10204,367:367,10/07/24 06:21:15,STABLE BEAMS,6800,413264.008940446,395154.811108936,53.9,HFET
386642:10204,368:368,10/07/24 06:21:38,STABLE BEAMS,6800,413121.274709204,395218.733927266,53.9,HFET
386642:10204,369:369,10/07/24 06:22:01,STABLE BEAMS,6800,412410.706217687,394577.731793687,53.9,HFET
386642:10204,370:370,10/07/24 06:22:25,STABLE BEAMS,6800,412377.287884831,394056.337267448,53.8,HFET
386642:10204,371:371,10/07/24 06:22:48,STABLE BEAMS,6800,412544.151103475,394867.524405686,53.8,HFET
386642:10204,372:372,10/07/24 06:23:11,STABLE BEAMS,6800,412282.315108798,394553.738008804,53.8,HFET
386642:10204,373:373,10/07/24 06:23:35,STABLE BEAMS,6800,411927.054173819,394190.099179831,53.7,HFET
386642:10204,374:374,10/07/24 06:23:58,STABLE BEAMS,6800,411862.630173740,362357.796765014,53.7,HFET
386642:10204,375:375,10/07/24 06:24:21,STABLE BEAMS,6800,411756.866838082,45.062191707,53.7,HFET
386642:10204,376:376,10/07/24 06:24:44,STABLE BEAMS,6800,411325.435601456,178822.005653895,53.7,HFET
386642:10204,377:377,10/07/24 06:25:08,STABLE BEAMS,6800,410827.759792908,391328.791962661,53.6,HFET
386642:10204,378:378,10/07/24 06:25:31,STABLE BEAMS,6800,410924.233783112,392573.643510158,53.6,HFET
386642:10204,379:379,10/07/24 06:25:54,STABLE BEAMS,6800,410879.798776074,210862.273086097,53.6,HFET
386642:10204,381:381,10/07/24 06:26:41,STABLE BEAMS,6800,409989.345664732,246763.899971162,53.5,HFET
386642:10204,382:382,10/07/24 06:27:04,STABLE BEAMS,6800,410234.425871422,393123.586747508,53.5,HFET
386642:10204,383:383,10/07/24 06:27:28,STABLE BEAMS,6800,410031.458918175,392986.545008511,53.5,HFET
386642:10204,384:384,10/07/24 06:27:51,STABLE BEAMS,6800,409617.238029728,392613.435010008,53.5,HFET
386642:10204,385:385,10/07/24 06:28:14,STABLE BEAMS,6800,409312.922802376,392221.340713041,53.4,HFET
386642:10204,386:386,10/07/24 06:28:38,STABLE BEAMS,6800,409638.772527420,392173.534967351,53.4,HFET
386642:10204,387:387,10/07/24 06:29:01,STABLE BEAMS,6800,409451.465755544,391969.020178375,53.4,HFET
386642:10204,388:388,10/07/24 06:29:24,STABLE BEAMS,6800,409281.826223115,392092.993894633,53.4,HFET
386642:10204,389:389,10/07/24 06:29:47,STABLE BEAMS,6800,408953.244474765,391295.511163402,53.4,HFET
386642:10204,390:390,10/07/24 06:30:11,STABLE BEAMS,6800,408792.390774963,391860.161171259,53.3,HFET
386642:10204,391:391,10/07/24 06:30:34,STABLE BEAMS,6800,408449.468235338,262715.417127017,53.3,HFET
386642:10204,392:392,10/07/24 06:30:57,STABLE BEAMS,6800,407803.458946418,290510.378859098,53.2,HFET
386642:10204,393:393,10/07/24 06:31:21,STABLE BEAMS,6800,407249.235850033,391276.160885707,53.2,HFET
386642:10204,394:394,10/07/24 06:31:44,STABLE BEAMS,6800,406476.474199992,385497.866324513,53.0,HFET
386642:10204,395:395,10/07/24 06:32:07,STABLE BEAMS,6800,406001.517076713,390654.236293708,53.0,HFET
386642:10204,396:396,10/07/24 06:32:31,STABLE BEAMS,6800,404650.219187731,388734.376848145,52.8,HFET
386642:10204,397:397,10/07/24 06:32:54,STABLE BEAMS,6800,405422.071717389,389967.342229401,52.7,HFET
386642:10204,398:398,10/07/24 06:33:17,STABLE BEAMS,6800,405448.067898193,389162.483967677,52.9,HFET
386642:10204,399:399,10/07/24 06:33:41,STABLE BEAMS,6800,404407.097086482,388959.517014430,52.9,HFET
386642:10204,400:400,10/07/24 06:34:04,STABLE BEAMS,6800,403945.751127093,387948.913154596,52.7,HFET
386642:10204,401:401,10/07/24 06:34:27,STABLE BEAMS,6800,404987.087918035,389458.011031324,52.8,HFET
386642:10204,402:402,10/07/24 06:34:51,STABLE BEAMS,6800,404675.534693787,388494.483289795,52.8,HFET
386642:10204,403:403,10/07/24 06:35:14,STABLE BEAMS,6800,404346.314230091,388841.823222051,52.7,HFET
386642:10204,404:404,10/07/24 06:35:37,STABLE BEAMS,6800,404336.390831447,388552.214765207,52.7,HFET
386642:10204,405:405,10/07/24 06:36:00,STABLE BEAMS,6800,404867.484972851,388585.404652428,52.8,HFET
386642:10204,406:406,10/07/24 06:36:24,STABLE BEAMS,6800,404916.108926886,388537.463704220,52.8,HFET
386642:10204,407:407,10/07/24 06:36:47,STABLE BEAMS,6800,405067.127809004,382578.144626104,52.8,HFET
386642:10204,408:408,10/07/24 06:37:10,STABLE BEAMS,6800,404823.457904447,388982.326611737,52.8,HFET
386642:10204,409:409,10/07/24 06:37:34,STABLE BEAMS,6800,404702.624150129,389104.207020035,52.8,HFET
386642:10204,410:410,10/07/24 06:37:57,STABLE BEAMS,6800,404341.169541154,387293.842965857,52.8,HFET
386642:10204,411:411,10/07/24 06:38:20,STABLE BEAMS,6800,403975.847673933,388323.249300078,52.7,HFET
386642:10204,412:412,10/07/24 06:38:44,STABLE BEAMS,6800,403946.709200112,387749.086163289,52.7,HFET
386642:10204,413:413,10/07/24 06:39:07,STABLE BEAMS,6800,403847.773591640,387940.761375160,52.7,HFET
386642:10204,414:414,10/07/24 06:39:30,STABLE BEAMS,6800,403226.168357314,387957.197805473,52.7,HFET
386642:10204,415:415,10/07/24 06:39:54,STABLE BEAMS,6800,403006.809264235,386614.552877678,52.6,HFET
386642:10204,416:416,10/07/24 06:40:17,STABLE BEAMS,6800,403389.844992461,388039.195801883,52.6,HFET
386642:10204,417:417,10/07/24 06:40:40,STABLE BEAMS,6800,403153.685820915,387408.758113373,52.6,HFET
386642:10204,418:418,10/07/24 06:41:03,STABLE BEAMS,6800,400733.644658055,385457.617933393,52.5,HFET
386642:10204,419:419,10/07/24 06:41:27,STABLE BEAMS,6800,398686.622581659,384310.790542908,52.0,HFET
386642:10204,420:420,10/07/24 06:41:50,STABLE BEAMS,6800,396708.619059895,376686.025861854,51.8,HFET
386642:10204,421:421,10/07/24 06:42:13,STABLE BEAMS,6800,395217.048557940,381040.749794680,51.6,HFET
386642:10204,422:422,10/07/24 06:42:37,STABLE BEAMS,6800,394247.693121647,380205.044379030,51.4,HFET
386642:10204,423:423,10/07/24 06:43:00,STABLE BEAMS,6800,394079.965073100,380536.698488059,51.4,HFET
386642:10204,424:424,10/07/24 06:43:23,STABLE BEAMS,6800,393817.264248521,380267.622165408,51.4,HFET
386642:10204,425:425,10/07/24 06:43:47,STABLE BEAMS,6800,393339.393277859,379353.562228115,51.3,HFET
386642:10204,426:426,10/07/24 06:44:10,STABLE BEAMS,6800,393030.798191473,379595.730918501,51.3,HFET
386642:10204,427:427,10/07/24 06:44:33,STABLE BEAMS,6800,392942.154291954,379556.531512440,51.2,HFET
386642:10204,428:428,10/07/24 06:44:57,STABLE BEAMS,6800,392600.231784750,378913.846340613,51.2,HFET
386642:10204,429:429,10/07/24 06:45:20,STABLE BEAMS,6800,391926.039763951,377777.991333830,51.2,HFET
386642:10204,430:430,10/07/24 06:45:43,STABLE BEAMS,6800,391753.850032293,378192.554890729,51.1,HFET
386642:10204,431:431,10/07/24 06:46:07,STABLE BEAMS,6800,392591.536864162,378988.240360895,51.1,HFET
386642:10204,432:432,10/07/24 06:46:30,STABLE BEAMS,6800,392478.122930818,379060.652964956,51.2,HFET
386642:10204,433:433,10/07/24 06:46:53,STABLE BEAMS,6800,392377.140635944,373700.994353763,51.2,HFET
386642:10204,434:434,10/07/24 06:47:16,STABLE BEAMS,6800,392256.898975414,378363.994015302,51.2,HFET
386642:10204,435:435,10/07/24 06:47:40,STABLE BEAMS,6800,391887.933633427,379015.420729275,51.1,HFET
386642:10204,436:436,10/07/24 06:48:03,STABLE BEAMS,6800,391799.196490792,378918.308023725,51.1,HFET
386642:10204,437:437,10/07/24 06:48:27,STABLE BEAMS,6800,391922.717977935,378285.751385398,51.1,HFET
386642:10204,438:438,10/07/24 06:48:50,STABLE BEAMS,6800,391695.754908728,378914.802082554,51.1,HFET
386642:10204,439:439,10/07/24 06:49:13,STABLE BEAMS,6800,391356.564424830,377667.514558646,51.0,HFET
386642:10204,440:440,10/07/24 06:49:36,STABLE BEAMS,6800,391406.647633633,377072.315774836,51.0,HFET
386642:10204,441:441,10/07/24 06:50:00,STABLE BEAMS,6800,391251.257980441,378299.637616482,51.0,HFET
386642:10204,442:442,10/07/24 06:50:23,STABLE BEAMS,6800,390986.916077016,378172.272181872,51.0,HFET
386642:10204,443:443,10/07/24 06:50:46,STABLE BEAMS,6800,390832.071896054,378063.002905044,51.0,HFET
386642:10204,444:444,10/07/24 06:51:10,STABLE BEAMS,6800,390341.955773154,377706.350316555,51.0,HFET
386642:10204,445:445,10/07/24 06:51:33,STABLE BEAMS,6800,389885.437476107,377105.710796913,50.8,HFET
386642:10204,446:446,10/07/24 06:51:56,STABLE BEAMS,6800,388890.493797644,370296.711491103,50.8,HFET
386642:10204,447:447,10/07/24 06:52:20,STABLE BEAMS,6800,388506.413746516,375514.477390179,50.7,HFET
386642:10204,448:448,10/07/24 06:52:43,STABLE BEAMS,6800,388793.518625690,376114.389613514,50.7,HFET
386642:10204,449:449,10/07/24 06:53:06,STABLE BEAMS,6800,388601.614968184,376128.571891492,50.7,HFET
386642:10204,450:450,10/07/24 06:53:29,STABLE BEAMS,6800,387849.933255644,375459.867228083,50.6,HFET
386642:10204,451:451,10/07/24 06:53:53,STABLE BEAMS,6800,387899.240215504,375581.041319775,50.6,HFET
386642:10204,452:452,10/07/24 06:54:16,STABLE BEAMS,6800,388517.521332737,375635.448678093,50.7,HFET
386642:10204,453:453,10/07/24 06:54:39,STABLE BEAMS,6800,388388.810866175,374524.909177365,50.7,HFET
386642:10204,454:454,10/07/24 06:55:03,STABLE BEAMS,6800,388293.702887624,376144.803186950,50.6,HFET
386642:10204,455:455,10/07/24 06:55:26,STABLE BEAMS,6800,387914.310634165,375044.210395645,50.6,HFET
386642:10204,456:456,10/07/24 06:55:49,STABLE BEAMS,6800,387430.064165431,373677.935331120,50.5,HFET
386642:10204,457:457,10/07/24 06:56:13,STABLE BEAMS,6800,387614.594623521,374421.831243455,50.5,HFET
386642:10204,458:458,10/07/24 06:56:36,STABLE BEAMS,6800,387605.624635740,374415.411454902,50.6,HFET
386642:10204,459:459,10/07/24 06:56:59,STABLE BEAMS,6800,387214.987262464,366448.724266645,50.5,HFET
386642:10204,460:460,10/07/24 06:57:23,STABLE BEAMS,6800,386958.431159244,374276.162185129,50.5,HFET
386642:10204,461:461,10/07/24 06:57:46,STABLE BEAMS,6800,387175.149141056,374615.033311354,50.4,HFET
386642:10204,462:462,10/07/24 06:58:09,STABLE BEAMS,6800,387077.717077833,374947.848297180,50.5,HFET
386642:10204,463:463,10/07/24 06:58:32,STABLE BEAMS,6800,386762.429466780,373641.283793209,50.5,HFET
386642:10204,464:464,10/07/24 06:58:56,STABLE BEAMS,6800,386653.614750143,374492.672701008,50.4,HFET
386642:10204,465:465,10/07/24 06:59:19,STABLE BEAMS,6800,386834.639267064,373193.280923752,50.4,HFET
386642:10204,466:466,10/07/24 06:59:42,STABLE BEAMS,6800,386508.971366096,373320.396933026,50.4,HFET
386642:10204,467:467,10/07/24 07:00:06,STABLE BEAMS,6800,386315.655075379,374325.583367808,50.4,HFET
386642:10204,468:468,10/07/24 07:00:29,STABLE BEAMS,6800,386101.897562507,374136.957205837,50.4,HFET
386642:10204,469:469,10/07/24 07:00:52,STABLE BEAMS,6800,385858.090124353,372796.405586001,50.3,HFET
386642:10204,470:470,10/07/24 07:01:16,STABLE BEAMS,6800,385382.494285727,373567.435245157,50.3,HFET
386642:10204,471:471,10/07/24 07:01:39,STABLE BEAMS,6800,384722.964744954,372392.245629794,50.2,HFET
386642:10204,472:472,10/07/24 07:02:02,STABLE BEAMS,6800,384991.311440221,367931.828293647,50.2,HFET
386642:10204,473:473,10/07/24 07:02:26,STABLE BEAMS,6800,385173.380280044,373421.607673535,50.2,HFET
386642:10204,474:474,10/07/24 07:02:49,STABLE BEAMS,6800,384893.970289036,372511.007055854,50.2,HFET
386642:10204,475:475,10/07/24 07:03:12,STABLE BEAMS,6800,384772.863798603,373026.758042483,50.2,HFET
386642:10204,476:476,10/07/24 07:03:36,STABLE BEAMS,6800,384851.493387439,373120.434739200,50.2,HFET
386642:10204,477:477,10/07/24 07:03:59,STABLE BEAMS,6800,384809.058445244,372473.513998819,50.2,HFET
386642:10204,478:478,10/07/24 07:04:22,STABLE BEAMS,6800,384522.182011705,371768.066885460,50.2,HFET
386642:10204,479:479,10/07/24 07:04:45,STABLE BEAMS,6800,384315.800029327,372098.651029731,50.1,HFET
386642:10204,480:480,10/07/24 07:05:09,STABLE BEAMS,6800,384141.514658632,371835.905914671,50.1,HFET
386642:10204,481:481,10/07/24 07:05:32,STABLE BEAMS,6800,384002.880793426,372036.504492765,50.1,HFET
386642:10204,482:482,10/07/24 07:05:55,STABLE BEAMS,6800,383292.766862100,168327.158412896,50.0,HFET
386642:10204,483:483,10/07/24 07:06:19,STABLE BEAMS,6800,383070.766657754,370236.816775395,50.0,HFET
386642:10204,484:484,10/07/24 07:06:42,STABLE BEAMS,6800,383082.788026513,371624.446844614,50.0,HFET
386642:10204,485:485,10/07/24 07:07:05,STABLE BEAMS,6800,383220.237704143,366216.938197251,49.9,HFET
386642:10204,486:486,10/07/24 07:07:29,STABLE BEAMS,6800,381937.280026122,370446.795610982,49.8,HFET
386642:10204,487:487,10/07/24 07:07:52,STABLE BEAMS,6800,381244.376442974,369831.519253170,49.8,HFET
386642:10204,488:488,10/07/24 07:08:15,STABLE BEAMS,6800,380520.763239496,369053.407779336,49.6,HFET
386642:10204,489:489,10/07/24 07:08:39,STABLE BEAMS,6800,381376.707073523,367767.878922385,49.6,HFET
386642:10204,490:490,10/07/24 07:09:02,STABLE BEAMS,6800,381974.160009668,369997.904600843,49.8,HFET
386642:10204,491:491,10/07/24 07:09:25,STABLE BEAMS,6800,381750.248321439,369808.982391978,49.8,HFET
386642:10204,492:492,10/07/24 07:09:49,STABLE BEAMS,6800,381630.915781292,370115.892109038,49.8,HFET
386642:10204,493:493,10/07/24 07:10:12,STABLE BEAMS,6800,381216.513068767,369247.134339764,49.8,HFET
386642:10204,494:494,10/07/24 07:10:35,STABLE BEAMS,6800,380949.168737000,367762.505787813,49.7,HFET
386642:10204,495:495,10/07/24 07:10:58,STABLE BEAMS,6800,380995.470937440,369601.553755620,49.7,HFET
386642:10204,496:496,10/07/24 07:11:22,STABLE BEAMS,6800,380838.988008711,368935.056622987,49.7,HFET
386642:10204,497:497,10/07/24 07:11:45,STABLE BEAMS,6800,380397.085570133,366600.405174889,49.6,HFET
386642:10204,498:498,10/07/24 07:12:08,STABLE BEAMS,6800,380271.083816098,363157.237601685,49.6,HFET
386642:10204,499:499,10/07/24 07:12:32,STABLE BEAMS,6800,380433.051771140,366890.629036301,49.6,HFET
386642:10204,500:500,10/07/24 07:12:55,STABLE BEAMS,6800,380371.770064078,262662.648516466,49.6,HFET
386642:10204,501:501,10/07/24 07:13:18,STABLE BEAMS,6800,380330.817687431,267450.304900089,49.6,HFET
386642:10204,502:502,10/07/24 07:13:42,STABLE BEAMS,6800,380211.235721948,368568.457325074,49.6,HFET
386642:10204,503:503,10/07/24 07:14:05,STABLE BEAMS,6800,380044.736151458,367589.861495963,49.6,HFET
386642:10204,504:504,10/07/24 07:14:28,STABLE BEAMS,6800,379850.806787251,368134.475889220,49.6,HFET
386642:10204,505:505,10/07/24 07:14:52,STABLE BEAMS,6800,379703.179623485,367957.141468624,49.5,HFET
386642:10204,506:506,10/07/24 07:15:15,STABLE BEAMS,6800,379393.218525446,368072.285061775,49.5,HFET
386642:10204,507:507,10/07/24 07:15:38,STABLE BEAMS,6800,379078.455406922,366826.137434962,49.4,HFET
386642:10204,508:508,10/07/24 07:16:01,STABLE BEAMS,6800,379109.095094914,367446.124901222,49.4,HFET
386642:10204,509:509,10/07/24 07:16:25,STABLE BEAMS,6800,378835.899757603,367709.145083474,49.4,HFET
386642:10204,510:510,10/07/24 07:16:48,STABLE BEAMS,6800,377911.664665252,366945.649468108,49.3,HFET
386642:10204,511:511,10/07/24 07:17:11,STABLE BEAMS,6800,377939.164391305,365130.345859848,49.3,HFET
386642:10204,512:512,10/07/24 07:17:35,STABLE BEAMS,6800,378518.427926552,362812.037598946,49.4,HFET
386642:10204,513:513,10/07/24 07:17:58,STABLE BEAMS,6800,378336.629491767,366932.378641591,49.4,HFET
386642:10204,514:514,10/07/24 07:18:21,STABLE BEAMS,6800,378283.930813554,367369.523350163,49.3,HFET
386642:10204,515:515,10/07/24 07:18:45,STABLE BEAMS,6800,377986.217198831,366440.826574701,49.3,HFET
386642:10204,516:516,10/07/24 07:19:08,STABLE BEAMS,6800,377793.334488605,366893.883221057,49.3,HFET
386642:10204,517:517,10/07/24 07:19:31,STABLE BEAMS,6800,377836.995577778,354497.420715723,49.3,HFET
386642:10204,518:518,10/07/24 07:19:55,STABLE BEAMS,6800,377826.729510681,170489.768152783,49.3,HFET
386642:10204,519:519,10/07/24 07:20:18,STABLE BEAMS,6800,377539.783144805,364367.122980597,49.3,HFET
386642:10204,520:520,10/07/24 07:20:41,STABLE BEAMS,6800,377180.834444579,365515.314051657,49.2,HFET
386642:10204,521:521,10/07/24 07:21:05,STABLE BEAMS,6800,376910.620555909,365401.219443564,49.2,HFET
386642:10204,522:522,10/07/24 07:21:28,STABLE BEAMS,6800,376580.672795907,365242.256247943,49.1,HFET
386642:10204,523:523,10/07/24 07:21:51,STABLE BEAMS,6800,375949.074230600,275313.026013753,49.1,HFET
386642:10204,524:524,10/07/24 07:22:14,STABLE BEAMS,6800,375552.175582069,361491.178925257,49.0,HFET
386642:10204,525:525,10/07/24 07:22:38,STABLE BEAMS,6800,375699.301564086,358373.998610694,49.0,HFET
386642:10204,526:526,10/07/24 07:23:01,STABLE BEAMS,6800,375415.772558419,364032.417490589,49.0,HFET
386642:10204,527:527,10/07/24 07:23:24,STABLE BEAMS,6800,374650.316506535,362566.251075651,48.9,HFET
386642:10204,528:528,10/07/24 07:23:48,STABLE BEAMS,6800,374531.100520283,363500.980680733,48.9,HFET
386642:10204,529:529,10/07/24 07:24:11,STABLE BEAMS,6800,375243.785630539,268508.395147939,49.0,HFET
386642:10204,530:530,10/07/24 07:24:34,STABLE BEAMS,6800,375132.012776040,362998.045960429,48.9,HFET
386642:10204,531:531,10/07/24 07:24:58,STABLE BEAMS,6800,375641.798534309,363114.212896780,49.0,HFET
386642:10204,532:532,10/07/24 07:25:21,STABLE BEAMS,6800,375114.825738641,363918.821733168,48.9,HFET
386642:10204,533:533,10/07/24 07:25:44,STABLE BEAMS,6800,374992.945330344,364022.195713973,48.9,HFET
386642:10204,534:534,10/07/24 07:26:08,STABLE BEAMS,6800,374750.116944910,277951.561439790,48.9,HFET
386642:10204,535:535,10/07/24 07:26:31,STABLE BEAMS,6800,374795.144045736,363724.824767703,48.8,HFET
386642:10204,536:536,10/07/24 07:26:54,STABLE BEAMS,6800,374559.875345951,363461.074958066,48.9,HFET
386642:10204,537:537,10/07/24 07:27:18,STABLE BEAMS,6800,374314.314937212,362950.673795230,48.8,HFET
386642:10204,538:538,10/07/24 07:27:41,STABLE BEAMS,6800,373923.540030339,362335.215613342,48.8,HFET
386642:10204,539:539,10/07/24 07:28:04,STABLE BEAMS,6800,373666.575988486,357020.197144042,48.7,HFET
386642:10204,540:540,10/07/24 07:28:27,STABLE BEAMS,6800,373607.182454527,361486.306972435,48.7,HFET
386642:10204,541:541,10/07/24 07:28:51,STABLE BEAMS,6800,373368.498725610,362439.929963942,48.7,HFET
386642:10204,542:542,10/07/24 07:29:14,STABLE BEAMS,6800,372964.839951153,321353.977891005,48.7,HFET
386642:10204,543:543,10/07/24 07:29:37,STABLE BEAMS,6800,372858.552122966,362191.865977533,48.6,HFET
386642:10204,544:544,10/07/24 07:30:01,STABLE BEAMS,6800,373031.629995306,361732.753190778,48.7,HFET
386642:10204,545:545,10/07/24 07:30:24,STABLE BEAMS,6800,372891.718699408,361170.427267593,48.6,HFET
386642:10204,546:546,10/07/24 07:30:47,STABLE BEAMS,6800,372916.509712934,361585.149337791,48.6,HFET
386642:10204,547:547,10/07/24 07:31:11,STABLE BEAMS,6800,372624.600482197,361968.320268535,48.6,HFET
386642:10204,548:548,10/07/24 07:31:34,STABLE BEAMS,6800,372397.548832029,361541.966119588,48.6,HFET
386642:10204,549:549,10/07/24 07:31:57,STABLE BEAMS,6800,372220.897417260,360969.893959680,48.6,HFET
386642:10204,550:550,10/07/24 07:32:21,STABLE BEAMS,6800,372023.893361296,359210.888213920,48.5,HFET
386642:10204,551:551,10/07/24 07:32:44,STABLE BEAMS,6800,371074.298472409,359979.232471329,48.5,HFET
386642:10204,552:552,10/07/24 07:33:07,STABLE BEAMS,6800,370786.237851294,355029.174552174,48.4,HFET
386642:10204,553:553,10/07/24 07:33:30,STABLE BEAMS,6800,370916.722268141,359438.828004770,48.4,HFET
386642:10204,554:554,10/07/24 07:33:54,STABLE BEAMS,6800,370626.020535759,360030.474225851,48.4,HFET
386642:10204,555:555,10/07/24 07:34:17,STABLE BEAMS,6800,369778.000035534,358249.090132196,48.3,HFET
386642:10204,556:556,10/07/24 07:34:40,STABLE BEAMS,6800,369531.735641267,359186.551760584,48.2,HFET
386642:10204,557:557,10/07/24 07:35:04,STABLE BEAMS,6800,369873.177946422,359449.504341578,48.3,HFET
386642:10204,558:558,10/07/24 07:35:27,STABLE BEAMS,6800,369700.032472823,359349.226032231,48.2,HFET
386642:10204,559:559,10/07/24 07:35:50,STABLE BEAMS,6800,369358.520235331,358359.657819418,48.2,HFET
386642:10204,560:560,10/07/24 07:36:14,STABLE BEAMS,6800,369546.281567399,357619.948523002,48.1,HFET
386642:10204,561:561,10/07/24 07:36:37,STABLE BEAMS,6800,369708.501278854,359179.199540870,48.2,HFET
386642:10204,562:562,10/07/24 07:37:00,STABLE BEAMS,6800,369762.246611047,359190.582194283,48.2,HFET
386642:10204,563:563,10/07/24 07:37:24,STABLE BEAMS,6800,369207.797400106,358781.594575734,48.2,HFET
386642:10204,564:564,10/07/24 07:37:47,STABLE BEAMS,6800,367340.270653525,357194.960385708,48.0,HFET
386642:10204,565:565,10/07/24 07:38:10,STABLE BEAMS,6800,365823.818226005,350651.666663898,47.8,HFET
386642:10204,566:566,10/07/24 07:38:34,STABLE BEAMS,6800,363916.546601132,354046.501667806,47.6,HFET
386642:10204,567:567,10/07/24 07:38:57,STABLE BEAMS,6800,362468.136006601,352504.985490644,47.3,HFET
386642:10204,568:568,10/07/24 07:39:20,STABLE BEAMS,6800,361531.266472001,351825.059018197,47.1,HFET
386642:10204,569:569,10/07/24 07:39:43,STABLE BEAMS,6800,361450.406041609,351752.031009568,47.1,HFET
386642:10204,570:570,10/07/24 07:40:07,STABLE BEAMS,6800,361308.242924454,351029.396858811,47.2,HFET
386642:10204,571:571,10/07/24 07:40:30,STABLE BEAMS,6800,360734.100767366,351060.810464668,47.1,HFET
386642:10204,572:572,10/07/24 07:40:53,STABLE BEAMS,6800,359985.218679391,350258.388179355,47.0,HFET
386642:10204,573:573,10/07/24 07:41:17,STABLE BEAMS,6800,360298.527205302,350153.806700195,46.9,HFET
386642:10204,574:574,10/07/24 07:41:40,STABLE BEAMS,6800,360539.828734707,350911.430330316,47.0,HFET
386642:10204,575:575,10/07/24 07:42:03,STABLE BEAMS,6800,360246.646735434,350700.677576865,47.0,HFET
386642:10204,576:576,10/07/24 07:42:27,STABLE BEAMS,6800,360108.353207602,350612.420636278,47.0,HFET
386642:10204,577:577,10/07/24 07:42:50,STABLE BEAMS,6800,360135.463643645,345527.710332981,47.0,HFET
386642:10204,578:578,10/07/24 07:43:13,STABLE BEAMS,6800,360017.546067787,349986.579833398,47.0,HFET
386642:10204,579:579,10/07/24 07:43:37,STABLE BEAMS,6800,360313.618603664,350230.067913879,46.9,HFET
386642:10204,580:580,10/07/24 07:44:00,STABLE BEAMS,6800,360198.020450321,350596.893326349,47.0,HFET
386642:10204,581:581,10/07/24 07:44:23,STABLE BEAMS,6800,360364.587622071,350286.386756080,47.0,HFET
386642:10204,582:582,10/07/24 07:44:47,STABLE BEAMS,6800,360309.863237157,350625.236902604,47.0,HFET
386642:10204,583:583,10/07/24 07:45:10,STABLE BEAMS,6800,360312.117389492,350168.354957404,47.0,HFET
386642:10204,584:584,10/07/24 07:45:33,STABLE BEAMS,6800,360115.523603240,350463.357528522,47.0,HFET
386642:10204,585:585,10/07/24 07:45:56,STABLE BEAMS,6800,359904.404870557,350350.652242861,47.0,HFET
386642:10204,586:586,10/07/24 07:46:20,STABLE BEAMS,6800,359531.956898179,349483.416667460,46.9,HFET
386642:10204,587:587,10/07/24 07:46:43,STABLE BEAMS,6800,359225.979612281,349788.643346272,46.9,HFET
386642:10204,588:588,10/07/24 07:47:06,STABLE BEAMS,6800,359072.615665789,349523.005363532,46.8,HFET
386642:10204,589:589,10/07/24 07:47:30,STABLE BEAMS,6800,358752.912993182,349353.524344400,46.8,HFET
386642:10204,590:590,10/07/24 07:47:53,STABLE BEAMS,6800,357930.434113569,343074.022391630,46.8,HFET
386642:10204,591:591,10/07/24 07:48:16,STABLE BEAMS,6800,357574.944732955,348310.844852584,46.6,HFET
386642:10204,592:592,10/07/24 07:48:40,STABLE BEAMS,6800,358573.072663838,348820.129429103,46.7,HFET
386642:10204,593:593,10/07/24 07:49:03,STABLE BEAMS,6800,357839.034879966,347496.492110550,46.8,HFET
386642:10204,594:594,10/07/24 07:49:26,STABLE BEAMS,6800,358165.113050645,348739.634977942,46.6,HFET
386642:10204,595:595,10/07/24 07:49:50,STABLE BEAMS,6800,357924.287061132,347538.241715841,46.7,HFET
386642:10204,596:596,10/07/24 07:50:13,STABLE BEAMS,6800,357644.944671384,347341.899686002,46.7,HFET
386642:10204,597:597,10/07/24 07:50:36,STABLE BEAMS,6800,357842.857847731,348048.733790715,46.6,HFET
386642:10204,598:598,10/07/24 07:50:59,STABLE BEAMS,6800,358251.889756761,348844.442571659,46.7,HFET
386642:10204,599:599,10/07/24 07:51:23,STABLE BEAMS,6800,358031.006138732,347909.803878615,46.7,HFET
386642:10204,600:600,10/07/24 07:51:46,STABLE BEAMS,6800,358028.684385138,348139.701774906,46.7,HFET
386642:10204,601:601,10/07/24 07:52:09,STABLE BEAMS,6800,357575.809562858,347519.758599127,46.7,HFET
386642:10204,602:602,10/07/24 07:52:33,STABLE BEAMS,6800,357273.816089101,347439.194215629,46.6,HFET
386642:10204,603:603,10/07/24 07:52:56,STABLE BEAMS,6800,357339.104919083,342545.250003819,46.6,HFET
386642:10204,604:604,10/07/24 07:53:19,STABLE BEAMS,6800,357128.783415044,347296.529916724,46.6,HFET
386642:10204,605:605,10/07/24 07:53:43,STABLE BEAMS,6800,356570.007723510,347216.876984687,46.5,HFET
386642:10204,606:606,10/07/24 07:54:06,STABLE BEAMS,6800,356533.540340753,347143.301172751,46.5,HFET
386642:10204,607:607,10/07/24 07:54:29,STABLE BEAMS,6800,356984.890638083,346610.796729213,46.5,HFET
386642:10204,608:608,10/07/24 07:54:53,STABLE BEAMS,6800,356668.465461011,346283.308256402,46.6,HFET
386642:10204,609:609,10/07/24 07:55:16,STABLE BEAMS,6800,355862.830950345,346489.121455771,46.4,HFET
386642:10204,610:610,10/07/24 07:55:39,STABLE BEAMS,6800,355760.526934299,346513.206152693,46.4,HFET
386642:10204,611:611,10/07/24 07:56:03,STABLE BEAMS,6800,355222.945403083,345478.652798456,46.4,HFET
386642:10204,612:612,10/07/24 07:56:26,STABLE BEAMS,6800,355476.450125324,345779.280260560,46.3,HFET
386642:10204,613:613,10/07/24 07:56:49,STABLE BEAMS,6800,355732.868694948,346588.122334425,46.4,HFET
386642:10204,614:614,10/07/24 07:57:12,STABLE BEAMS,6800,355494.683816703,346193.480169307,46.4,HFET
386642:10204,615:615,10/07/24 07:57:36,STABLE BEAMS,6800,355384.253663077,346298.947458071,46.3,HFET
386642:10204,616:616,10/07/24 07:57:59,STABLE BEAMS,6800,355094.668517012,340958.478280197,46.3,HFET
386642:10204,617:617,10/07/24 07:58:22,STABLE BEAMS,6800,355005.248368551,345918.552841112,46.3,HFET
386642:10204,618:618,10/07/24 07:58:46,STABLE BEAMS,6800,354961.610590156,345810.195015745,46.3,HFET
386642:10204,619:619,10/07/24 07:59:09,STABLE BEAMS,6800,355402.375462716,345112.577993072,46.4,HFET
386642:10204,620:620,10/07/24 07:59:32,STABLE BEAMS,6800,354148.304502102,345093.318627415,46.2,HFET
386642:10204,621:621,10/07/24 07:59:56,STABLE BEAMS,6800,353851.912608552,344889.988026015,46.1,HFET
386642:10204,622:622,10/07/24 08:00:19,STABLE BEAMS,6800,353721.836130338,343234.193085606,46.2,HFET
386642:10204,623:623,10/07/24 08:00:42,STABLE BEAMS,6800,353382.372910325,344228.726494358,46.1,HFET
386642:10204,624:624,10/07/24 08:01:06,STABLE BEAMS,6800,352808.937069842,162182.639624223,46.0,HFET
386642:10204,625:625,10/07/24 08:01:29,STABLE BEAMS,6800,352767.914760858,342719.558685294,46.0,HFET
386642:10204,626:626,10/07/24 08:01:52,STABLE BEAMS,6800,352911.513822003,343964.272699194,46.0,HFET
386642:10204,627:627,10/07/24 08:02:15,STABLE BEAMS,6800,352700.213265244,343747.941676314,46.0,HFET
386642:10204,628:628,10/07/24 08:02:39,STABLE BEAMS,6800,352299.172291275,343414.010104171,46.0,HFET
386642:10204,629:629,10/07/24 08:03:02,STABLE BEAMS,6800,352262.362240066,341731.878645584,45.9,HFET
386642:10204,630:630,10/07/24 08:03:25,STABLE BEAMS,6800,352245.972431312,338956.846952781,46.0,HFET
386642:10204,631:631,10/07/24 08:03:49,STABLE BEAMS,6800,352236.911531492,343361.332405659,45.9,HFET
386642:10204,632:632,10/07/24 08:04:12,STABLE BEAMS,6800,352101.100601630,343214.660983834,45.9,HFET
386642:10204,633:633,10/07/24 08:04:35,STABLE BEAMS,6800,351974.665267105,343053.238501023,45.9,HFET
386642:10204,634:634,10/07/24 08:04:59,STABLE BEAMS,6800,351910.674847516,342900.695093954,45.9,HFET
386642:10204,635:635,10/07/24 08:05:22,STABLE BEAMS,6800,351558.486273216,342265.886634370,45.9,HFET
386642:10204,636:636,10/07/24 08:05:45,STABLE BEAMS,6800,351645.241999631,342790.971256934,45.9,HFET
386642:10204,637:637,10/07/24 08:06:09,STABLE BEAMS,6800,349608.644503630,340971.772417493,45.8,HFET
386642:10204,638:638,10/07/24 08:06:32,STABLE BEAMS,6800,299149.731212127,292950.611818778,41.5,HFET
386642:10204,639:639,10/07/24 08:06:55,STABLE BEAMS,6800,199523.491258225,196772.250313419,31.1,HFET
386642:10204,640:640,10/07/24 08:07:19,STABLE BEAMS,6800,121082.799455340,120071.842437203,19.1,HFET
386642:10204,641:641,10/07/24 08:07:42,STABLE BEAMS,6800,80905.954711577,80387.984072566,13.1,HFET
386642:10204,642:642,10/07/24 08:08:05,STABLE BEAMS,6800,59225.564410314,58110.698895208,9.0,HFET
386642:10204,643:643,10/07/24 08:08:28,STABLE BEAMS,6800,54374.179154043,54084.695176759,7.2,HFET
386642:10204,644:644,10/07/24 08:08:52,STABLE BEAMS,6800,53488.039469258,53156.224982069,6.9,HFET
386642:10204,653:653,10/07/24 08:12:22,STABLE BEAMS,6800,54318.918388104,53925.566241499,7.2,HFET
386642:10204,654:654,10/07/24 08:12:45,STABLE BEAMS,6800,54228.247849454,53752.795605227,7.1,HFET
386642:10204,655:655,10/07/24 08:13:08,STABLE BEAMS,6800,54248.280433652,53157.294946828,7.1,HFET
386642:10204,656:656,10/07/24 08:13:32,STABLE BEAMS,6800,54334.250353705,53951.751006505,7.1,HFET
386642:10204,657:657,10/07/24 08:13:55,STABLE BEAMS,6800,54279.997079636,53879.820935570,7.1,HFET
386642:10204,658:658,10/07/24 08:14:18,STABLE BEAMS,6800,54680.503071226,54358.591236088,7.1,HFET
386642:10204,659:659,10/07/24 08:14:41,STABLE BEAMS,6800,53199.113318916,52885.311303812,7.2,HFET
386642:10204,660:660,10/07/24 08:15:05,STABLE BEAMS,6800,53157.448797969,52845.957347286,6.9,HFET
386642:10204,661:661,10/07/24 08:15:28,STABLE BEAMS,6800,53839.476737149,53527.251230033,7.0,HFET
386642:10204,662:662,10/07/24 08:15:51,STABLE BEAMS,6800,52024.861263086,51718.816142821,6.6,HFET
386642:10204,663:663,10/07/24 08:16:15,STABLE BEAMS,6800,51696.899814568,51329.669726974,7.0,HFET
386642:10204,664:664,10/07/24 08:16:38,STABLE BEAMS,6800,48223.536856821,47992.051030260,6.3,HFET
386642:10204,665:665,10/07/24 08:17:01,STABLE BEAMS,6800,37292.992273520,36789.244007027,2.7,HFET
386642:10204,666:666,10/07/24 08:17:25,STABLE BEAMS,6800,146079.193766543,144155.838170337,12.3,HFET
386642:10204,667:667,10/07/24 08:17:48,STABLE BEAMS,6800,271621.955298515,266126.462446680,26.7,HFET
386642:10204,668:668,10/07/24 08:18:11,STABLE BEAMS,6800,338015.515735069,324147.310876446,44.6,HFET
386642:10204,669:669,10/07/24 08:18:35,STABLE BEAMS,6800,215733.747804866,210840.328318693,43.5,HFET
386642:10204,670:670,10/07/24 08:18:58,STABLE BEAMS,6800,348104.758917100,338655.128546216,45.4,HFET
386642:10204,671:671,10/07/24 08:19:21,STABLE BEAMS,6800,347755.528480662,338364.631948690,45.4,HFET
386642:10204,672:672,10/07/24 08:19:44,STABLE BEAMS,6800,347538.584384293,338640.582620085,45.3,HFET
386642:10204,673:673,10/07/24 08:20:08,STABLE BEAMS,6800,347387.199522943,338519.065859940,45.3,HFET
386642:10204,674:674,10/07/24 08:20:31,STABLE BEAMS,6800,347348.228562516,338390.217859782,45.3,HFET
386642:10204,675:675,10/07/24 08:20:54,STABLE BEAMS,6800,347213.529556815,338270.705826637,45.3,HFET
386642:10204,676:676,10/07/24 08:21:18,STABLE BEAMS,6800,347355.809227865,336689.213994471,45.3,HFET
386642:10204,677:677,10/07/24 08:21:41,STABLE BEAMS,6800,347212.186855941,336567.219363355,45.3,HFET
386642:10204,678:678,10/07/24 08:22:04,STABLE BEAMS,6800,346953.378931464,336197.729528839,45.3,HFET
386642:10204,679:679,10/07/24 08:22:28,STABLE BEAMS,6800,346823.507588106,335617.897210583,45.2,HFET
386642:10204,680:680,10/07/24 08:22:51,STABLE BEAMS,6800,346606.584471438,336438.145248641,45.2,HFET
386642:10204,681:681,10/07/24 08:23:14,STABLE BEAMS,6800,346523.199483674,331108.217205056,45.2,HFET
386642:10204,682:682,10/07/24 08:23:38,STABLE BEAMS,6800,346389.048281281,336350.251956207,45.2,HFET
386642:10204,683:683,10/07/24 08:24:01,STABLE BEAMS,6800,345890.097373118,335903.841212960,45.2,HFET
386642:10204,684:684,10/07/24 08:24:24,STABLE BEAMS,6800,345688.018560553,335600.185680656,45.1,HFET
386642:10204,685:685,10/07/24 08:24:48,STABLE BEAMS,6800,167492.170269918,163848.882222698,45.1,HFET
386642:10204,686:686,10/07/24 08:25:11,STABLE BEAMS,6800,75813.528307303,75004.082018046,3.4,HFET
386642:10204,687:687,10/07/24 08:25:34,STABLE BEAMS,6800,229081.559102103,224835.172947374,24.1,HFET
386642:10204,688:688,10/07/24 08:25:57,STABLE BEAMS,6800,331302.125589561,321724.036508530,38.8,HFET
386642:10204,689:689,10/07/24 08:26:21,STABLE BEAMS,6800,253550.956840645,248207.074964717,38.5,HFET
386642:10204,690:690,10/07/24 08:26:44,STABLE BEAMS,6800,112721.081977493,111674.805865576,22.9,HFET
386642:10204,691:691,10/07/24 08:27:07,STABLE BEAMS,6800,90473.902671287,88087.837202009,7.2,HFET
386642:10204,692:692,10/07/24 08:27:31,STABLE BEAMS,6800,127807.242173630,125052.119751003,44.9,HFET
386642:10204,693:693,10/07/24 08:27:54,STABLE BEAMS,6800,70973.707528523,70126.933222546,1.5,HFET
386642:10204,694:694,10/07/24 08:28:17,STABLE BEAMS,6800,228651.060995964,220036.544413157,20.6,HFET
386642:10204,695:695,10/07/24 08:28:41,STABLE BEAMS,6800,324375.819450305,315867.907256065,37.8,HFET
386642:10204,696:696,10/07/24 08:29:04,STABLE BEAMS,6800,203699.057401317,200585.588628995,34.8,HFET
386642:10204,697:697,10/07/24 08:29:27,STABLE BEAMS,6800,57541.144299438,57011.421531166,17.5,HFET
386642:10204,698:698,10/07/24 08:29:51,STABLE BEAMS,6800,124490.714836699,120566.706965797,1.2,HFET
386642:10204,699:699,10/07/24 08:30:14,STABLE BEAMS,6800,342327.599590845,332183.564422642,44.7,HFET
386642:10204,700:700,10/07/24 08:30:37,STABLE BEAMS,6800,342862.929300804,332703.709491123,44.7,HFET
386642:10204,701:701,10/07/24 08:31:01,STABLE BEAMS,6800,342927.350969805,332615.837178391,44.7,HFET
386642:10204,702:702,10/07/24 08:31:24,STABLE BEAMS,6800,342988.019603378,332280.562905375,44.7,HFET
386642:10204,703:703,10/07/24 08:31:47,STABLE BEAMS,6800,342951.277153429,333083.031812245,44.7,HFET
386642:10204,704:704,10/07/24 08:32:10,STABLE BEAMS,6800,342743.118889686,332639.854274053,44.7,HFET
386642:10204,705:705,10/07/24 08:32:34,STABLE BEAMS,6800,341886.904650622,331757.597232628,44.7,HFET
386642:10204,706:706,10/07/24 08:32:57,STABLE BEAMS,6800,341665.109581132,331638.880097048,44.6,HFET
386642:10204,707:707,10/07/24 08:33:20,STABLE BEAMS,6800,341719.766364786,327487.330583402,44.6,HFET
386642:10204,708:708,10/07/24 08:33:44,STABLE BEAMS,6800,341610.907357669,331953.323857899,44.6,HFET
386642:10204,709:709,10/07/24 08:34:07,STABLE BEAMS,6800,341194.203871252,331180.541228157,44.5,HFET
386642:10204,710:710,10/07/24 08:34:30,STABLE BEAMS,6800,341155.072066449,331600.522210110,44.5,HFET
386642:10204,711:711,10/07/24 08:34:54,STABLE BEAMS,6800,341723.137103438,331549.550860625,44.5,HFET
386642:10204,712:712,10/07/24 08:35:17,STABLE BEAMS,6800,341688.602184265,331205.012884011,44.6,HFET
386642:10204,713:713,10/07/24 08:35:40,STABLE BEAMS,6800,341329.289835885,331676.053796409,44.5,HFET
386642:10204,714:714,10/07/24 08:36:04,STABLE BEAMS,6800,341157.258617525,331611.744019148,44.5,HFET
386642:10204,715:715,10/07/24 08:36:27,STABLE BEAMS,6800,341035.126452813,331001.474816677,44.5,HFET
386642:10204,716:716,10/07/24 08:36:50,STABLE BEAMS,6800,340976.031296827,331271.961441462,44.5,HFET
386642:10204,717:717,10/07/24 08:37:13,STABLE BEAMS,6800,340926.381668514,331300.214105678,44.5,HFET
386642:10204,718:718,10/07/24 08:37:37,STABLE BEAMS,6800,340762.408986473,330771.145670974,44.5,HFET
386642:10204,719:719,10/07/24 08:38:00,STABLE BEAMS,6800,341123.248190881,331619.963399843,44.4,HFET
386642:10204,720:720,10/07/24 08:38:23,STABLE BEAMS,6800,340653.664202174,326371.508860140,44.4,HFET
386642:10204,721:721,10/07/24 08:38:47,STABLE BEAMS,6800,340480.539708276,329980.103707997,44.4,HFET
386642:10204,722:722,10/07/24 08:39:10,STABLE BEAMS,6800,340143.307329818,329994.285985975,44.4,HFET
386642:10204,723:723,10/07/24 08:39:33,STABLE BEAMS,6800,340014.596863257,329533.100870962,44.3,HFET
386642:10204,724:724,10/07/24 08:39:57,STABLE BEAMS,6800,339862.962576571,329848.684528909,44.3,HFET
386505:10190,35:35,10/02/24 16:45:21,STABLE BEAMS,6800,17500.130579429,11984.351242391,0.2,HFET
386505:10190,36:36,10/02/24 16:45:44,STABLE BEAMS,6800,141823.087016948,139479.181422672,10.9,HFET
386505:10190,37:37,10/02/24 16:46:07,STABLE BEAMS,6800,319946.361159823,299886.321526305,33.1,HFET
386505:10190,38:38,10/02/24 16:46:31,STABLE BEAMS,6800,226976.987374373,185123.747022317,47.0,HFET
386505:10190,39:39,10/02/24 16:46:54,STABLE BEAMS,6800,51440.612018415,51230.411031103,11.4,HFET
386505:10190,40:40,10/02/24 16:47:17,STABLE BEAMS,6800,5109.084217055,4797.842145085,2.0,HFET
386505:10190,41:41,10/02/24 16:47:40,STABLE BEAMS,6800,218396.776798889,207275.486404478,1.4,HFET
386505:10190,42:42,10/02/24 16:48:04,STABLE BEAMS,6800,11501.520460580,11445.202667364,0.6,HFET
386505:10190,43:43,10/02/24 16:48:27,STABLE BEAMS,6800,70315.058435875,69855.740514265,3.2,HFET
386505:10190,44:44,10/02/24 16:48:50,STABLE BEAMS,6800,254144.083296197,249426.405871303,13.5,HFET
386505:10190,45:45,10/02/24 16:49:14,STABLE BEAMS,6800,322324.424271758,314855.301000310,47.6,HFET
386505:10190,46:46,10/02/24 16:49:37,STABLE BEAMS,6800,167663.245047013,129057.316734282,37.7,HFET
386505:10190,47:47,10/02/24 16:50:00,STABLE BEAMS,6800,28297.427672619,28219.228866980,7.3,HFET
386505:10190,48:48,10/02/24 16:50:24,STABLE BEAMS,6800,157988.964502421,153018.737631010,0.9,HFET
386505:10190,49:49,10/02/24 16:50:47,STABLE BEAMS,6800,355407.816198548,345795.215509123,47.4,HFET
386505:10190,50:50,10/02/24 16:51:10,STABLE BEAMS,6800,355957.099740850,347762.449450964,47.8,HFET
386505:10190,51:51,10/02/24 16:51:34,STABLE BEAMS,6800,354898.986182221,259537.046017429,47.9,HFET
386505:10190,52:52,10/02/24 16:51:57,STABLE BEAMS,6800,350815.135833111,342613.634505260,47.6,HFET
386505:10190,53:53,10/02/24 16:52:20,STABLE BEAMS,6800,351228.174865061,342496.898785900,47.0,HFET
386505:10190,54:54,10/02/24 16:52:44,STABLE BEAMS,6800,353851.364805245,340908.693449366,47.5,HFET
386505:10190,55:55,10/02/24 16:53:07,STABLE BEAMS,6800,353672.233123583,345770.788143750,47.6,HFET
386505:10190,56:56,10/02/24 16:53:30,STABLE BEAMS,6800,351334.234247613,342591.326089703,47.3,HFET
386505:10190,57:57,10/02/24 16:53:53,STABLE BEAMS,6800,350727.925546504,342919.110609408,47.3,HFET
386505:10190,58:58,10/02/24 16:54:17,STABLE BEAMS,6800,349465.115374822,341949.482437000,47.1,HFET
386505:10190,59:59,10/02/24 16:54:40,STABLE BEAMS,6800,349527.376134605,342157.118539292,47.0,HFET
386505:10190,60:60,10/02/24 16:55:03,STABLE BEAMS,6800,348702.734014695,340752.870215683,47.0,HFET
386505:10190,61:61,10/02/24 16:55:27,STABLE BEAMS,6800,348951.618540528,341521.694675141,46.9,HFET
386505:10190,62:62,10/02/24 16:55:50,STABLE BEAMS,6800,349707.580112102,261267.803761129,47.0,HFET
386505:10190,63:63,10/02/24 16:56:13,STABLE BEAMS,6800,349085.107716796,340808.028181087,46.9,HFET
386505:10190,64:64,10/02/24 16:56:37,STABLE BEAMS,6800,348823.295032899,340380.944404756,46.9,HFET
386505:10190,65:65,10/02/24 16:57:00,STABLE BEAMS,6800,348494.097879982,340733.498958287,46.9,HFET
386505:10190,66:66,10/02/24 16:57:23,STABLE BEAMS,6800,348315.625893368,340667.732257335,46.9,HFET
386505:10190,67:67,10/02/24 16:57:47,STABLE BEAMS,6800,347989.410189093,335436.077796097,46.8,HFET
386505:10190,68:68,10/02/24 16:58:10,STABLE BEAMS,6800,347604.738044178,338394.702853673,46.8,HFET
386505:10190,69:69,10/02/24 16:58:33,STABLE BEAMS,6800,347324.689337824,339391.010212711,46.7,HFET
386505:10190,70:70,10/02/24 16:58:57,STABLE BEAMS,6800,347077.604404135,339309.674242427,46.7,HFET
386505:10190,71:71,10/02/24 16:59:20,STABLE BEAMS,6800,346808.551392263,339731.226370888,46.7,HFET
386505:10190,72:72,10/02/24 16:59:43,STABLE BEAMS,6800,347528.840478647,340323.054416047,46.6,HFET
386505:10190,73:73,10/02/24 17:00:06,STABLE BEAMS,6800,355089.843185747,347102.553930960,47.3,HFET
386505:10190,74:74,10/02/24 17:00:30,STABLE BEAMS,6800,365704.851665089,356617.449821046,48.1,HFET
386505:10190,75:75,10/02/24 17:00:53,STABLE BEAMS,6800,378167.878100020,369032.442064652,50.4,HFET
386505:10190,76:76,10/02/24 17:01:16,STABLE BEAMS,6800,392875.546071877,382236.131206863,52.0,HFET
386505:10190,77:77,10/02/24 17:01:40,STABLE BEAMS,6800,407351.311420445,396302.866977478,53.5,HFET
386505:10190,78:78,10/02/24 17:02:03,STABLE BEAMS,6800,421135.175549363,309152.787450751,55.6,HFET
386505:10190,79:79,10/02/24 17:02:26,STABLE BEAMS,6800,434557.265711634,418069.078476024,58.0,HFET
386505:10190,80:80,10/02/24 17:02:50,STABLE BEAMS,6800,440123.534750840,424915.801615581,59.1,HFET
386505:10190,81:81,10/02/24 17:03:13,STABLE BEAMS,6800,428194.562926254,409190.268476214,58.7,HFET
386505:10190,82:82,10/02/24 17:03:36,STABLE BEAMS,6800,402324.059856444,391195.211874355,56.1,HFET
386505:10190,83:83,10/02/24 17:04:00,STABLE BEAMS,6800,405328.691067566,296660.895278114,53.7,HFET
386505:10190,84:84,10/02/24 17:04:23,STABLE BEAMS,6800,407376.260947269,385901.525098970,54.5,HFET
386505:10190,85:85,10/02/24 17:04:46,STABLE BEAMS,6800,419089.517153543,405244.462229600,55.9,HFET
386505:10190,86:86,10/02/24 17:05:09,STABLE BEAMS,6800,415262.225238731,402107.069138517,56.4,HFET
386505:10190,87:87,10/02/24 17:05:33,STABLE BEAMS,6800,405788.395948109,395259.756236250,54.9,HFET
386505:10190,88:88,10/02/24 17:05:56,STABLE BEAMS,6800,405523.555194012,394502.109295349,54.6,HFET
386505:10190,89:89,10/02/24 17:06:19,STABLE BEAMS,6800,406257.616288663,298749.897736513,54.6,HFET
386505:10190,90:90,10/02/24 17:06:43,STABLE BEAMS,6800,405154.953500178,394639.514682499,54.6,HFET
386505:10190,91:91,10/02/24 17:07:06,STABLE BEAMS,6800,404617.621394298,393766.181007296,54.4,HFET
386505:10190,92:92,10/02/24 17:07:29,STABLE BEAMS,6800,405023.147362158,394538.122117914,54.5,HFET
386505:10190,93:93,10/02/24 17:07:53,STABLE BEAMS,6800,406052.054845707,395281.701003654,54.5,HFET
386505:10190,94:94,10/02/24 17:08:16,STABLE BEAMS,6800,401675.682192371,385417.826433544,54.8,HFET
386505:10190,95:95,10/02/24 17:08:39,STABLE BEAMS,6800,396643.285939433,386457.205119045,53.4,HFET
386505:10190,96:96,10/02/24 17:09:03,STABLE BEAMS,6800,395770.952296651,386125.390165641,53.3,HFET
386505:10190,97:97,10/02/24 17:09:26,STABLE BEAMS,6800,395023.277707031,385295.626667573,53.1,HFET
386505:10190,98:98,10/02/24 17:09:49,STABLE BEAMS,6800,415861.657260018,403576.513048991,53.1,HFET
386505:10190,99:99,10/02/24 17:10:13,STABLE BEAMS,6800,452987.669760999,435290.326773863,60.1,HFET
386505:10190,100:100,10/02/24 17:10:36,STABLE BEAMS,6800,463010.850195183,443326.489408021,62.3,HFET
386505:10190,101:101,10/02/24 17:10:59,STABLE BEAMS,6800,461698.707421783,442914.270915494,62.2,HFET
386505:10190,102:102,10/02/24 17:11:22,STABLE BEAMS,6800,460806.706474712,443110.137405440,62.0,HFET
386505:10190,103:103,10/02/24 17:11:46,STABLE BEAMS,6800,459966.788801286,441208.532630956,62.0,HFET
386505:10190,104:104,10/02/24 17:12:09,STABLE BEAMS,6800,458701.724477270,441812.472956912,61.8,HFET
386505:10190,105:105,10/02/24 17:12:32,STABLE BEAMS,6800,458545.789351848,334620.359042411,61.7,HFET
386505:10190,106:106,10/02/24 17:12:56,STABLE BEAMS,6800,457799.935334072,439360.561296925,61.6,HFET
386505:10190,107:107,10/02/24 17:13:19,STABLE BEAMS,6800,457232.509012430,433027.132187885,61.6,HFET
386505:10190,108:108,10/02/24 17:13:42,STABLE BEAMS,6800,456405.477537667,439645.027395910,61.5,HFET
386505:10190,109:109,10/02/24 17:14:06,STABLE BEAMS,6800,455440.401960409,437848.866599411,61.3,HFET
386505:10190,110:110,10/02/24 17:14:29,STABLE BEAMS,6800,454498.590540649,334382.927102329,61.2,HFET
386505:10190,111:111,10/02/24 17:14:52,STABLE BEAMS,6800,452804.006463890,435717.979333203,61.0,HFET
386505:10190,112:112,10/02/24 17:15:16,STABLE BEAMS,6800,457407.067119240,437677.131427944,61.5,HFET
386505:10190,113:113,10/02/24 17:15:39,STABLE BEAMS,6800,457105.938475386,439237.634234648,61.5,HFET
386505:10190,114:114,10/02/24 17:16:02,STABLE BEAMS,6800,456596.880013424,439659.687544859,61.3,HFET
386505:10190,115:115,10/02/24 17:16:26,STABLE BEAMS,6800,456023.033903230,438881.324314611,61.4,HFET
386505:10190,116:116,10/02/24 17:16:49,STABLE BEAMS,6800,455610.542674588,332968.391731923,61.3,HFET
386505:10190,117:117,10/02/24 17:17:12,STABLE BEAMS,6800,455854.986497010,438919.796424366,61.3,HFET
386505:10190,118:118,10/02/24 17:17:35,STABLE BEAMS,6800,454889.274535483,438482.856850649,61.2,HFET
386505:10190,119:119,10/02/24 17:17:59,STABLE BEAMS,6800,454459.754782741,438326.828482111,61.2,HFET
386505:10190,120:120,10/02/24 17:18:22,STABLE BEAMS,6800,453796.444233605,437050.563328758,61.1,HFET
386505:10190,121:121,10/02/24 17:18:45,STABLE BEAMS,6800,455240.621590659,432735.703159196,60.9,HFET
386505:10190,122:122,10/02/24 17:19:09,STABLE BEAMS,6800,463062.569820676,444363.320225372,62.3,HFET
386505:10190,123:123,10/02/24 17:19:32,STABLE BEAMS,6800,462275.012819168,444705.970028882,62.2,HFET
386505:10190,124:124,10/02/24 17:19:55,STABLE BEAMS,6800,461692.606990904,443262.158651058,62.1,HFET
386505:10190,125:125,10/02/24 17:20:19,STABLE BEAMS,6800,460976.711986372,443343.564553680,62.1,HFET
386505:10190,126:126,10/02/24 17:20:42,STABLE BEAMS,6800,454564.333930823,438872.400948388,61.2,HFET
386505:10190,127:127,10/02/24 17:21:05,STABLE BEAMS,6800,456260.193107197,440135.919767753,61.5,HFET
386505:10190,128:128,10/02/24 17:21:29,STABLE BEAMS,6800,454055.002732746,437201.265184281,61.2,HFET
386505:10190,129:129,10/02/24 17:21:52,STABLE BEAMS,6800,456539.787253358,439640.381557644,60.9,HFET
386505:10190,130:130,10/02/24 17:22:15,STABLE BEAMS,6800,461685.140548372,444240.619277651,62.1,HFET
386505:10190,131:131,10/02/24 17:22:38,STABLE BEAMS,6800,461213.871190339,442473.279928377,62.0,HFET
386505:10190,132:132,10/02/24 17:23:02,STABLE BEAMS,6800,461413.469736012,336441.900615147,62.0,HFET
386505:10190,133:133,10/02/24 17:23:25,STABLE BEAMS,6800,461703.169104895,443726.325214713,62.1,HFET
386505:10190,134:134,10/02/24 17:23:48,STABLE BEAMS,6800,460786.537988672,436586.443386661,62.0,HFET
386505:10190,135:135,10/02/24 17:24:12,STABLE BEAMS,6800,460321.322439960,443027.183667089,61.9,HFET
386505:10190,136:136,10/02/24 17:24:35,STABLE BEAMS,6800,460124.365005554,442680.846098332,61.9,HFET
386505:10190,137:137,10/02/24 17:24:58,STABLE BEAMS,6800,459364.398642137,336330.584651917,61.8,HFET
386505:10190,138:138,10/02/24 17:25:22,STABLE BEAMS,6800,460481.584045974,443078.859002102,61.7,HFET
386505:10190,139:139,10/02/24 17:25:45,STABLE BEAMS,6800,462975.837405040,444149.651293460,62.2,HFET
386505:10190,140:140,10/02/24 17:26:08,STABLE BEAMS,6800,464163.139301201,445838.090648860,62.4,HFET
386505:10190,141:141,10/02/24 17:26:32,STABLE BEAMS,6800,464865.604965919,445858.305756458,62.5,HFET
386505:10190,142:142,10/02/24 17:26:55,STABLE BEAMS,6800,464456.162787178,273039.518739121,62.5,HFET
386505:10190,143:143,10/02/24 17:27:18,STABLE BEAMS,6800,464250.053540914,445645.184627854,62.5,HFET
386505:10190,144:144,10/02/24 17:27:42,STABLE BEAMS,6800,463966.272778834,445342.053588079,62.4,HFET
386505:10190,145:145,10/02/24 17:28:05,STABLE BEAMS,6800,463752.424353924,445136.990995795,62.4,HFET
386505:10190,146:146,10/02/24 17:28:28,STABLE BEAMS,6800,464139.693319626,445791.697536382,62.4,HFET
386505:10190,147:147,10/02/24 17:28:51,STABLE BEAMS,6800,463394.748422234,439423.938643025,62.3,HFET
386505:10190,148:148,10/02/24 17:29:15,STABLE BEAMS,6800,461776.744916831,444270.349845260,62.5,HFET
386505:10190,149:149,10/02/24 17:29:38,STABLE BEAMS,6800,460143.395925576,442453.428468933,62.0,HFET
386505:10190,150:150,10/02/24 17:30:01,STABLE BEAMS,6800,459527.665007572,440975.014570678,61.8,HFET
386505:10190,151:151,10/02/24 17:30:25,STABLE BEAMS,6800,459162.613545389,441836.147384122,61.7,HFET
386505:10190,152:152,10/02/24 17:30:48,STABLE BEAMS,6800,459653.643450828,442559.238426149,61.8,HFET
386505:10190,153:153,10/02/24 17:31:11,STABLE BEAMS,6800,459389.756107595,338155.016761256,61.8,HFET
386505:10190,154:154,10/02/24 17:31:35,STABLE BEAMS,6800,459213.514962537,442449.514589129,61.7,HFET
386505:10190,155:155,10/02/24 17:31:58,STABLE BEAMS,6800,459164.844386945,442226.512021283,61.8,HFET
386505:10190,156:156,10/02/24 17:32:21,STABLE BEAMS,6800,459321.781875866,440565.301986899,61.8,HFET
386505:10190,157:157,10/02/24 17:32:45,STABLE BEAMS,6800,459123.868699519,442784.469504473,61.8,HFET
386505:10190,158:158,10/02/24 17:33:08,STABLE BEAMS,6800,458233.779236330,440984.394828170,61.7,HFET
386505:10190,159:159,10/02/24 17:33:31,STABLE BEAMS,6800,457660.387686327,441248.643488479,61.6,HFET
386505:10190,160:160,10/02/24 17:33:55,STABLE BEAMS,6800,457668.311020128,434458.103988604,61.6,HFET
386505:10190,161:161,10/02/24 17:34:18,STABLE BEAMS,6800,457212.885998620,441082.554187700,61.5,HFET
386505:10190,162:162,10/02/24 17:34:41,STABLE BEAMS,6800,456668.542010400,440750.557410219,61.4,HFET
386505:10190,163:163,10/02/24 17:35:05,STABLE BEAMS,6800,455697.046644589,438691.378762545,61.3,HFET
386505:10190,164:164,10/02/24 17:35:28,STABLE BEAMS,6800,454989.529534050,435076.979530702,61.2,HFET
386505:10190,165:165,10/02/24 17:35:51,STABLE BEAMS,6800,454319.344636171,438121.129505559,61.2,HFET
386505:10190,166:166,10/02/24 17:36:14,STABLE BEAMS,6800,453334.464221026,437254.852003177,61.0,HFET
386505:10190,167:167,10/02/24 17:36:38,STABLE BEAMS,6800,460897.082365114,444017.572419325,61.8,HFET
386505:10190,168:168,10/02/24 17:37:01,STABLE BEAMS,6800,460671.441017079,443759.470811453,62.0,HFET
386505:10190,169:169,10/02/24 17:37:24,STABLE BEAMS,6800,459703.859531072,320273.008113511,61.9,HFET
386505:10190,170:170,10/02/24 17:37:48,STABLE BEAMS,6800,460193.159776706,442230.246408088,61.9,HFET
386505:10190,171:171,10/02/24 17:38:11,STABLE BEAMS,6800,459788.727084384,442324.310063738,61.9,HFET
386505:10190,172:172,10/02/24 17:38:34,STABLE BEAMS,6800,458160.296667509,440356.505007811,61.7,HFET
386505:10190,173:173,10/02/24 17:38:58,STABLE BEAMS,6800,457665.578996823,441674.748212090,61.6,HFET
386505:10190,174:174,10/02/24 17:39:21,STABLE BEAMS,6800,457630.067356008,434127.382310738,61.6,HFET
386505:10190,175:175,10/02/24 17:39:44,STABLE BEAMS,6800,457122.190750544,440552.280585718,61.5,HFET
386505:10190,176:176,10/02/24 17:40:07,STABLE BEAMS,6800,457281.132966464,440178.487581389,61.5,HFET
386505:10190,177:177,10/02/24 17:40:31,STABLE BEAMS,6800,456914.125729918,439666.697096121,61.6,HFET
386505:10190,178:178,10/02/24 17:40:54,STABLE BEAMS,6800,456250.404911071,439662.965040394,61.3,HFET
386505:10190,179:179,10/02/24 17:41:17,STABLE BEAMS,6800,455786.830441204,439287.533288297,61.4,HFET
386505:10190,180:180,10/02/24 17:41:41,STABLE BEAMS,6800,455312.327878116,439228.482422790,61.3,HFET
386505:10190,181:181,10/02/24 17:42:04,STABLE BEAMS,6800,454738.847747153,438456.450400134,61.2,HFET
386505:10190,182:182,10/02/24 17:42:27,STABLE BEAMS,6800,454230.199554902,438301.925576845,61.1,HFET
386505:10190,183:183,10/02/24 17:42:51,STABLE BEAMS,6800,454780.415528367,439356.556505083,61.1,HFET
386505:10190,184:184,10/02/24 17:43:14,STABLE BEAMS,6800,462217.372255794,444703.191384018,62.3,HFET
386505:10190,185:185,10/02/24 17:43:37,STABLE BEAMS,6800,461250.657930768,444000.455314264,62.1,HFET
386505:10190,186:186,10/02/24 17:44:01,STABLE BEAMS,6800,461003.936645232,436510.182172977,62.0,HFET
386505:10190,187:187,10/02/24 17:44:24,STABLE BEAMS,6800,460253.394829788,444061.235839576,61.9,HFET
386505:10190,188:188,10/02/24 17:44:47,STABLE BEAMS,6800,459298.289272732,442858.042985331,61.9,HFET
386505:10190,189:189,10/02/24 17:45:11,STABLE BEAMS,6800,458339.405038391,440407.453046517,61.7,HFET
386505:10190,190:190,10/02/24 17:45:34,STABLE BEAMS,6800,457332.945835074,440757.478380521,61.6,HFET
386505:10190,191:191,10/02/24 17:45:57,STABLE BEAMS,6800,457034.138944813,440914.735227115,61.5,HFET
386505:10190,192:192,10/02/24 17:46:20,STABLE BEAMS,6800,456755.684695748,440693.010089961,61.4,HFET
386505:10190,193:193,10/02/24 17:46:44,STABLE BEAMS,6800,455053.086373148,439261.991667684,61.3,HFET
386505:10190,194:194,10/02/24 17:47:07,STABLE BEAMS,6800,454229.789285191,438295.368254696,61.1,HFET
386505:10190,195:195,10/02/24 17:47:30,STABLE BEAMS,6800,457181.833709839,441179.303245097,61.1,HFET
386505:10190,196:196,10/02/24 17:47:54,STABLE BEAMS,6800,460908.054748816,444071.114947740,62.1,HFET
386505:10190,197:197,10/02/24 17:48:17,STABLE BEAMS,6800,460062.171847031,442702.061238351,61.9,HFET
386505:10190,198:198,10/02/24 17:48:40,STABLE BEAMS,6800,459546.057212248,441848.851758708,61.9,HFET
386505:10190,199:199,10/02/24 17:49:04,STABLE BEAMS,6800,458949.173059112,435458.602625717,61.7,HFET
386505:10190,200:200,10/02/24 17:49:27,STABLE BEAMS,6800,458898.136439445,442458.027685641,61.8,HFET
386505:10190,201:201,10/02/24 17:49:50,STABLE BEAMS,6800,457638.170182808,441489.035897501,61.7,HFET
386505:10190,202:202,10/02/24 17:50:14,STABLE BEAMS,6800,456972.857237751,439805.606028520,61.5,HFET
386505:10190,203:203,10/02/24 17:50:37,STABLE BEAMS,6800,456230.327337069,438471.474197236,61.5,HFET
386505:10190,204:204,10/02/24 17:51:00,STABLE BEAMS,6800,455502.229139701,439410.005790382,61.2,HFET
386505:10190,205:205,10/02/24 17:51:24,STABLE BEAMS,6800,454630.578502746,438711.092688393,61.2,HFET
386505:10190,206:206,10/02/24 17:51:47,STABLE BEAMS,6800,454104.629050279,438214.372621786,61.1,HFET
386505:10190,207:207,10/02/24 17:52:10,STABLE BEAMS,6800,454486.890860641,439114.933286927,61.1,HFET
386505:10190,208:208,10/02/24 17:52:33,STABLE BEAMS,6800,461907.229333679,444406.298308718,62.2,HFET
386505:10190,209:209,10/02/24 17:52:57,STABLE BEAMS,6800,460731.491915007,443001.914782591,62.0,HFET
386505:10190,210:210,10/02/24 17:53:20,STABLE BEAMS,6800,460154.778578989,444155.798345897,61.9,HFET
386505:10190,211:211,10/02/24 17:53:43,STABLE BEAMS,6800,459905.644627821,443509.106051151,61.9,HFET
386505:10190,212:212,10/02/24 17:54:07,STABLE BEAMS,6800,458974.852213321,436430.461639681,61.8,HFET
386505:10190,213:213,10/02/24 17:54:30,STABLE BEAMS,6800,459254.991831713,439867.388917332,61.7,HFET
386505:10190,214:214,10/02/24 17:54:53,STABLE BEAMS,6800,459589.902456576,443369.106174292,61.8,HFET
386505:10190,215:215,10/02/24 17:55:17,STABLE BEAMS,6800,459046.013028547,440914.324957403,61.8,HFET
386505:10190,216:216,10/02/24 17:55:40,STABLE BEAMS,6800,459014.781246767,336337.207244247,61.7,HFET
386505:10190,217:217,10/02/24 17:56:03,STABLE BEAMS,6800,458708.507913975,442963.079024683,61.7,HFET
386505:10190,218:218,10/02/24 17:56:27,STABLE BEAMS,6800,462076.962109224,444146.329507444,61.6,HFET
386505:10190,219:219,10/02/24 17:56:50,STABLE BEAMS,6800,468299.893463380,450370.169981983,62.8,HFET
386505:10190,220:220,10/02/24 17:57:13,STABLE BEAMS,6800,462161.645507381,445322.612398346,63.0,HFET
386505:10190,221:221,10/02/24 17:57:36,STABLE BEAMS,6800,456801.760781631,440505.020312259,61.4,HFET
386505:10190,222:222,10/02/24 17:58:00,STABLE BEAMS,6800,457481.596342040,441852.903172108,61.5,HFET
386505:10190,223:223,10/02/24 17:58:23,STABLE BEAMS,6800,456426.648387207,440137.784630078,61.5,HFET
386505:10190,224:224,10/02/24 17:58:46,STABLE BEAMS,6800,454958.934136538,439941.237465383,61.2,HFET
386505:10190,225:225,10/02/24 17:59:10,STABLE BEAMS,6800,454556.550461696,439407.320388635,61.2,HFET
386505:10190,226:226,10/02/24 17:59:33,STABLE BEAMS,6800,453212.082630978,431470.454680025,61.0,HFET
386505:10190,227:227,10/02/24 17:59:56,STABLE BEAMS,6800,461164.517608920,443654.252948025,61.4,HFET
386505:10190,228:228,10/02/24 18:00:20,STABLE BEAMS,6800,461029.296441768,444742.164675523,62.0,HFET
386505:10190,229:229,10/02/24 18:00:43,STABLE BEAMS,6800,459031.944973387,442585.099404434,61.8,HFET
386505:10190,230:230,10/02/24 18:01:06,STABLE BEAMS,6800,458505.039778979,442664.363046461,61.7,HFET
386505:10190,231:231,10/02/24 18:01:30,STABLE BEAMS,6800,458917.759453255,441678.892868606,61.7,HFET
386505:10190,232:232,10/02/24 18:01:53,STABLE BEAMS,6800,458217.706454170,442178.160803364,61.6,HFET
386505:10190,233:233,10/02/24 18:02:16,STABLE BEAMS,6800,457320.880175834,441581.686919939,61.5,HFET
386505:10190,234:234,10/02/24 18:02:40,STABLE BEAMS,6800,456589.185125257,441109.235705408,61.5,HFET
386505:10190,235:235,10/02/24 18:03:03,STABLE BEAMS,6800,456175.374506521,440138.649459981,61.4,HFET
386505:10190,236:236,10/02/24 18:03:26,STABLE BEAMS,6800,456862.494685385,441345.620991510,61.4,HFET
386505:10190,237:237,10/02/24 18:03:49,STABLE BEAMS,6800,457481.461139522,441503.786958488,61.5,HFET
386505:10190,238:238,10/02/24 18:04:13,STABLE BEAMS,6800,457327.754524578,435088.770122749,61.5,HFET
386505:10190,239:239,10/02/24 18:04:36,STABLE BEAMS,6800,458626.556539123,441549.725510775,61.5,HFET
386505:10190,240:240,10/02/24 18:04:59,STABLE BEAMS,6800,459276.845687078,441906.079721292,61.8,HFET
386505:10190,241:241,10/02/24 18:05:23,STABLE BEAMS,6800,458470.528170585,442326.494283735,61.7,HFET
386505:10190,242:242,10/02/24 18:05:46,STABLE BEAMS,6800,457946.809559675,442284.516232810,61.6,HFET
386505:10190,243:243,10/02/24 18:06:09,STABLE BEAMS,6800,457668.630377802,441646.474568172,61.5,HFET
386505:10190,244:244,10/02/24 18:06:33,STABLE BEAMS,6800,457741.658386430,442011.980590547,61.5,HFET
386505:10190,245:245,10/02/24 18:06:56,STABLE BEAMS,6800,458056.489106214,442126.895738063,61.6,HFET
386505:10190,246:246,10/02/24 18:07:19,STABLE BEAMS,6800,457849.288915491,440136.192503868,61.6,HFET
386505:10190,247:247,10/02/24 18:07:43,STABLE BEAMS,6800,457324.339495446,441111.783573559,61.6,HFET
386505:10190,248:248,10/02/24 18:08:06,STABLE BEAMS,6800,456021.395155462,440414.098949626,61.4,HFET
386505:10190,249:249,10/02/24 18:08:29,STABLE BEAMS,6800,455691.491685940,439713.318654234,61.3,HFET
386505:10190,250:250,10/02/24 18:08:52,STABLE BEAMS,6800,455753.001838637,440140.971213575,61.3,HFET
386505:10190,251:251,10/02/24 18:09:16,STABLE BEAMS,6800,455150.474145891,433394.004221913,61.2,HFET
386505:10190,252:252,10/02/24 18:09:39,STABLE BEAMS,6800,455246.356042307,439682.814168761,61.2,HFET
386505:10190,253:253,10/02/24 18:10:02,STABLE BEAMS,6800,454929.066035333,439414.376561456,61.3,HFET
386505:10190,254:254,10/02/24 18:10:26,STABLE BEAMS,6800,453881.675435070,438638.882888109,61.1,HFET
386505:10190,255:255,10/02/24 18:10:49,STABLE BEAMS,6800,458860.209801920,441942.094874935,61.0,HFET
386505:10190,256:256,10/02/24 18:11:12,STABLE BEAMS,6800,461970.014585990,443662.083038710,62.2,HFET
386505:10190,257:257,10/02/24 18:11:36,STABLE BEAMS,6800,460819.408518220,444056.182062676,62.1,HFET
386505:10190,258:258,10/02/24 18:11:59,STABLE BEAMS,6800,460423.398010371,444383.034151220,61.9,HFET
386505:10190,259:259,10/02/24 18:12:22,STABLE BEAMS,6800,459759.360164928,443338.510776780,61.9,HFET
386505:10190,260:260,10/02/24 18:12:46,STABLE BEAMS,6800,458774.116101630,443085.096966577,61.7,HFET
386505:10190,261:261,10/02/24 18:13:09,STABLE BEAMS,6800,458805.620619525,443400.109510438,61.7,HFET
386505:10190,262:262,10/02/24 18:13:32,STABLE BEAMS,6800,458532.630417070,442948.237051657,61.7,HFET
386505:10190,263:263,10/02/24 18:13:56,STABLE BEAMS,6800,457749.397565077,442016.943455408,61.6,HFET
386505:10190,264:264,10/02/24 18:14:19,STABLE BEAMS,6800,456655.019427469,435018.019577234,61.5,HFET
386505:10190,265:265,10/02/24 18:14:42,STABLE BEAMS,6800,456080.173284853,440303.647816300,61.3,HFET
386505:10190,266:266,10/02/24 18:15:05,STABLE BEAMS,6800,455746.127489893,439413.057171361,61.3,HFET
386505:10190,267:267,10/02/24 18:15:29,STABLE BEAMS,6800,455139.319938113,439274.831244789,61.2,HFET
386505:10190,268:268,10/02/24 18:15:52,STABLE BEAMS,6800,454715.672170615,439117.073216445,61.1,HFET
386505:10190,269:269,10/02/24 18:16:15,STABLE BEAMS,6800,454726.917290432,439767.089628284,61.2,HFET
386505:10190,270:270,10/02/24 18:16:39,STABLE BEAMS,6800,453919.145181325,438602.096147680,61.1,HFET
386505:10190,271:271,10/02/24 18:17:02,STABLE BEAMS,6800,455820.339686098,439454.897688690,61.0,HFET
386505:10190,272:272,10/02/24 18:17:25,STABLE BEAMS,6800,460977.075634525,444510.059248455,62.1,HFET
386505:10190,273:273,10/02/24 18:17:49,STABLE BEAMS,6800,459832.980267345,423925.410532267,61.9,HFET
386505:10190,274:274,10/02/24 18:18:12,STABLE BEAMS,6800,459924.994905516,375264.114960954,62.1,HFET
386505:10190,275:275,10/02/24 18:18:35,STABLE BEAMS,6800,458873.140291063,442897.699282663,61.8,HFET
386505:10190,276:276,10/02/24 18:18:59,STABLE BEAMS,6800,457909.750083130,441476.744123704,61.7,HFET
386505:10190,277:277,10/02/24 18:19:22,STABLE BEAMS,6800,458253.856810331,435197.857575501,61.6,HFET
386505:10190,278:278,10/02/24 18:19:45,STABLE BEAMS,6800,458219.893005246,440910.273544003,61.6,HFET
386505:10190,279:279,10/02/24 18:20:09,STABLE BEAMS,6800,458768.607764539,442504.693534234,61.6,HFET
386505:10190,280:280,10/02/24 18:20:32,STABLE BEAMS,6800,459889.618467219,443439.038511462,61.8,HFET
386505:10190,281:281,10/02/24 18:20:55,STABLE BEAMS,6800,460248.977437157,443031.281702047,61.9,HFET
386505:10190,282:282,10/02/24 18:21:18,STABLE BEAMS,6800,461635.968791030,445095.651660216,62.0,HFET
386505:10190,283:283,10/02/24 18:21:42,STABLE BEAMS,6800,461839.210811469,444536.647523047,62.1,HFET
386505:10190,284:284,10/02/24 18:22:05,STABLE BEAMS,6800,462206.264669574,444894.185921141,62.1,HFET
386505:10190,285:285,10/02/24 18:22:28,STABLE BEAMS,6800,462852.318248974,446169.266886919,62.2,HFET
386505:10190,286:286,10/02/24 18:22:52,STABLE BEAMS,6800,463165.102282357,445821.654218547,62.2,HFET
386505:10190,287:287,10/02/24 18:23:15,STABLE BEAMS,6800,463790.940754159,446738.196753810,62.4,HFET
386505:10190,288:288,10/02/24 18:23:38,STABLE BEAMS,6800,463648.481590110,445851.795055868,62.4,HFET
386505:10190,289:289,10/02/24 18:24:02,STABLE BEAMS,6800,463428.667936839,446335.493721294,62.4,HFET
386505:10190,290:290,10/02/24 18:24:25,STABLE BEAMS,6800,463500.922027603,438944.519836633,62.3,HFET
386505:10190,291:291,10/02/24 18:24:48,STABLE BEAMS,6800,463171.703894986,445985.876325924,62.3,HFET
386505:10190,292:292,10/02/24 18:25:12,STABLE BEAMS,6800,462908.546179137,446388.169088728,62.3,HFET
386505:10190,293:293,10/02/24 18:25:35,STABLE BEAMS,6800,462980.891181939,446183.607678194,62.3,HFET
386505:10190,294:294,10/02/24 18:25:58,STABLE BEAMS,6800,462551.418050755,445717.485340177,62.2,HFET
386505:10190,295:295,10/02/24 18:26:22,STABLE BEAMS,6800,462557.882129787,444588.141033984,62.2,HFET
386505:10190,296:296,10/02/24 18:26:45,STABLE BEAMS,6800,462333.972772636,445381.754175891,62.2,HFET
386505:10190,297:297,10/02/24 18:27:08,STABLE BEAMS,6800,461661.557033200,443776.270889920,62.1,HFET
386505:10190,298:298,10/02/24 18:27:31,STABLE BEAMS,6800,461660.417136105,444773.671524496,62.1,HFET
386505:10190,299:299,10/02/24 18:27:55,STABLE BEAMS,6800,461841.896213217,444848.109835258,62.1,HFET
386505:10190,300:300,10/02/24 18:28:18,STABLE BEAMS,6800,460856.470325842,444093.514275336,62.1,HFET
386505:10190,301:301,10/02/24 18:28:41,STABLE BEAMS,6800,460900.541684726,444061.235839576,62.0,HFET
386505:10190,302:302,10/02/24 18:29:05,STABLE BEAMS,6800,460799.694592371,444142.413296563,62.0,HFET
386505:10190,303:303,10/02/24 18:29:28,STABLE BEAMS,6800,461062.031768797,437572.461367824,62.0,HFET
386505:10190,304:304,10/02/24 18:29:51,STABLE BEAMS,6800,461157.552348138,444867.506734511,62.1,HFET
386505:10190,305:305,10/02/24 18:30:15,STABLE BEAMS,6800,460556.253133449,444142.550830159,62.0,HFET
386505:10190,306:306,10/02/24 18:30:38,STABLE BEAMS,6800,460263.502383587,442159.584443534,61.9,HFET
386505:10190,307:307,10/02/24 18:31:01,STABLE BEAMS,6800,459768.330152709,443748.771163866,61.9,HFET
386505:10190,308:308,10/02/24 18:31:25,STABLE BEAMS,6800,459630.286050214,443151.705186654,61.8,HFET
386505:10190,309:309,10/02/24 18:31:48,STABLE BEAMS,6800,459760.497730946,443677.200078929,61.9,HFET
386505:10190,310:310,10/02/24 18:32:11,STABLE BEAMS,6800,459649.680618389,443654.935953852,61.9,HFET
386505:10190,311:311,10/02/24 18:32:34,STABLE BEAMS,6800,459917.346638907,443325.032484330,61.7,HFET
386505:10190,312:312,10/02/24 18:32:58,STABLE BEAMS,6800,459328.565312571,422707.058678402,61.7,HFET
386505:10190,313:313,10/02/24 18:33:21,STABLE BEAMS,6800,459519.879207367,0,61.8,HFET
386509:10190,1:1,10/02/24 18:48:14,STABLE BEAMS,6800,461556.430081811,438078.834428039,62.1,HFET
386509:10190,2:2,10/02/24 18:48:38,STABLE BEAMS,6800,461609.972610226,442050.408409822,62.1,HFET
386509:10190,3:3,10/02/24 18:49:01,STABLE BEAMS,6800,460997.381654162,441938.999203476,62.0,HFET
386509:10190,4:4,10/02/24 18:49:25,STABLE BEAMS,6800,460113.665357967,440786.253206188,61.9,HFET
386509:10190,5:5,10/02/24 18:49:48,STABLE BEAMS,6800,460167.527244055,335213.555430300,61.8,HFET
386509:10190,6:6,10/02/24 18:50:11,STABLE BEAMS,6800,459595.548327263,438192.747212055,61.9,HFET
386509:10190,7:7,10/02/24 18:50:35,STABLE BEAMS,6800,460064.267486068,441776.823782501,61.7,HFET
386509:10190,8:8,10/02/24 18:50:58,STABLE BEAMS,6800,463122.851495316,444363.683873525,62.9,HFET
386509:10190,9:9,10/02/24 18:51:21,STABLE BEAMS,6800,454065.658089852,438413.469985709,61.5,HFET
386509:10190,10:10,10/02/24 18:51:45,STABLE BEAMS,6800,456986.881002432,347584.590537839,60.9,HFET
386509:10190,11:11,10/02/24 18:52:08,STABLE BEAMS,6800,463075.819667492,416040.313401786,62.3,HFET
386509:10190,12:12,10/02/24 18:52:31,STABLE BEAMS,6800,461995.602828161,442233.342079547,62.2,HFET
386509:10190,13:13,10/02/24 18:52:54,STABLE BEAMS,6800,461256.667449609,442535.971937573,62.0,HFET
386509:10190,14:14,10/02/24 18:53:18,STABLE BEAMS,6800,460867.806357697,437576.741226859,62.0,HFET
386509:10190,15:15,10/02/24 18:53:41,STABLE BEAMS,6800,459851.419093579,442309.740826827,61.9,HFET
386509:10190,16:16,10/02/24 18:54:04,STABLE BEAMS,6800,458994.976408881,333513.302172074,61.8,HFET
386509:10190,17:17,10/02/24 18:54:28,STABLE BEAMS,6800,458491.654729644,441641.877682542,61.7,HFET
386509:10190,18:18,10/02/24 18:54:51,STABLE BEAMS,6800,458928.002209573,442065.933388673,61.7,HFET
386509:10190,19:19,10/02/24 18:55:14,STABLE BEAMS,6800,460007.083813964,443555.501494707,61.7,HFET
386509:10190,20:20,10/02/24 18:55:38,STABLE BEAMS,6800,460765.047781459,442333.186808403,61.9,HFET
386509:10190,21:21,10/02/24 18:56:01,STABLE BEAMS,6800,461791.267532183,444250.999567565,62.1,HFET
386509:10190,22:22,10/02/24 18:56:24,STABLE BEAMS,6800,460207.773304096,440980.797974961,62.1,HFET
386509:10190,23:23,10/02/24 18:56:48,STABLE BEAMS,6800,458276.713029196,442590.833856082,61.7,HFET
386509:10190,24:24,10/02/24 18:57:11,STABLE BEAMS,6800,457395.728756307,440892.060832326,61.6,HFET
386509:10190,25:25,10/02/24 18:57:34,STABLE BEAMS,6800,455779.727646826,439899.168502420,61.4,HFET
386509:10190,26:26,10/02/24 18:57:58,STABLE BEAMS,6800,454776.590229523,416806.746175313,61.2,HFET
386509:10190,27:27,10/02/24 18:58:21,STABLE BEAMS,6800,454796.940539640,352149.633643626,61.1,HFET
386509:10190,28:28,10/02/24 18:58:44,STABLE BEAMS,6800,455626.340389555,439783.933997231,61.2,HFET
386509:10190,29:29,10/02/24 18:59:07,STABLE BEAMS,6800,456018.252862445,439108.604410413,61.3,HFET
386509:10190,30:30,10/02/24 18:59:31,STABLE BEAMS,6800,456137.902429187,439977.660557659,61.4,HFET
386509:10190,31:31,10/02/24 18:59:54,STABLE BEAMS,6800,454901.703842876,439306.153938607,61.3,HFET
386509:10190,32:32,10/02/24 19:00:17,STABLE BEAMS,6800,454642.872607620,438344.540012039,61.2,HFET
386509:10190,33:33,10/02/24 19:00:41,STABLE BEAMS,6800,454457.661474781,438610.611575269,61.2,HFET
386509:10190,34:34,10/02/24 19:01:04,STABLE BEAMS,6800,454134.177793812,438851.367632445,61.1,HFET
386509:10190,35:35,10/02/24 19:01:27,STABLE BEAMS,6800,455284.373591871,439417.199496799,61.1,HFET
386509:10190,36:36,10/02/24 19:01:51,STABLE BEAMS,6800,462069.085396981,445529.267116839,62.2,HFET
386509:10190,37:37,10/02/24 19:02:14,STABLE BEAMS,6800,461851.731030901,445503.863029823,62.1,HFET
386509:10190,38:38,10/02/24 19:02:37,STABLE BEAMS,6800,461743.326583976,445154.474080088,62.1,HFET
386509:10190,39:39,10/02/24 19:03:01,STABLE BEAMS,6800,461125.910296646,444452.556218678,62.1,HFET
386509:10190,40:40,10/02/24 19:03:24,STABLE BEAMS,6800,460890.205685293,437983.176315102,62.0,HFET
386509:10190,41:41,10/02/24 19:03:47,STABLE BEAMS,6800,460500.116115324,443336.233313666,62.0,HFET
386509:10190,42:42,10/02/24 19:04:10,STABLE BEAMS,6800,460481.038573744,443453.197478661,61.9,HFET
386509:10190,43:43,10/02/24 19:04:34,STABLE BEAMS,6800,459920.213864731,442076.495502664,62.0,HFET
386509:10190,44:44,10/02/24 19:04:57,STABLE BEAMS,6800,458805.939977198,442328.587591695,61.8,HFET
386509:10190,45:45,10/02/24 19:05:20,STABLE BEAMS,6800,458519.928373562,440325.226604472,61.7,HFET
386509:10190,46:46,10/02/24 19:05:44,STABLE BEAMS,6800,458210.559369311,442058.648770218,61.7,HFET
386509:10190,47:47,10/02/24 19:06:07,STABLE BEAMS,6800,458006.499140527,441483.163912256,61.6,HFET
386509:10190,48:48,10/02/24 19:06:30,STABLE BEAMS,6800,457550.619558827,441173.703995967,61.6,HFET
386509:10190,49:49,10/02/24 19:06:54,STABLE BEAMS,6800,457123.967031908,441450.610409304,61.5,HFET
386509:10190,50:50,10/02/24 19:07:17,STABLE BEAMS,6800,456737.928875340,440830.597301188,61.5,HFET
386509:10190,51:51,10/02/24 19:07:40,STABLE BEAMS,6800,456597.973288962,439552.558197548,61.4,HFET
386509:10190,52:52,10/02/24 19:08:04,STABLE BEAMS,6800,456586.136075357,441090.750257616,61.4,HFET
386509:10190,53:53,10/02/24 19:08:27,STABLE BEAMS,6800,455936.893581382,433617.141992277,61.3,HFET
386509:10190,54:54,10/02/24 19:08:50,STABLE BEAMS,6800,455011.565213493,439264.586157393,61.3,HFET
386509:10190,55:55,10/02/24 19:09:14,STABLE BEAMS,6800,454767.757775339,439498.969047574,61.2,HFET
386509:10190,56:56,10/02/24 19:09:37,STABLE BEAMS,6800,455307.957107043,439673.345330308,61.2,HFET
386509:10190,57:57,10/02/24 19:10:00,STABLE BEAMS,6800,455252.183737072,439443.878683430,61.2,HFET
386509:10190,58:58,10/02/24 19:10:23,STABLE BEAMS,6800,455424.284887769,440273.644512576,61.3,HFET
386509:10190,59:59,10/02/24 19:10:47,STABLE BEAMS,6800,456873.376157049,441189.138062781,61.3,HFET
386509:10190,60:60,10/02/24 19:11:10,STABLE BEAMS,6800,453814.109141974,439106.329278377,61.4,HFET
386509:10190,61:61,10/02/24 19:11:33,STABLE BEAMS,6800,453266.534279777,438194.658695938,60.7,HFET
386509:10190,62:62,10/02/24 19:11:57,STABLE BEAMS,6800,465643.464683339,447688.565560561,62.1,HFET
386509:10190,63:63,10/02/24 19:12:20,STABLE BEAMS,6800,464823.717827032,446290.464289390,62.8,HFET
386509:10190,64:64,10/02/24 19:12:43,STABLE BEAMS,6800,464058.196504966,446910.978579256,62.3,HFET
386509:10190,65:65,10/02/24 19:13:07,STABLE BEAMS,6800,465604.218655719,448153.506042081,62.6,HFET
386509:10190,66:66,10/02/24 19:13:30,STABLE BEAMS,6800,465391.782864020,441181.806822767,62.6,HFET
386509:10190,67:67,10/02/24 19:13:53,STABLE BEAMS,6800,465275.774440966,448210.780626223,62.6,HFET
386509:10190,68:68,10/02/24 19:14:17,STABLE BEAMS,6800,464476.424516334,446941.755800844,62.6,HFET
386509:10190,69:69,10/02/24 19:14:40,STABLE BEAMS,6800,464247.277227129,445297.208311330,62.4,HFET
386509:10190,70:70,10/02/24 19:15:03,STABLE BEAMS,6800,464311.381869534,447107.297298315,62.4,HFET
386509:10190,71:71,10/02/24 19:15:26,STABLE BEAMS,6800,463751.058342271,446293.469048810,62.3,HFET
386509:10190,72:72,10/02/24 19:15:50,STABLE BEAMS,6800,463256.114557028,445980.869170582,62.4,HFET
386509:10190,73:73,10/02/24 19:16:13,STABLE BEAMS,6800,463359.008335784,444201.736898184,62.3,HFET
386509:10190,74:74,10/02/24 19:16:36,STABLE BEAMS,6800,462989.723636124,446059.633961937,62.4,HFET
386509:10190,75:75,10/02/24 19:17:00,STABLE BEAMS,6800,462561.754050188,445705.829950648,62.2,HFET
386509:10190,76:76,10/02/24 19:17:23,STABLE BEAMS,6800,462357.693821404,442838.557505118,62.2,HFET
386509:10190,77:77,10/02/24 19:17:46,STABLE BEAMS,6800,461488.775207754,442451.379451454,62.1,HFET
386509:10190,78:78,10/02/24 19:18:10,STABLE BEAMS,6800,461582.291060096,444690.671164587,62.1,HFET
386509:10190,79:79,10/02/24 19:18:33,STABLE BEAMS,6800,461233.312380072,333878.582079892,62.0,HFET
386509:10190,80:80,10/02/24 19:18:56,STABLE BEAMS,6800,461048.966077136,443656.255343946,62.0,HFET
386509:10190,81:81,10/02/24 19:19:20,STABLE BEAMS,6800,461042.408754987,443842.014280093,62.0,HFET
386509:10190,82:82,10/02/24 19:19:43,STABLE BEAMS,6800,460351.509898838,444139.546070739,62.0,HFET
386509:10190,83:83,10/02/24 19:20:06,STABLE BEAMS,6800,459494.062519562,443318.477493259,61.9,HFET
386509:10190,84:84,10/02/24 19:20:30,STABLE BEAMS,6800,459501.393759575,442947.826781946,61.8,HFET
386509:10190,85:85,10/02/24 19:20:53,STABLE BEAMS,6800,459314.588169449,442641.098888962,61.8,HFET
386509:10190,86:86,10/02/24 19:21:16,STABLE BEAMS,6800,459040.777427571,442611.822881545,61.8,HFET
386509:10190,87:87,10/02/24 19:21:39,STABLE BEAMS,6800,458969.798436421,442777.320088536,61.7,HFET
386509:10190,88:88,10/02/24 19:22:03,STABLE BEAMS,6800,458235.189538463,442072.989561494,61.7,HFET
386509:10190,89:89,10/02/24 19:22:26,STABLE BEAMS,6800,458036.183086578,442598.256008134,61.6,HFET
386509:10190,90:90,10/02/24 19:22:49,STABLE BEAMS,6800,457609.351066660,442555.459748864,61.6,HFET
386509:10190,91:91,10/02/24 19:23:13,STABLE BEAMS,6800,456383.577060744,441251.603957419,61.5,HFET
386509:10190,92:92,10/02/24 19:23:36,STABLE BEAMS,6800,455143.644087628,432301.675101784,61.3,HFET
386509:10190,93:93,10/02/24 19:23:59,STABLE BEAMS,6800,455297.758641205,440165.785537880,61.2,HFET
386509:10190,94:94,10/02/24 19:24:23,STABLE BEAMS,6800,455177.106710964,439969.464487743,61.2,HFET
386509:10190,95:95,10/02/24 19:24:46,STABLE BEAMS,6800,454473.641013825,438951.485097415,61.1,HFET
386509:10190,96:96,10/02/24 19:25:09,STABLE BEAMS,6800,454173.241997355,440187.457569169,61.1,HFET
386509:10190,97:97,10/02/24 19:25:33,STABLE BEAMS,6800,454214.035860704,439242.869835624,61.1,HFET
386509:10190,98:98,10/02/24 19:25:56,STABLE BEAMS,6800,454565.881766552,439613.839904610,61.1,HFET
386509:10190,99:99,10/02/24 19:26:19,STABLE BEAMS,6800,454495.767605305,439769.182936244,61.1,HFET
386509:10190,100:100,10/02/24 19:26:43,STABLE BEAMS,6800,454671.328075615,439775.283367123,61.1,HFET
386509:10190,101:101,10/02/24 19:27:06,STABLE BEAMS,6800,454722.865877031,439360.517006445,61.1,HFET
386509:10190,102:102,10/02/24 19:27:29,STABLE BEAMS,6800,455145.646483549,440125.765592396,61.2,HFET
386509:10190,103:103,10/02/24 19:27:52,STABLE BEAMS,6800,455879.026903451,440155.677984081,61.2,HFET
386509:10190,104:104,10/02/24 19:28:16,STABLE BEAMS,6800,456648.918996590,441121.937748916,61.4,HFET
386509:10190,105:105,10/02/24 19:28:39,STABLE BEAMS,6800,456772.121126060,432841.510785335,61.4,HFET
386509:10190,106:106,10/02/24 19:29:02,STABLE BEAMS,6800,457095.329739837,441319.578189148,61.5,HFET
386509:10190,107:107,10/02/24 19:29:26,STABLE BEAMS,6800,456579.396929131,441495.320483534,61.5,HFET
386509:10190,108:108,10/02/24 19:29:49,STABLE BEAMS,6800,456515.063841091,441174.387001794,61.4,HFET
386509:10190,109:109,10/02/24 19:30:12,STABLE BEAMS,6800,456670.772851956,441495.728422168,61.4,HFET
386509:10190,110:110,10/02/24 19:30:36,STABLE BEAMS,6800,456124.382177335,439786.348993941,61.4,HFET
386509:10190,111:111,10/02/24 19:30:59,STABLE BEAMS,6800,455854.851294492,440048.639548809,61.3,HFET
386509:10190,112:112,10/02/24 19:31:22,STABLE BEAMS,6800,455636.720679469,440696.879679285,61.3,HFET
386509:10190,113:113,10/02/24 19:31:46,STABLE BEAMS,6800,454715.991528288,439899.532150573,61.2,HFET
386509:10190,114:114,10/02/24 19:32:09,STABLE BEAMS,6800,454331.454585891,438794.319162859,61.1,HFET
386509:10190,115:115,10/02/24 19:32:32,STABLE BEAMS,6800,453926.975272011,438400.313382010,61.0,HFET
386509:10190,116:116,10/02/24 19:32:55,STABLE BEAMS,6800,454049.813753328,439306.610829877,61.2,HFET
386509:10190,117:117,10/02/24 19:33:19,STABLE BEAMS,6800,453538.205092137,438916.609840869,61.0,HFET
386509:10190,118:118,10/02/24 19:33:42,STABLE BEAMS,6800,456148.466874256,433378.297418985,60.8,HFET
386509:10190,119:119,10/02/24 19:34:05,STABLE BEAMS,6800,456166.632964375,441052.005411746,61.5,HFET
386509:10190,120:120,10/02/24 19:34:29,STABLE BEAMS,6800,455914.403341748,438967.238521902,61.3,HFET
386509:10190,121:121,10/02/24 19:34:52,STABLE BEAMS,6800,454872.201720902,439849.724008962,61.2,HFET
386509:10190,122:122,10/02/24 19:35:15,STABLE BEAMS,6800,450644.027345419,436346.095268119,60.5,HFET
386509:10190,123:123,10/02/24 19:35:39,STABLE BEAMS,6800,461234.039676379,444429.881823890,62.0,HFET
386509:10190,124:124,10/02/24 19:36:02,STABLE BEAMS,6800,460795.414733337,444646.371360067,62.0,HFET
386509:10190,125:125,10/02/24 19:36:25,STABLE BEAMS,6800,458951.723258341,442986.709161413,61.9,HFET
386509:10190,126:126,10/02/24 19:36:49,STABLE BEAMS,6800,456670.136467687,107366.807690046,61.5,HFET
386509:10190,127:127,10/02/24 19:37:12,STABLE BEAMS,6800,456261.925098081,100318.415774528,61.4,HFET
386509:10190,128:128,10/02/24 19:37:35,STABLE BEAMS,6800,455816.379184736,438869.624634602,61.3,HFET
386509:10190,129:129,10/02/24 19:37:59,STABLE BEAMS,6800,455956.425683153,440312.070000773,61.3,HFET
386509:10190,130:130,10/02/24 19:38:22,STABLE BEAMS,6800,457120.827069969,441662.866708004,61.4,HFET
386509:10190,131:131,10/02/24 19:38:45,STABLE BEAMS,6800,457726.359522135,440829.641559246,61.6,HFET
386509:10190,132:132,10/02/24 19:39:08,STABLE BEAMS,6800,457548.251183675,434186.708243437,61.5,HFET
386509:10190,133:133,10/02/24 19:39:32,STABLE BEAMS,6800,458209.738829889,440620.527553562,61.6,HFET
386509:10190,134:134,10/02/24 19:39:55,STABLE BEAMS,6800,458396.772865650,442486.527444115,61.7,HFET
386509:10190,135:135,10/02/24 19:40:18,STABLE BEAMS,6800,458851.652414928,443097.980834162,61.7,HFET
386509:10190,136:136,10/02/24 19:40:42,STABLE BEAMS,6800,459101.695486480,443359.954362435,61.8,HFET
386509:10190,137:137,10/02/24 19:41:05,STABLE BEAMS,6800,458739.651114795,442778.686100189,61.7,HFET
386509:10190,138:138,10/02/24 19:41:28,STABLE BEAMS,6800,459099.282820848,442108.046642117,61.7,HFET
386509:10190,139:139,10/02/24 19:41:52,STABLE BEAMS,6800,458678.003428501,442776.912149902,61.7,HFET
386509:10190,140:140,10/02/24 19:42:15,STABLE BEAMS,6800,459125.917716998,442131.539245251,61.7,HFET
386509:10190,141:141,10/02/24 19:42:38,STABLE BEAMS,6800,459715.514920601,444001.546258723,61.8,HFET
386509:10190,142:142,10/02/24 19:43:02,STABLE BEAMS,6800,459517.739277850,442981.746296551,61.8,HFET
386509:10190,143:143,10/02/24 19:43:25,STABLE BEAMS,6800,459593.909579496,443747.540354732,61.8,HFET
386509:10190,144:144,10/02/24 19:43:48,STABLE BEAMS,6800,459551.840616532,443177.566164939,61.8,HFET
386509:10190,145:145,10/02/24 19:44:12,STABLE BEAMS,6800,458899.183093425,437003.578122491,61.8,HFET
386509:10190,146:146,10/02/24 19:44:35,STABLE BEAMS,6800,459960.779282446,444008.194492910,61.8,HFET
386509:10190,147:147,10/02/24 19:44:58,STABLE BEAMS,6800,458377.604412032,442747.407696850,62.0,HFET
386509:10190,148:148,10/02/24 19:45:21,STABLE BEAMS,6800,457404.789656126,441769.494873565,61.7,HFET
386509:10190,149:149,10/02/24 19:45:45,STABLE BEAMS,6800,457392.996733002,441699.835272510,61.5,HFET
386509:10190,150:150,10/02/24 19:46:08,STABLE BEAMS,6800,457000.629699919,439678.170661573,61.5,HFET
386509:10190,151:151,10/02/24 19:46:31,STABLE BEAMS,6800,457140.722819894,397492.672451311,61.4,HFET
386509:10190,153:153,10/02/24 19:47:18,STABLE BEAMS,6800,452020.545166262,255992.828548093,61.3,HFET
386509:10190,154:154,10/02/24 19:47:41,STABLE BEAMS,6800,456920.317072836,440732.118583985,60.6,HFET
386509:10190,155:155,10/02/24 19:48:05,STABLE BEAMS,6800,463943.008621335,446868.408434543,62.5,HFET
386509:10190,156:156,10/02/24 19:48:28,STABLE BEAMS,6800,459419.668499281,440627.357611826,61.9,HFET
386509:10190,157:157,10/02/24 19:48:51,STABLE BEAMS,6800,461211.001633437,444846.972269240,61.9,HFET
386509:10190,158:158,10/02/24 19:49:15,STABLE BEAMS,6800,460813.261465782,443937.851886029,62.1,HFET
386509:10190,159:159,10/02/24 19:49:38,STABLE BEAMS,6800,460196.208826607,437337.577295893,61.9,HFET
386509:10190,160:160,10/02/24 19:50:01,STABLE BEAMS,6800,460023.655446795,443800.490789359,62.0,HFET
386509:10190,161:161,10/02/24 19:50:24,STABLE BEAMS,6800,458427.186439085,442799.449011094,61.7,HFET
386509:10190,162:162,10/02/24 19:50:48,STABLE BEAMS,6800,458495.843676641,442657.306873640,61.7,HFET
386509:10190,163:163,10/02/24 19:51:11,STABLE BEAMS,6800,457492.386901666,442213.036059911,61.7,HFET
386509:10190,164:164,10/02/24 19:51:34,STABLE BEAMS,6800,456368.280527527,441082.099627508,61.4,HFET
386509:10190,165:165,10/02/24 19:51:58,STABLE BEAMS,6800,455819.794213868,440484.031286796,61.3,HFET
386509:10190,166:166,10/02/24 19:52:21,STABLE BEAMS,6800,454626.573710904,439224.384387832,61.2,HFET
386509:10190,167:167,10/02/24 19:52:44,STABLE BEAMS,6800,453979.881416158,438578.058072317,61.1,HFET
386509:10190,168:168,10/02/24 19:53:08,STABLE BEAMS,6800,457234.739853986,440555.513790773,61.0,HFET
386509:10190,169:169,10/02/24 19:53:31,STABLE BEAMS,6800,456878.157197834,441503.924492084,61.6,HFET
386509:10190,170:170,10/02/24 19:53:54,STABLE BEAMS,6800,456947.861089369,441017.449512872,61.4,HFET
386509:10190,171:171,10/02/24 19:54:18,STABLE BEAMS,6800,456034.052908490,440379.316936195,61.4,HFET
386509:10190,172:172,10/02/24 19:54:41,STABLE BEAMS,6800,455101.302388549,433500.086915244,61.3,HFET
386509:10190,173:173,10/02/24 19:55:04,STABLE BEAMS,6800,455290.429732270,438208.544927022,61.2,HFET
386509:10190,174:174,10/02/24 19:55:28,STABLE BEAMS,6800,454697.825438169,439381.732146465,61.2,HFET
386509:10190,175:175,10/02/24 19:55:51,STABLE BEAMS,6800,454073.898450249,437701.125212827,61.1,HFET
386509:10190,176:176,10/02/24 19:56:14,STABLE BEAMS,6800,461989.318242127,445075.800200772,62.2,HFET
386509:10190,177:177,10/02/24 19:56:37,STABLE BEAMS,6800,461253.709311747,444750.997129707,62.1,HFET
386509:10190,178:178,10/02/24 19:57:01,STABLE BEAMS,6800,460464.648764990,443687.123477573,62.0,HFET
386509:10190,179:179,10/02/24 19:57:24,STABLE BEAMS,6800,460074.284127828,439870.120940637,61.9,HFET
386509:10190,180:180,10/02/24 19:57:47,STABLE BEAMS,6800,460034.583540017,444096.202008161,61.8,HFET
386509:10190,181:181,10/02/24 19:58:11,STABLE BEAMS,6800,461146.351518801,444070.704678029,62.0,HFET
386509:10190,182:182,10/02/24 19:58:34,STABLE BEAMS,6800,460785.899273326,444613.500830519,62.0,HFET
386509:10190,183:183,10/02/24 19:58:57,STABLE BEAMS,6800,461966.417732782,249783.419776868,62.1,HFET
386509:10190,184:184,10/02/24 19:59:21,STABLE BEAMS,6800,463136.872928919,379312.973499622,62.2,HFET
386509:10190,185:185,10/02/24 19:59:44,STABLE BEAMS,6800,465425.928493182,447355.067568909,62.5,HFET
386509:10190,186:186,10/02/24 20:00:07,STABLE BEAMS,6800,465547.764611000,441707.348336600,62.6,HFET
386509:10190,187:187,10/02/24 20:00:31,STABLE BEAMS,6800,464699.469043582,447272.204742596,62.6,HFET
386509:10190,188:188,10/02/24 20:00:54,STABLE BEAMS,6800,463846.168651900,447107.572365508,62.4,HFET
386509:10190,189:189,10/02/24 20:01:17,STABLE BEAMS,6800,463628.038036877,447265.101948218,62.4,HFET
386509:10190,190:190,10/02/24 20:01:41,STABLE BEAMS,6800,463481.208101755,446530.082780547,62.4,HFET
386509:10190,191:191,10/02/24 20:02:04,STABLE BEAMS,6800,462265.679183234,445971.945804360,62.3,HFET
386509:10190,192:192,10/02/24 20:02:27,STABLE BEAMS,6800,462809.340165627,443246.677962687,62.2,HFET
386509:10190,193:193,10/02/24 20:02:50,STABLE BEAMS,6800,463409.499483221,445485.195757955,62.3,HFET
386509:10190,194:194,10/02/24 20:03:14,STABLE BEAMS,6800,463736.624307879,447206.277197268,62.3,HFET
386509:10190,195:195,10/02/24 20:03:37,STABLE BEAMS,6800,463427.984931013,446493.750600310,62.4,HFET
386509:10190,196:196,10/02/24 20:04:00,STABLE BEAMS,6800,462813.254045431,445024.124865759,62.3,HFET
386509:10190,197:197,10/02/24 20:04:24,STABLE BEAMS,6800,462705.441692294,446380.749267755,62.2,HFET
386509:10190,198:198,10/02/24 20:04:47,STABLE BEAMS,6800,462620.940118213,443424.012383282,62.2,HFET
386509:10190,199:199,10/02/24 20:05:10,STABLE BEAMS,6800,462189.781617703,442118.517844070,62.2,HFET
386509:10190,200:200,10/02/24 20:05:34,STABLE BEAMS,6800,461665.561825042,444769.118929346,62.2,HFET
386509:10190,201:201,10/02/24 20:05:57,STABLE BEAMS,6800,461349.227560009,445147.462197748,62.0,HFET
386509:10190,202:202,10/02/24 20:06:20,STABLE BEAMS,6800,461438.601086913,445211.431637635,62.1,HFET
386509:10190,203:203,10/02/24 20:06:44,STABLE BEAMS,6800,462094.990665747,444050.808928104,62.1,HFET
386509:10190,204:204,10/02/24 20:07:07,STABLE BEAMS,6800,461499.064585630,443774.995790305,62.1,HFET
386509:10190,205:205,10/02/24 20:07:30,STABLE BEAMS,6800,462202.984842961,442923.832997063,62.1,HFET
386509:10190,206:206,10/02/24 20:07:53,STABLE BEAMS,6800,461958.086460347,444671.686866123,62.2,HFET
386509:10190,207:207,10/02/24 20:08:17,STABLE BEAMS,6800,461141.752302093,445246.623920777,62.1,HFET
386509:10190,208:208,10/02/24 20:08:40,STABLE BEAMS,6800,461252.935393882,444555.496618993,62.0,HFET
386509:10190,209:209,10/02/24 20:09:03,STABLE BEAMS,6800,461663.696962718,444850.615744006,62.1,HFET
386509:10190,210:210,10/02/24 20:09:27,STABLE BEAMS,6800,460946.207500898,445118.552169562,62.0,HFET
386509:10190,211:211,10/02/24 20:09:50,STABLE BEAMS,6800,461220.244357333,437682.185204844,62.0,HFET
386509:10190,212:212,10/02/24 20:10:13,STABLE BEAMS,6800,460670.438653580,444868.781834125,62.0,HFET
386509:10190,213:213,10/02/24 20:10:37,STABLE BEAMS,6800,461463.459701699,445486.198121454,62.0,HFET
386509:10190,214:214,10/02/24 20:11:00,STABLE BEAMS,6800,460815.720752973,443679.566123003,62.0,HFET
386509:10190,215:215,10/02/24 20:11:23,STABLE BEAMS,6800,460059.668269360,443105.904167963,61.9,HFET
386509:10190,216:216,10/02/24 20:11:47,STABLE BEAMS,6800,460224.347268006,444372.789063824,61.9,HFET
386509:10190,217:217,10/02/24 20:12:10,STABLE BEAMS,6800,459974.257574896,444016.616677383,61.9,HFET
386509:10190,218:218,10/02/24 20:12:33,STABLE BEAMS,6800,459310.583377607,443347.387521445,61.8,HFET
386509:10190,219:219,10/02/24 20:12:57,STABLE BEAMS,6800,459229.450211100,443190.496654082,61.8,HFET
386509:10190,220:220,10/02/24 20:13:20,STABLE BEAMS,6800,458405.558698276,442986.981897528,61.7,HFET
386509:10190,221:221,10/02/24 20:13:43,STABLE BEAMS,6800,457901.327898657,442466.631694190,61.6,HFET
386509:10190,222:222,10/02/24 20:14:06,STABLE BEAMS,6800,458303.075189232,442720.183037990,61.6,HFET
386509:10190,223:223,10/02/24 20:14:30,STABLE BEAMS,6800,458256.952481790,442874.069145933,61.6,HFET
386509:10190,224:224,10/02/24 20:14:53,STABLE BEAMS,6800,457547.204529695,435482.869146715,61.6,HFET
386509:10190,225:225,10/02/24 20:15:16,STABLE BEAMS,6800,457143.499133680,442180.711002593,61.5,HFET
386509:10190,226:226,10/02/24 20:15:40,STABLE BEAMS,6800,456035.372298584,440773.185183449,61.5,HFET
386509:10190,227:227,10/02/24 20:16:03,STABLE BEAMS,6800,454821.344594234,439828.872517096,61.3,HFET
386509:10190,228:228,10/02/24 20:16:26,STABLE BEAMS,6800,455750.861909120,440918.150256247,61.2,HFET
386509:10190,229:229,10/02/24 20:16:50,STABLE BEAMS,6800,455115.734091863,439948.657286357,61.3,HFET
386509:10190,230:230,10/02/24 20:17:13,STABLE BEAMS,6800,455493.350063958,439939.461184019,61.2,HFET
386509:10190,231:231,10/02/24 20:17:36,STABLE BEAMS,6800,455902.610418623,439306.382384242,61.3,HFET
386509:10190,232:232,10/02/24 20:18:00,STABLE BEAMS,6800,455726.140827930,440650.486566806,61.3,HFET
386509:10190,233:233,10/02/24 20:18:23,STABLE BEAMS,6800,455758.465885248,440358.691558886,61.3,HFET
386509:10190,234:234,10/02/24 20:18:46,STABLE BEAMS,6800,455668.819622230,440883.776181450,61.3,HFET
386509:10190,235:235,10/02/24 20:19:09,STABLE BEAMS,6800,455487.615612310,440376.720115409,61.3,HFET
386509:10190,236:236,10/02/24 20:19:33,STABLE BEAMS,6800,456028.407037802,441323.993250701,61.3,HFET
386509:10190,237:237,10/02/24 20:19:56,STABLE BEAMS,6800,455316.836182785,434054.811193378,61.3,HFET
386509:10190,238:238,10/02/24 20:20:19,STABLE BEAMS,6800,454749.272327547,439673.436242346,61.2,HFET
386509:10190,239:239,10/02/24 20:20:43,STABLE BEAMS,6800,454041.435859335,439396.667362606,61.1,HFET
386509:10190,240:240,10/02/24 20:21:06,STABLE BEAMS,6800,457466.253187265,441869.521426498,61.0,HFET
386509:10190,241:241,10/02/24 20:21:29,STABLE BEAMS,6800,460300.107299940,444134.445672281,62.0,HFET
386509:10190,242:242,10/02/24 20:21:53,STABLE BEAMS,6800,459611.255130192,443263.841689306,61.9,HFET
386509:10190,243:243,10/02/24 20:22:16,STABLE BEAMS,6800,459106.977709014,441725.148447488,61.7,HFET
386509:10190,244:244,10/02/24 20:22:39,STABLE BEAMS,6800,459227.401193621,443624.203022743,61.7,HFET
386509:10190,245:245,10/02/24 20:23:03,STABLE BEAMS,6800,458038.870819403,441074.586563418,61.6,HFET
386509:10190,246:246,10/02/24 20:23:26,STABLE BEAMS,6800,458207.645521929,442030.876308050,61.6,HFET
386509:10190,247:247,10/02/24 20:23:49,STABLE BEAMS,6800,457569.603857291,442147.656317890,61.6,HFET
386509:10190,248:248,10/02/24 20:24:13,STABLE BEAMS,6800,457105.891853828,222794.523804865,61.5,HFET
386509:10190,249:249,10/02/24 20:24:36,STABLE BEAMS,6800,457453.914791910,442204.658165918,61.5,HFET
386509:10190,250:250,10/02/24 20:24:59,STABLE BEAMS,6800,457639.035012711,441786.658600185,61.5,HFET
386509:10190,251:251,10/02/24 20:25:22,STABLE BEAMS,6800,457158.933200493,434137.718310171,61.5,HFET
386509:10190,252:252,10/02/24 20:25:46,STABLE BEAMS,6800,456638.175058523,441709.304110963,61.4,HFET
386509:10190,253:253,10/02/24 20:26:09,STABLE BEAMS,6800,456198.501130423,440113.881757233,61.4,HFET
386509:10190,254:254,10/02/24 20:26:32,STABLE BEAMS,6800,456636.990870947,441304.554392046,61.4,HFET
386509:10190,255:255,10/02/24 20:26:56,STABLE BEAMS,6800,456164.493034857,441058.926382048,61.4,HFET
386509:10190,256:256,10/02/24 20:27:19,STABLE BEAMS,6800,455567.107699972,440390.060874263,61.4,HFET
386509:10190,257:257,10/02/24 20:27:42,STABLE BEAMS,6800,455410.762304838,440695.651201228,61.2,HFET
386509:10190,258:258,10/02/24 20:28:06,STABLE BEAMS,6800,455409.897474935,439902.401707475,61.2,HFET
386509:10190,259:259,10/02/24 20:28:29,STABLE BEAMS,6800,455566.061045992,439980.618695522,61.3,HFET
386509:10190,260:260,10/02/24 20:28:52,STABLE BEAMS,6800,455146.420401413,440347.672553626,61.3,HFET
386509:10190,261:261,10/02/24 20:29:16,STABLE BEAMS,6800,454092.472479001,439595.172632741,61.1,HFET
386509:10190,262:262,10/02/24 20:29:39,STABLE BEAMS,6800,454407.487353940,439499.789586997,61.1,HFET
386509:10190,263:263,10/02/24 20:30:02,STABLE BEAMS,6800,454717.175715864,438617.213187898,61.2,HFET
386509:10190,264:264,10/02/24 20:30:26,STABLE BEAMS,6800,454320.892471900,433113.228219253,61.1,HFET
386509:10190,265:265,10/02/24 20:30:49,STABLE BEAMS,6800,454900.337831224,439673.981714576,61.1,HFET
386509:10190,266:266,10/02/24 20:31:12,STABLE BEAMS,6800,454804.635427806,437692.383670681,61.3,HFET
386509:10190,267:267,10/02/24 20:31:35,STABLE BEAMS,6800,454099.666185418,438616.029000322,61.0,HFET
386509:10190,268:268,10/02/24 20:31:59,STABLE BEAMS,6800,455388.316355685,439541.993752479,61.2,HFET
386509:10190,269:269,10/02/24 20:32:22,STABLE BEAMS,6800,455127.480393430,440127.269137645,61.3,HFET
386509:10190,270:270,10/02/24 20:32:45,STABLE BEAMS,6800,456481.372772120,440267.315636062,61.1,HFET
386509:10190,271:271,10/02/24 20:33:09,STABLE BEAMS,6800,455434.527644087,440359.192740636,61.6,HFET
386509:10190,272:272,10/02/24 20:33:32,STABLE BEAMS,6800,449437.920643792,431676.382102212,60.6,HFET
386509:10190,273:273,10/02/24 20:33:55,STABLE BEAMS,6800,459777.253518932,443539.337800510,61.8,HFET
386509:10190,274:274,10/02/24 20:34:19,STABLE BEAMS,6800,459397.861265473,443496.767655796,61.9,HFET
386509:10190,275:275,10/02/24 20:34:42,STABLE BEAMS,6800,459379.967911469,443168.004083370,61.7,HFET
386509:10190,276:276,10/02/24 20:35:05,STABLE BEAMS,6800,459882.196315168,444495.534302025,61.8,HFET
386509:10190,277:277,10/02/24 20:35:29,STABLE BEAMS,6800,460209.868943134,437815.084618402,61.9,HFET
386509:10190,278:278,10/02/24 20:35:52,STABLE BEAMS,6800,460051.474530521,444363.364515852,61.9,HFET
386509:10190,279:279,10/02/24 20:36:15,STABLE BEAMS,6800,460061.080902571,444341.874308639,61.9,HFET
386509:10190,280:280,10/02/24 20:36:38,STABLE BEAMS,6800,460022.426968739,443716.126748875,61.9,HFET
386509:10190,281:281,10/02/24 20:37:02,STABLE BEAMS,6800,460132.742899547,443359.089532532,61.8,HFET
386509:10190,282:282,10/02/24 20:37:25,STABLE BEAMS,6800,460236.548129764,443806.001457528,62.0,HFET
386509:10190,283:283,10/02/24 20:37:48,STABLE BEAMS,6800,459798.195922837,444234.108577060,61.9,HFET
386509:10190,284:284,10/02/24 20:38:12,STABLE BEAMS,6800,459845.819844450,443320.025328988,61.8,HFET
386509:10190,285:285,10/02/24 20:38:35,STABLE BEAMS,6800,459674.222206580,443683.845982038,61.9,HFET
386509:10190,286:286,10/02/24 20:38:58,STABLE BEAMS,6800,458593.548475979,443333.501290361,61.8,HFET
386509:10190,287:287,10/02/24 20:39:22,STABLE BEAMS,6800,458803.573933124,442785.653692049,61.6,HFET
386509:10190,288:288,10/02/24 20:39:45,STABLE BEAMS,6800,459004.172511218,443456.202238082,61.7,HFET
386509:10190,289:289,10/02/24 20:40:08,STABLE BEAMS,6800,459235.506351499,442667.915609189,61.7,HFET
386509:10190,290:290,10/02/24 20:40:32,STABLE BEAMS,6800,459405.374329563,436528.940356884,61.8,HFET
386509:10190,291:291,10/02/24 20:40:55,STABLE BEAMS,6800,458736.326997701,442617.196016118,61.7,HFET
386509:10190,292:292,10/02/24 20:41:18,STABLE BEAMS,6800,458834.943248501,443682.116322232,61.7,HFET
386509:10190,293:293,10/02/24 20:41:42,STABLE BEAMS,6800,458573.195834785,442423.334253171,61.7,HFET
386509:10190,294:294,10/02/24 20:42:05,STABLE BEAMS,6800,457748.213377501,442589.605378026,61.6,HFET
386509:10190,295:295,10/02/24 20:42:28,STABLE BEAMS,6800,457277.491822776,440669.244750713,61.6,HFET
386509:10190,296:296,10/02/24 20:42:51,STABLE BEAMS,6800,457059.953301541,441621.161393194,61.5,HFET
386509:10190,297:297,10/02/24 20:43:15,STABLE BEAMS,6800,457069.834740783,441200.793452309,61.4,HFET
386509:10190,298:298,10/02/24 20:43:38,STABLE BEAMS,6800,457031.954724816,439565.532977171,61.5,HFET
386509:10190,299:299,10/02/24 20:44:01,STABLE BEAMS,6800,457412.666368370,442233.796639739,61.5,HFET
386509:10190,300:300,10/02/24 20:44:25,STABLE BEAMS,6800,458233.187142542,443304.090080425,61.6,HFET
386509:10190,301:301,10/02/24 20:44:48,STABLE BEAMS,6800,458353.519715110,443172.966948231,61.7,HFET
386509:10190,302:302,10/02/24 20:45:11,STABLE BEAMS,6800,458296.699691160,436186.381465412,61.6,HFET
386509:10190,303:303,10/02/24 20:45:35,STABLE BEAMS,6800,457691.621799185,442669.099796765,61.7,HFET
386509:10190,304:304,10/02/24 20:45:58,STABLE BEAMS,6800,457346.102438773,442138.369303514,61.5,HFET
386509:10190,305:305,10/02/24 20:46:21,STABLE BEAMS,6800,457055.992800179,442179.664348613,61.5,HFET
386509:10190,306:306,10/02/24 20:46:45,STABLE BEAMS,6800,457316.418492723,192763.388176349,61.5,HFET
386509:10190,308:308,10/02/24 20:47:31,STABLE BEAMS,6800,457165.308698565,419587.468029284,61.5,HFET
386509:10190,309:309,10/02/24 20:47:55,STABLE BEAMS,6800,457820.833447496,442756.014036478,61.5,HFET
386509:10190,310:310,10/02/24 20:48:18,STABLE BEAMS,6800,458537.183012220,443227.919778780,61.6,HFET
386509:10190,311:311,10/02/24 20:48:41,STABLE BEAMS,6800,458954.592815243,443816.836307634,61.7,HFET
386509:10190,312:312,10/02/24 20:49:04,STABLE BEAMS,6800,458504.629509267,443252.960217642,61.7,HFET
386509:10190,313:313,10/02/24 20:49:28,STABLE BEAMS,6800,458441.026048611,442075.812496838,61.7,HFET
386509:10190,314:314,10/02/24 20:49:51,STABLE BEAMS,6800,458527.940288324,442106.909076099,61.7,HFET
386509:10190,315:315,10/02/24 20:50:14,STABLE BEAMS,6800,458267.241859666,442299.085469721,61.7,HFET
386509:10190,316:316,10/02/24 20:50:38,STABLE BEAMS,6800,458509.410550052,442544.305541085,61.6,HFET
386509:10190,317:317,10/02/24 20:51:01,STABLE BEAMS,6800,458321.332191389,435027.579327725,61.7,HFET
386509:10190,318:318,10/02/24 20:51:24,STABLE BEAMS,6800,457763.694065873,440318.261343690,61.6,HFET
386509:10190,319:319,10/02/24 20:51:48,STABLE BEAMS,6800,457589.273492659,441551.047231947,61.5,HFET
386509:10190,320:320,10/02/24 20:52:11,STABLE BEAMS,6800,457364.406062489,441449.062573574,61.5,HFET
386509:10190,321:321,10/02/24 20:52:34,STABLE BEAMS,6800,456958.742561032,441268.040387732,61.5,HFET
386509:10190,322:322,10/02/24 20:52:58,STABLE BEAMS,6800,456634.988475026,441605.363678227,61.4,HFET
386509:10190,323:323,10/02/24 20:53:21,STABLE BEAMS,6800,456135.762499670,440506.752303143,61.3,HFET
386509:10190,324:324,10/02/24 20:53:44,STABLE BEAMS,6800,456209.611047722,440599.948797811,61.4,HFET
386509:10190,325:325,10/02/24 20:54:07,STABLE BEAMS,6800,456067.014350076,440315.575941943,61.3,HFET
386509:10190,326:326,10/02/24 20:54:31,STABLE BEAMS,6800,455690.673477595,439513.629196523,61.3,HFET
386509:10190,327:327,10/02/24 20:54:54,STABLE BEAMS,6800,455689.990471769,440677.347577513,61.3,HFET
386509:10190,328:328,10/02/24 20:55:17,STABLE BEAMS,6800,455172.873473487,440284.889632393,61.3,HFET
386509:10190,329:329,10/02/24 20:55:41,STABLE BEAMS,6800,454232.246241303,432982.377823174,61.1,HFET
386509:10190,330:330,10/02/24 20:56:04,STABLE BEAMS,6800,454553.771816832,439127.271682282,61.2,HFET
386509:10190,331:331,10/02/24 20:56:27,STABLE BEAMS,6800,454386.864307708,439964.047062690,61.1,HFET
386509:10190,332:332,10/02/24 20:56:51,STABLE BEAMS,6800,454278.368948745,439448.706345772,61.1,HFET
386509:10190,333:333,10/02/24 20:57:14,STABLE BEAMS,6800,453731.064491584,438644.302644240,61.0,HFET
386509:10190,334:334,10/02/24 20:57:37,STABLE BEAMS,6800,459791.412486131,444405.251654739,61.0,HFET
386509:10190,335:335,10/02/24 20:58:01,STABLE BEAMS,6800,461517.685235940,445434.613698480,62.1,HFET
386509:10190,336:336,10/02/24 20:58:24,STABLE BEAMS,6800,461669.067766213,445444.310982567,62.1,HFET
386509:10190,337:337,10/02/24 20:58:47,STABLE BEAMS,6800,460878.732119841,444691.445082451,62.0,HFET
386509:10190,338:338,10/02/24 20:59:11,STABLE BEAMS,6800,460756.441441832,444657.434655808,62.0,HFET
386509:10190,339:339,10/02/24 20:59:34,STABLE BEAMS,6800,459916.936369196,443818.430764921,61.9,HFET
386509:10190,340:340,10/02/24 20:59:57,STABLE BEAMS,6800,460094.179877753,443919.275526199,61.9,HFET
386509:10190,341:341,10/02/24 21:00:20,STABLE BEAMS,6800,460248.294431331,443297.716913431,61.9,HFET
386509:10190,342:342,10/02/24 21:00:44,STABLE BEAMS,6800,459190.614453192,436505.538665789,61.8,HFET
386509:10190,343:343,10/02/24 21:01:07,STABLE BEAMS,6800,459098.963463175,441909.222014309,61.7,HFET
386509:10190,344:344,10/02/24 21:01:30,STABLE BEAMS,6800,459118.586476984,442683.030318330,61.8,HFET
386509:10190,345:345,10/02/24 21:01:54,STABLE BEAMS,6800,458450.905156775,442825.263367822,61.7,HFET
386509:10190,346:346,10/02/24 21:02:17,STABLE BEAMS,6800,457914.258387800,375643.302079558,61.6,HFET
386509:10190,347:347,10/02/24 21:02:40,STABLE BEAMS,6800,458178.369514512,441877.717496414,61.6,HFET
386509:10190,348:348,10/02/24 21:03:04,STABLE BEAMS,6800,458034.907986964,443029.186063010,61.6,HFET
386509:10190,349:349,10/02/24 21:03:27,STABLE BEAMS,6800,457531.632929286,442293.940780783,61.6,HFET
386509:10190,350:350,10/02/24 21:03:50,STABLE BEAMS,6800,457357.394180148,441612.965323278,61.5,HFET
386509:10190,351:351,10/02/24 21:04:14,STABLE BEAMS,6800,457220.625177267,339463.014878140,61.5,HFET
386509:10190,352:352,10/02/24 21:04:37,STABLE BEAMS,6800,457130.158374826,441151.029601179,61.5,HFET
386509:10190,353:353,10/02/24 21:05:00,STABLE BEAMS,6800,456703.006997235,441610.370833569,61.5,HFET
386509:10190,354:354,10/02/24 21:05:24,STABLE BEAMS,6800,456569.289375332,441263.851440735,61.4,HFET
386509:10190,355:355,10/02/24 21:05:47,STABLE BEAMS,6800,456638.310261041,441668.967138883,61.4,HFET
386509:10190,356:356,10/02/24 21:06:10,STABLE BEAMS,6800,456731.872734941,435509.366509269,61.4,HFET
386509:10190,357:357,10/02/24 21:06:33,STABLE BEAMS,6800,456992.799609234,440911.683846136,61.5,HFET
386509:10190,358:358,10/02/24 21:06:57,STABLE BEAMS,6800,456748.490989331,441006.975979842,61.5,HFET
386509:10190,359:359,10/02/24 21:07:20,STABLE BEAMS,6800,456544.659206181,439471.879591233,61.4,HFET
386509:10190,360:360,10/02/24 21:07:43,STABLE BEAMS,6800,456612.176546641,440302.372716685,61.4,HFET
386509:10190,361:361,10/02/24 21:08:07,STABLE BEAMS,6800,455910.941691058,440349.903395182,61.3,HFET
386509:10190,362:362,10/02/24 21:08:30,STABLE BEAMS,6800,456334.041655248,440073.178805922,61.3,HFET
386509:10190,363:363,10/02/24 21:08:53,STABLE BEAMS,6800,456607.122769741,207801.481312964,61.4,HFET
386509:10190,364:364,10/02/24 21:09:17,STABLE BEAMS,6800,456479.323754641,439846.672627984,61.4,HFET
386509:10190,365:365,10/02/24 21:09:40,STABLE BEAMS,6800,456788.191577142,440715.682153672,61.4,HFET
386509:10190,366:366,10/02/24 21:10:03,STABLE BEAMS,6800,456498.354674663,440627.858793576,61.4,HFET
386509:10190,367:367,10/02/24 21:10:27,STABLE BEAMS,6800,456416.312387773,440637.782192220,61.4,HFET
386509:10190,368:368,10/02/24 21:10:50,STABLE BEAMS,6800,456427.240480995,440036.711423166,61.4,HFET
386509:10190,369:369,10/02/24 21:11:13,STABLE BEAMS,6800,455901.426231047,433787.602064129,61.4,HFET
386509:10190,370:370,10/02/24 21:11:36,STABLE BEAMS,6800,455166.635509011,379656.921713525,61.3,HFET
386509:10190,371:371,10/02/24 21:12:00,STABLE BEAMS,6800,454702.697390992,439122.446351017,61.2,HFET
386509:10190,372:372,10/02/24 21:12:23,STABLE BEAMS,6800,454769.988616894,439922.479281476,61.2,HFET
386509:10190,373:373,10/02/24 21:12:46,STABLE BEAMS,6800,454917.548179401,439594.216890800,61.1,HFET
386509:10190,374:374,10/02/24 21:13:10,STABLE BEAMS,6800,454577.264419965,439854.868697900,61.2,HFET
386509:10190,375:375,10/02/24 21:13:33,STABLE BEAMS,6800,454498.455338131,440046.681443368,61.1,HFET
386509:10190,376:376,10/02/24 21:13:56,STABLE BEAMS,6800,455281.277920412,439922.933841668,61.2,HFET
386509:10190,377:377,10/02/24 21:14:20,STABLE BEAMS,6800,454928.884211256,439782.752140733,61.2,HFET
386509:10190,378:378,10/02/24 21:14:43,STABLE BEAMS,6800,454118.289166807,438894.210513273,61.1,HFET
386509:10190,379:379,10/02/24 21:15:06,STABLE BEAMS,6800,458557.489031856,443190.860302235,61.1,HFET
386509:10190,380:380,10/02/24 21:15:30,STABLE BEAMS,6800,461712.822098502,444709.883908685,62.1,HFET
386509:10190,381:381,10/02/24 21:15:53,STABLE BEAMS,6800,461505.892312816,445468.759327642,62.1,HFET
386509:10190,382:382,10/02/24 21:16:16,STABLE BEAMS,6800,461498.062222131,438756.530058931,62.1,HFET
386509:10190,383:383,10/02/24 21:16:40,STABLE BEAMS,6800,461504.754746798,442010.843024529,62.1,HFET
386509:10190,384:384,10/02/24 21:17:03,STABLE BEAMS,6800,462101.275251780,444053.359127333,62.1,HFET
386509:10190,385:385,10/02/24 21:17:26,STABLE BEAMS,6800,461816.900064834,444139.271003546,62.2,HFET
386509:10190,386:386,10/02/24 21:17:49,STABLE BEAMS,6800,461582.472884173,444513.064007876,62.1,HFET
386509:10190,387:387,10/02/24 21:18:13,STABLE BEAMS,6800,460066.360794027,442248.957970437,62.1,HFET
386509:10190,388:388,10/02/24 21:18:36,STABLE BEAMS,6800,455555.498932001,440897.662412534,62.0,HFET
386509:10190,389:389,10/02/24 21:18:59,STABLE BEAMS,6800,459241.697694417,443622.837011091,60.9,HFET
386509:10190,390:390,10/02/24 21:19:23,STABLE BEAMS,6800,463416.784101676,447064.911308757,62.4,HFET
386509:10190,391:391,10/02/24 21:19:46,STABLE BEAMS,6800,462670.431233229,446564.641010499,62.3,HFET
386509:10190,392:392,10/02/24 21:20:09,STABLE BEAMS,6800,462201.984810539,445811.728488825,62.2,HFET
386509:10190,393:393,10/02/24 21:20:33,STABLE BEAMS,6800,461385.149470536,331666.083776207,62.1,HFET
386509:10190,394:394,10/02/24 21:20:56,STABLE BEAMS,6800,460426.039121638,442514.346527842,62.0,HFET
386509:10190,395:395,10/02/24 21:21:19,STABLE BEAMS,6800,460327.833140550,437826.649095892,61.9,HFET
386509:10190,396:396,10/02/24 21:21:43,STABLE BEAMS,6800,460300.517569651,444100.845515349,62.0,HFET
386509:10190,397:397,10/02/24 21:22:06,STABLE BEAMS,6800,459946.391869612,443030.733898739,61.8,HFET
386509:10190,398:398,10/02/24 21:22:29,STABLE BEAMS,6800,460300.470948093,444895.279196679,61.9,HFET
386509:10190,399:399,10/02/24 21:22:53,STABLE BEAMS,6800,459740.921338695,444050.081631797,61.9,HFET
386509:10190,400:400,10/02/24 21:23:16,STABLE BEAMS,6800,460111.343604373,443795.255188383,61.8,HFET
386509:10190,401:401,10/02/24 21:23:39,STABLE BEAMS,6800,459990.920119766,444272.079505066,61.9,HFET
386509:10190,402:402,10/02/24 21:24:02,STABLE BEAMS,6800,459051.658899235,443671.097316972,61.8,HFET
386509:10190,403:403,10/02/24 21:24:26,STABLE BEAMS,6800,459491.013469661,443043.256449248,61.8,HFET
386509:10190,404:404,10/02/24 21:24:49,STABLE BEAMS,6800,459604.243247851,443973.820418113,61.8,HFET
386509:10190,405:405,10/02/24 21:25:12,STABLE BEAMS,6800,459456.410949230,443800.810147032,61.8,HFET
386509:10190,406:406,10/02/24 21:25:36,STABLE BEAMS,6800,459174.951940743,443755.235242899,61.8,HFET
386509:10190,407:407,10/02/24 21:25:59,STABLE BEAMS,6800,458711.330849319,442797.581817692,61.7,HFET
386509:10190,408:408,10/02/24 21:26:22,STABLE BEAMS,6800,458594.823575593,434689.300295289,61.7,HFET
386509:10190,409:409,10/02/24 21:26:46,STABLE BEAMS,6800,458189.341898214,441406.583340899,61.7,HFET
386509:10190,410:410,10/02/24 21:27:09,STABLE BEAMS,6800,457842.822505381,442636.136024101,61.6,HFET
386509:10190,411:411,10/02/24 21:27:32,STABLE BEAMS,6800,457819.966286516,441870.113520286,61.5,HFET
386509:10190,412:412,10/02/24 21:27:56,STABLE BEAMS,6800,457555.626714169,440932.400135484,61.6,HFET
386509:10190,413:413,10/02/24 21:28:19,STABLE BEAMS,6800,457491.750517397,442241.582439944,61.5,HFET
386509:10190,414:414,10/02/24 21:28:42,STABLE BEAMS,6800,458123.416683964,442090.428355306,61.6,HFET
386509:10190,415:415,10/02/24 21:29:05,STABLE BEAMS,6800,458048.568103491,442817.386655579,61.6,HFET
386509:10190,416:416,10/02/24 21:29:29,STABLE BEAMS,6800,458072.925536527,442088.288425789,61.6,HFET
386509:10190,417:417,10/02/24 21:29:52,STABLE BEAMS,6800,457947.993747251,440335.289867791,61.6,HFET
386509:10190,418:418,10/02/24 21:30:15,STABLE BEAMS,6800,457595.327301980,442289.889367383,61.6,HFET
386509:10190,419:419,10/02/24 21:30:39,STABLE BEAMS,6800,457335.631236821,441661.043805082,61.5,HFET
386509:10190,420:420,10/02/24 21:31:02,STABLE BEAMS,6800,457842.277033151,442142.329804876,61.6,HFET
386509:10190,421:421,10/02/24 21:31:25,STABLE BEAMS,6800,457420.587371093,435523.753922103,61.5,HFET
386509:10190,422:422,10/02/24 21:31:49,STABLE BEAMS,6800,457343.235212949,442530.601134078,61.5,HFET
386509:10190,423:423,10/02/24 21:32:12,STABLE BEAMS,6800,456929.102905462,441045.040150964,61.5,HFET
386509:10190,424:424,10/02/24 21:32:35,STABLE BEAMS,6800,456464.936341807,440692.371374615,61.4,HFET
386509:10190,425:425,10/02/24 21:32:59,STABLE BEAMS,6800,456374.108222291,440381.592068231,61.4,HFET
386509:10190,426:426,10/02/24 21:33:22,STABLE BEAMS,6800,455491.895471345,440670.018668578,61.3,HFET
386509:10190,427:427,10/02/24 21:33:45,STABLE BEAMS,6800,455079.539445222,440559.201556020,61.2,HFET
386509:10190,428:428,10/02/24 21:34:09,STABLE BEAMS,6800,456047.619781901,440602.680821117,61.3,HFET
386509:10190,429:429,10/02/24 21:34:32,STABLE BEAMS,6800,455713.072805191,440953.661897062,61.3,HFET
386509:10190,430:430,10/02/24 21:34:55,STABLE BEAMS,6800,455700.781031394,439785.665988115,61.3,HFET
386509:10190,431:431,10/02/24 21:35:18,STABLE BEAMS,6800,455318.064660842,439220.379595990,61.3,HFET
386509:10190,432:432,10/02/24 21:35:42,STABLE BEAMS,6800,454146.607101205,439482.441705223,61.1,HFET
386509:10190,433:433,10/02/24 21:36:05,STABLE BEAMS,6800,454197.053958161,439517.272671290,61.1,HFET
386509:10190,434:434,10/02/24 21:36:28,STABLE BEAMS,6800,454037.109378742,433267.433684869,61.1,HFET
386509:10190,435:435,10/02/24 21:36:52,STABLE BEAMS,6800,458348.421647731,443223.047825957,61.0,HFET
386509:10190,436:436,10/02/24 21:37:15,STABLE BEAMS,6800,460541.317917307,444598.521323898,61.9,HFET
386509:10190,437:437,10/02/24 21:37:38,STABLE BEAMS,6800,459105.702609400,442660.129808984,61.8,HFET
386509:10190,438:438,10/02/24 21:38:02,STABLE BEAMS,6800,458559.356225259,443163.952669970,61.7,HFET
386509:10190,439:439,10/02/24 21:38:25,STABLE BEAMS,6800,457686.113462094,441885.319141464,61.6,HFET
386509:10190,440:440,10/02/24 21:38:48,STABLE BEAMS,6800,457235.422859812,440547.499544934,61.5,HFET
386509:10190,441:441,10/02/24 21:39:12,STABLE BEAMS,6800,456984.421715241,441165.097656339,61.5,HFET
386509:10190,442:442,10/02/24 21:39:35,STABLE BEAMS,6800,456064.692596482,440563.071145344,61.4,HFET
386509:10190,443:443,10/02/24 21:39:58,STABLE BEAMS,6800,455161.901089785,439723.883099303,61.2,HFET
386509:10190,444:444,10/02/24 21:40:22,STABLE BEAMS,6800,455654.432209396,440415.649116433,61.3,HFET
386509:10190,445:445,10/02/24 21:40:45,STABLE BEAMS,6800,454741.486527342,438911.327618334,61.2,HFET
386509:10190,446:446,10/02/24 21:41:08,STABLE BEAMS,6800,454050.722873711,439423.847730986,61.1,HFET
386509:10190,447:447,10/02/24 21:41:31,STABLE BEAMS,6800,454329.634014046,433182.295726520,61.1,HFET
386509:10190,448:448,10/02/24 21:41:55,STABLE BEAMS,6800,453885.407490797,439419.295135837,61.0,HFET
386509:10190,449:449,10/02/24 21:42:18,STABLE BEAMS,6800,463609.645832201,447506.494389661,62.3,HFET
386509:10190,450:450,10/02/24 21:42:41,STABLE BEAMS,6800,463314.708531265,446393.222865628,62.4,HFET
386509:10190,451:451,10/02/24 21:43:05,STABLE BEAMS,6800,462720.148462801,446054.079003288,62.3,HFET
386509:10190,452:452,10/02/24 21:43:28,STABLE BEAMS,6800,462653.449330686,446831.258045960,62.2,HFET
386509:10190,453:453,10/02/24 21:43:51,STABLE BEAMS,6800,461845.311242349,445710.699572393,62.1,HFET
386509:10190,454:454,10/02/24 21:44:15,STABLE BEAMS,6800,461046.369256349,445453.826442578,62.1,HFET
386509:10190,455:455,10/02/24 21:44:38,STABLE BEAMS,6800,460866.349434006,444869.236394317,62.0,HFET
386509:10190,456:456,10/02/24 21:45:01,STABLE BEAMS,6800,460408.646949384,445156.385563971,62.0,HFET
386509:10190,457:457,10/02/24 21:45:25,STABLE BEAMS,6800,460073.190852291,443731.651727727,61.9,HFET
386509:10190,458:458,10/02/24 21:45:48,STABLE BEAMS,6800,460043.460284682,444124.610854597,61.9,HFET
386509:10190,459:459,10/02/24 21:46:11,STABLE BEAMS,6800,459480.952537421,442783.877410685,61.9,HFET
386509:10190,460:460,10/02/24 21:46:34,STABLE BEAMS,6800,459554.798754394,437718.517385082,61.8,HFET
386509:10190,461:461,10/02/24 21:46:58,STABLE BEAMS,6800,459656.965236844,443454.607780794,61.9,HFET
386509:10190,462:462,10/02/24 21:47:21,STABLE BEAMS,6800,459345.640458230,444295.117548007,61.8,HFET
386509:10190,463:463,10/02/24 21:47:44,STABLE BEAMS,6800,459828.427672195,442633.404000796,61.8,HFET
386509:10190,464:464,10/02/24 21:48:08,STABLE BEAMS,6800,460563.171772673,445118.141899850,61.9,HFET
386509:10190,465:465,10/02/24 21:48:31,STABLE BEAMS,6800,460045.145654008,442986.026155586,61.9,HFET
386509:10190,466:466,10/02/24 21:48:54,STABLE BEAMS,6800,459768.465355228,443265.391856113,61.9,HFET
386509:10190,467:467,10/02/24 21:49:18,STABLE BEAMS,6800,459122.183330193,443581.635209108,61.7,HFET
386509:10190,468:468,10/02/24 21:49:41,STABLE BEAMS,6800,458930.916056955,442899.930124218,61.7,HFET
386509:10190,469:469,10/02/24 21:50:04,STABLE BEAMS,6800,458780.444978144,442193.186931544,61.7,HFET
386509:10190,470:470,10/02/24 21:50:28,STABLE BEAMS,6800,458620.547020283,443309.006323728,61.7,HFET
386509:10190,471:471,10/02/24 21:50:51,STABLE BEAMS,6800,458563.407638659,443054.410657027,61.7,HFET
386509:10190,472:472,10/02/24 21:51:14,STABLE BEAMS,6800,458630.244304370,441977.925873423,61.7,HFET
386509:10190,473:473,10/02/24 21:51:38,STABLE BEAMS,6800,458005.907046739,309902.329233773,61.6,HFET
386509:10190,475:475,10/02/24 21:52:24,STABLE BEAMS,6800,457625.057869589,231034.246651597,61.6,HFET
386509:10190,476:476,10/02/24 21:52:47,STABLE BEAMS,6800,457144.091227468,442309.283935558,61.5,HFET
386509:10190,477:477,10/02/24 21:53:11,STABLE BEAMS,6800,457392.814908925,442440.090041157,61.5,HFET
386509:10190,478:478,10/02/24 21:53:34,STABLE BEAMS,6800,457231.779385046,442041.575955637,61.5,HFET
386509:10190,479:479,10/02/24 21:53:57,STABLE BEAMS,6800,454655.255293455,440287.575034140,61.5,HFET
386509:10190,480:480,10/02/24 21:54:21,STABLE BEAMS,6800,457784.135288027,442634.406364295,61.5,HFET
386509:10190,481:481,10/02/24 21:54:44,STABLE BEAMS,6800,458041.055039401,442983.429334799,61.5,HFET
386509:10190,482:482,10/02/24 21:55:07,STABLE BEAMS,6800,455856.853690412,440709.854458908,61.4,HFET
386509:10190,483:483,10/02/24 21:55:31,STABLE BEAMS,6800,454894.647670056,439881.366060454,61.2,HFET
386509:10190,484:484,10/02/24 21:55:54,STABLE BEAMS,6800,454433.119886591,439191.150210131,61.2,HFET
386509:10190,485:485,10/02/24 21:56:17,STABLE BEAMS,6800,454547.216825761,439732.442817372,61.1,HFET
386509:10190,486:486,10/02/24 21:56:41,STABLE BEAMS,6800,453515.439785310,257641.338870046,61.1,HFET
386509:10190,487:487,10/02/24 21:57:04,STABLE BEAMS,6800,460202.628615159,0,61.2,HFET
386509:10190,488:488,10/02/24 21:57:27,STABLE BEAMS,6800,460396.399466067,184620.334431043,62.0,HFET
386509:10190,489:489,10/02/24 21:57:50,STABLE BEAMS,6800,459771.470114648,444263.566408554,61.9,HFET
386509:10190,490:490,10/02/24 21:58:14,STABLE BEAMS,6800,459505.811152207,443927.881865826,61.8,HFET
386509:10190,491:491,10/02/24 21:58:37,STABLE BEAMS,6800,459792.459140111,444089.371949897,61.9,HFET
386509:10190,492:492,10/02/24 21:59:00,STABLE BEAMS,6800,459255.311189386,443323.121000447,61.8,HFET
386509:10190,493:493,10/02/24 21:59:24,STABLE BEAMS,6800,458860.165511440,443711.436620129,61.7,HFET
386509:10190,494:494,10/02/24 21:59:47,STABLE BEAMS,6800,458542.236789119,443313.652161994,61.7,HFET
386509:10190,495:495,10/02/24 22:00:10,STABLE BEAMS,6800,457566.417273794,442520.675404356,61.6,HFET
386509:10190,496:496,10/02/24 22:00:34,STABLE BEAMS,6800,457412.894814004,442432.896334740,61.5,HFET
386509:10190,497:497,10/02/24 22:00:57,STABLE BEAMS,6800,456632.620099874,441003.836017903,61.5,HFET
386509:10190,498:498,10/02/24 22:01:20,STABLE BEAMS,6800,455727.278393948,440980.478617288,61.3,HFET
386509:10190,499:499,10/02/24 22:01:44,STABLE BEAMS,6800,456329.899329810,441423.110683250,61.3,HFET
386509:10190,500:500,10/02/24 22:02:07,STABLE BEAMS,6800,456128.205145100,440030.792816363,61.4,HFET
386509:10190,501:501,10/02/24 22:02:30,STABLE BEAMS,6800,455807.045548802,435080.394559834,61.3,HFET
386509:10190,502:502,10/02/24 22:02:54,STABLE BEAMS,6800,455570.476107545,441209.444082417,61.3,HFET
386509:10190,503:503,10/02/24 22:03:17,STABLE BEAMS,6800,454788.791091282,440603.683184616,61.2,HFET
386509:10190,504:504,10/02/24 22:03:40,STABLE BEAMS,6800,454919.096015131,437424.948426876,61.2,HFET
386509:10190,505:505,10/02/24 22:04:03,STABLE BEAMS,6800,454514.707613289,439667.699459620,61.1,HFET
386509:10190,506:506,10/02/24 22:04:27,STABLE BEAMS,6800,454185.079210960,439399.807324545,61.1,HFET
386509:10190,507:507,10/02/24 22:04:50,STABLE BEAMS,6800,453920.693017055,439058.022350938,61.1,HFET
386509:10190,508:508,10/02/24 22:05:13,STABLE BEAMS,6800,453488.898132276,437653.412710254,61.0,HFET
386509:10190,509:509,10/02/24 22:05:37,STABLE BEAMS,6800,457504.042291194,442352.173437944,60.8,HFET
386509:10190,510:510,10/02/24 22:06:00,STABLE BEAMS,6800,451059.749448038,437310.760575666,61.6,HFET
386509:10190,511:511,10/02/24 22:06:23,STABLE BEAMS,6800,458808.534466907,444003.686188241,60.4,HFET
386509:10190,512:512,10/02/24 22:06:47,STABLE BEAMS,6800,461777.700658772,445675.143641098,62.2,HFET
386509:10190,513:513,10/02/24 22:07:10,STABLE BEAMS,6800,462465.368640945,446348.058231205,62.2,HFET
386509:10190,514:514,10/02/24 22:07:33,STABLE BEAMS,6800,462294.407387343,438823.366724642,62.2,HFET
386509:10190,515:515,10/02/24 22:07:57,STABLE BEAMS,6800,462091.713170211,446538.232228906,62.1,HFET
386509:10190,516:516,10/02/24 22:08:20,STABLE BEAMS,6800,461860.015681777,445629.750561041,62.2,HFET
386509:10190,517:517,10/02/24 22:08:43,STABLE BEAMS,6800,461239.641256586,445236.425454940,62.0,HFET
386509:10190,518:518,10/02/24 22:09:07,STABLE BEAMS,6800,462332.334024868,446298.068265518,62.1,HFET
386509:10190,519:519,10/02/24 22:09:30,STABLE BEAMS,6800,463516.493628013,243531.238057152,62.4,HFET
386509:10190,520:520,10/02/24 22:09:53,STABLE BEAMS,6800,463755.473403824,447559.172088174,62.3,HFET
386509:10190,521:521,10/02/24 22:10:16,STABLE BEAMS,6800,463998.416012075,447233.958747398,62.4,HFET
386509:10190,522:522,10/02/24 22:10:40,STABLE BEAMS,6800,463982.208027397,447219.072483892,62.4,HFET
386509:10190,523:523,10/02/24 22:11:03,STABLE BEAMS,6800,461412.649196589,444815.374508228,62.4,HFET
386509:10190,524:524,10/02/24 22:11:26,STABLE BEAMS,6800,461388.338385111,445222.585845414,61.7,HFET
386509:10190,525:525,10/02/24 22:11:50,STABLE BEAMS,6800,461925.670490991,445781.133091313,62.1,HFET
386509:10190,526:526,10/02/24 22:12:13,STABLE BEAMS,6800,462558.429933095,445664.262169435,62.2,HFET
386509:10190,527:527,10/02/24 22:12:36,STABLE BEAMS,6800,460261.453366108,444704.648307709,62.1,HFET
386509:10190,528:528,10/02/24 22:13:00,STABLE BEAMS,6800,459690.884751449,438030.299054965,61.8,HFET
386509:10190,529:529,10/02/24 22:13:23,STABLE BEAMS,6800,459661.109893360,444805.586312102,61.9,HFET
386509:10190,530:530,10/02/24 22:13:46,STABLE BEAMS,6800,458739.422669160,442999.411204921,61.8,HFET
386509:10190,531:531,10/02/24 22:14:10,STABLE BEAMS,6800,458813.042771577,444004.641930182,61.7,HFET
386509:10190,532:532,10/02/24 22:14:33,STABLE BEAMS,6800,458989.603274308,443699.963054677,61.7,HFET
386509:10190,533:533,10/02/24 22:14:56,STABLE BEAMS,6800,458241.427502938,442946.097122140,61.7,HFET
386509:10190,534:534,10/02/24 22:15:19,STABLE BEAMS,6800,458515.648514527,197090.883953698,61.6,HFET
386509:10190,535:535,10/02/24 22:15:43,STABLE BEAMS,6800,460262.318196011,444496.217307852,61.8,HFET
386509:10190,536:536,10/02/24 22:16:06,STABLE BEAMS,6800,461009.810961555,443262.704123288,62.1,HFET
386509:10190,537:537,10/02/24 22:16:29,STABLE BEAMS,6800,460393.485618685,444918.634266216,62.0,HFET
386509:10190,538:538,10/02/24 22:16:53,STABLE BEAMS,6800,460168.301161920,444915.356770680,61.9,HFET
386509:10190,539:539,10/02/24 22:17:16,STABLE BEAMS,6800,460069.866735197,444148.331903365,61.9,HFET
386509:10190,540:540,10/02/24 22:17:39,STABLE BEAMS,6800,460619.490614874,444479.100202790,62.0,HFET
386509:10190,541:541,10/02/24 22:18:03,STABLE BEAMS,6800,458714.701587970,436543.190236122,61.8,HFET
386509:10190,542:542,10/02/24 22:18:26,STABLE BEAMS,6800,458066.142099822,443169.598540658,61.6,HFET
386509:10190,543:543,10/02/24 22:18:49,STABLE BEAMS,6800,457399.052873401,442783.830789126,61.5,HFET
386509:10190,544:544,10/02/24 22:19:13,STABLE BEAMS,6800,456690.759513919,440790.076173953,61.4,HFET
386509:10190,545:545,10/02/24 22:19:36,STABLE BEAMS,6800,456148.965724928,441162.822524304,61.4,HFET
386509:10190,546:546,10/02/24 22:19:59,STABLE BEAMS,6800,455766.069861376,440896.750961073,61.3,HFET
386509:10190,547:547,10/02/24 22:20:23,STABLE BEAMS,6800,455180.158091942,440624.944946194,61.3,HFET
386509:10190,548:548,10/02/24 22:20:46,STABLE BEAMS,6800,454816.519262970,440937.090264230,61.2,HFET
386509:10190,549:549,10/02/24 22:21:09,STABLE BEAMS,6800,455073.849284054,441081.143885567,61.2,HFET
386509:10190,550:550,10/02/24 22:21:32,STABLE BEAMS,6800,455216.809629853,441079.048246530,61.2,HFET
386509:10190,551:551,10/02/24 22:21:56,STABLE BEAMS,6800,455530.274337984,441249.690142458,61.3,HFET
386509:10190,552:552,10/02/24 22:22:19,STABLE BEAMS,6800,454992.807029586,440027.195963155,61.2,HFET
386509:10190,553:553,10/02/24 22:22:42,STABLE BEAMS,6800,454235.344243840,439233.354375613,61.2,HFET
386509:10190,554:554,10/02/24 22:23:06,STABLE BEAMS,6800,458775.162755610,437443.158807475,61.8,HFET
386509:10190,555:555,10/02/24 22:23:29,STABLE BEAMS,6800,456589.413570892,442001.919658306,61.5,HFET
386509:10190,556:556,10/02/24 22:23:52,STABLE BEAMS,6800,454455.155566033,439577.370190776,61.3,HFET
386509:10190,557:557,10/02/24 22:24:16,STABLE BEAMS,6800,454308.964346257,440241.818305930,61.1,HFET
386509:10190,558:558,10/02/24 22:24:39,STABLE BEAMS,6800,458070.512870895,442558.464508284,60.8,HFET
386509:10190,559:559,10/02/24 22:25:02,STABLE BEAMS,6800,463194.923762004,447015.375903261,62.3,HFET
386509:10190,560:560,10/02/24 22:25:26,STABLE BEAMS,6800,463484.303773214,446570.375462147,62.4,HFET
386509:10190,561:561,10/02/24 22:25:49,STABLE BEAMS,6800,463083.878203812,447253.446558689,62.3,HFET
386509:10190,562:562,10/02/24 22:26:12,STABLE BEAMS,6800,463015.265256736,446169.677156630,62.2,HFET
386509:10190,563:563,10/02/24 22:26:36,STABLE BEAMS,6800,461633.602746956,446078.664881959,62.2,HFET
386509:10190,564:564,10/02/24 22:26:59,STABLE BEAMS,6800,460667.888454351,444322.799098137,61.8,HFET
386509:10190,565:565,10/02/24 22:27:22,STABLE BEAMS,6800,447929.640975410,433763.288921573,61.4,HFET
386509:10190,566:566,10/02/24 22:27:45,STABLE BEAMS,6800,459229.494501580,444199.552678187,60.3,HFET
386509:10190,567:567,10/02/24 22:28:09,STABLE BEAMS,6800,459038.411383497,437486.411958014,61.8,HFET
386509:10190,568:568,10/02/24 22:28:32,STABLE BEAMS,6800,458868.634317471,443908.804324246,61.7,HFET
386509:10190,569:569,10/02/24 22:28:55,STABLE BEAMS,6800,458366.039934542,443100.393499794,61.7,HFET
386509:10190,570:570,10/02/24 22:29:19,STABLE BEAMS,6800,458353.657248707,442278.278268335,61.6,HFET
386509:10190,571:571,10/02/24 22:29:42,STABLE BEAMS,6800,457742.523216333,441863.784643772,61.6,HFET
386509:10190,572:572,10/02/24 22:30:05,STABLE BEAMS,6800,457640.081666691,443195.140161270,61.5,HFET
386509:10190,573:573,10/02/24 22:30:29,STABLE BEAMS,6800,457879.245597657,442367.833619315,61.6,HFET
386509:10190,574:574,10/02/24 22:30:52,STABLE BEAMS,6800,457456.693436774,442790.206287198,61.6,HFET
386509:10190,575:575,10/02/24 22:31:15,STABLE BEAMS,6800,455718.900499955,440401.988999906,61.5,HFET
386509:10190,576:576,10/02/24 22:31:39,STABLE BEAMS,6800,455331.906601445,440537.482903173,61.3,HFET
386509:10190,577:577,10/02/24 22:32:02,STABLE BEAMS,6800,455468.174422577,440837.928541201,61.3,HFET
386509:10190,578:578,10/02/24 22:32:25,STABLE BEAMS,6800,453854.038175420,438140.570695293,61.2,HFET
386509:10190,579:579,10/02/24 22:32:48,STABLE BEAMS,6800,452712.583919507,438906.502287070,60.7,HFET
386509:10190,580:580,10/02/24 22:33:12,STABLE BEAMS,6800,458044.015508341,436527.345899597,61.8,HFET
386509:10190,581:581,10/02/24 22:33:35,STABLE BEAMS,6800,455860.769901294,440437.638174317,61.4,HFET
386509:10190,582:582,10/02/24 22:33:58,STABLE BEAMS,6800,453287.796041354,438926.125300880,61.1,HFET
386509:10190,583:583,10/02/24 22:34:22,STABLE BEAMS,6800,463352.816992867,446969.891911166,60.9,HFET
386509:10190,584:584,10/02/24 22:34:45,STABLE BEAMS,6800,464179.030259284,448091.814065307,62.5,HFET
386509:10190,585:585,10/02/24 22:35:08,STABLE BEAMS,6800,463463.815929501,447575.470984890,62.4,HFET
386509:10190,586:586,10/02/24 22:35:32,STABLE BEAMS,6800,463769.588080543,448095.138182401,62.4,HFET
386509:10190,587:587,10/02/24 22:35:55,STABLE BEAMS,6800,462417.152625544,447228.406119827,62.3,HFET
386509:10190,588:588,10/02/24 22:36:18,STABLE BEAMS,6800,461214.964465877,445310.320624549,62.1,HFET
386509:10190,589:589,10/02/24 22:36:42,STABLE BEAMS,6800,460849.229997867,445697.815704809,62.0,HFET
386509:10190,590:590,10/02/24 22:37:05,STABLE BEAMS,6800,460241.373461029,444824.526320086,61.9,HFET
386509:10190,591:591,10/02/24 22:37:28,STABLE BEAMS,6800,460723.934560437,445515.380885755,61.9,HFET
386509:10190,592:592,10/02/24 22:37:52,STABLE BEAMS,6800,460406.189993271,444026.178758953,62.0,HFET
386509:10190,593:593,10/02/24 22:38:15,STABLE BEAMS,6800,459569.414612863,436985.139296257,61.8,HFET
386509:10190,594:594,10/02/24 22:38:38,STABLE BEAMS,6800,458829.842850043,443451.010927586,61.8,HFET
386509:10190,595:595,10/02/24 22:39:01,STABLE BEAMS,6800,457966.842843196,443300.994408966,61.7,HFET
386509:10190,596:596,10/02/24 22:39:25,STABLE BEAMS,6800,457207.331039971,441975.785943905,61.5,HFET
386509:10190,597:597,10/02/24 22:39:48,STABLE BEAMS,6800,457211.247250853,442930.889169883,61.5,HFET
386509:10190,598:598,10/02/24 22:40:11,STABLE BEAMS,6800,457346.785444600,442743.265371412,61.5,HFET
386509:10190,599:599,10/02/24 22:40:35,STABLE BEAMS,6800,457517.700076643,442931.753999787,61.5,HFET
386509:10190,600:600,10/02/24 22:40:58,STABLE BEAMS,6800,457319.285718546,441383.181649804,61.5,HFET
386509:10190,601:601,10/02/24 22:41:21,STABLE BEAMS,6800,457210.517623468,442553.545933903,61.5,HFET
386509:10190,602:602,10/02/24 22:41:45,STABLE BEAMS,6800,457420.452168575,440041.947024142,61.5,HFET
386509:10190,603:603,10/02/24 22:42:08,STABLE BEAMS,6800,457323.020105351,440495.551473806,61.5,HFET
386509:10190,604:604,10/02/24 22:42:31,STABLE BEAMS,6800,457487.013767093,440952.615243082,61.5,HFET
386509:10190,605:605,10/02/24 22:42:55,STABLE BEAMS,6800,457740.336665258,441772.499632986,61.6,HFET
386509:10190,606:606,10/02/24 22:43:18,STABLE BEAMS,6800,457648.459560684,435798.655608440,61.5,HFET
386509:10190,607:607,10/02/24 22:43:41,STABLE BEAMS,6800,457963.702881257,443373.612147884,61.6,HFET
386509:10190,608:608,10/02/24 22:44:05,STABLE BEAMS,6800,458284.452207843,442890.414664207,61.6,HFET
386509:10190,609:609,10/02/24 22:44:28,STABLE BEAMS,6800,458207.918258044,440920.108361687,61.6,HFET
386509:10190,610:610,10/02/24 22:44:51,STABLE BEAMS,6800,459321.236403636,277228.948268734,61.7,HFET
386509:10190,611:611,10/02/24 22:45:14,STABLE BEAMS,6800,468005.319810596,318103.807250845,62.1,HFET
386509:10190,612:612,10/02/24 22:45:38,STABLE BEAMS,6800,464758.111970455,444880.936074325,62.7,HFET
386509:10190,613:613,10/02/24 22:46:01,STABLE BEAMS,6800,465279.825854367,447045.241673389,62.6,HFET
386509:10190,614:614,10/02/24 22:46:24,STABLE BEAMS,6800,465468.452016337,447133.706079909,62.6,HFET
386509:10190,615:615,10/02/24 22:46:48,STABLE BEAMS,6800,465490.669519856,448128.237157583,62.6,HFET
386509:10190,616:616,10/02/24 22:47:11,STABLE BEAMS,6800,464935.719127166,330972.564788491,62.6,HFET
386509:10190,617:617,10/02/24 22:47:34,STABLE BEAMS,6800,464301.775497485,443380.670651782,62.4,HFET
386509:10190,618:618,10/02/24 22:47:58,STABLE BEAMS,6800,465123.708904868,446545.882826592,62.5,HFET
386509:10190,619:619,10/02/24 22:48:21,STABLE BEAMS,6800,465293.485970894,440982.299189133,62.5,HFET
386509:10190,620:620,10/02/24 22:48:44,STABLE BEAMS,6800,465438.038442902,446880.292269706,62.6,HFET
386509:10190,621:621,10/02/24 22:49:08,STABLE BEAMS,6800,465958.388646239,437112.120103013,62.7,HFET
386509:10190,622:622,10/02/24 22:49:31,STABLE BEAMS,6800,465799.947612069,334238.624055656,62.6,HFET
386509:10190,623:623,10/02/24 22:49:54,STABLE BEAMS,6800,466317.202143947,446828.115752943,62.7,HFET
386509:10190,624:624,10/02/24 22:50:17,STABLE BEAMS,6800,466023.038760875,447796.014265545,62.7,HFET
386509:10190,625:625,10/02/24 22:50:41,STABLE BEAMS,6800,465888.183572954,448976.940663635,62.7,HFET
386509:10190,626:626,10/02/24 22:51:04,STABLE BEAMS,6800,465974.095449168,448475.441887321,62.6,HFET
386509:10190,627:627,10/02/24 22:51:27,STABLE BEAMS,6800,466300.810004115,342287.465422543,62.7,HFET
386509:10190,628:628,10/02/24 22:51:51,STABLE BEAMS,6800,465277.184743099,448172.082401911,62.6,HFET
386509:10190,629:629,10/02/24 22:52:14,STABLE BEAMS,6800,465683.531250382,448371.408211469,62.6,HFET
386509:10190,630:630,10/02/24 22:52:37,STABLE BEAMS,6800,464829.864879469,448793.004630410,62.6,HFET
386509:10190,631:631,10/02/24 22:53:01,STABLE BEAMS,6800,463916.145279550,446700.134913766,62.4,HFET
386509:10190,632:632,10/02/24 22:53:24,STABLE BEAMS,6800,463855.411375796,446985.008951384,62.4,HFET
386509:10190,633:633,10/02/24 22:53:47,STABLE BEAMS,6800,463399.256726903,439864.064800238,62.4,HFET
386509:10190,634:634,10/02/24 22:54:11,STABLE BEAMS,6800,463178.897601403,446539.006146770,62.3,HFET
386509:10190,635:635,10/02/24 22:54:34,STABLE BEAMS,6800,463069.810148651,446782.268112694,62.3,HFET
386509:10190,636:636,10/02/24 22:54:57,STABLE BEAMS,6800,462445.335357423,445477.591781826,62.3,HFET
386509:10190,637:637,10/02/24 22:55:21,STABLE BEAMS,6800,462760.895704592,445558.724948333,62.1,HFET
386509:10190,638:638,10/02/24 22:55:44,STABLE BEAMS,6800,462118.166242285,445619.643007242,62.2,HFET
386509:10190,639:639,10/02/24 22:56:07,STABLE BEAMS,6800,461887.151759677,444709.385058013,62.2,HFET
386509:10190,640:640,10/02/24 22:56:30,STABLE BEAMS,6800,461643.300031043,445343.328687694,62.1,HFET
386509:10190,641:641,10/02/24 22:56:54,STABLE BEAMS,6800,461606.967850806,445408.752720194,62.1,HFET
386509:10190,642:642,10/02/24 22:57:17,STABLE BEAMS,6800,460800.058240525,444955.514249761,62.0,HFET
386509:10190,643:643,10/02/24 22:57:40,STABLE BEAMS,6800,461304.701640933,443684.027806114,62.0,HFET
386509:10190,644:644,10/02/24 22:58:04,STABLE BEAMS,6800,460756.669887466,444078.900747945,62.0,HFET
386509:10190,645:645,10/02/24 22:58:27,STABLE BEAMS,6800,460996.106554547,445178.558777009,62.0,HFET
386509:10190,646:646,10/02/24 22:58:50,STABLE BEAMS,6800,460723.615202764,439225.524284928,62.0,HFET
386509:10190,647:647,10/02/24 22:59:14,STABLE BEAMS,6800,460528.387428164,444332.906651936,61.9,HFET
386509:10190,648:648,10/02/24 22:59:37,STABLE BEAMS,6800,460218.792309357,445253.316445444,61.9,HFET
386509:10190,649:649,10/02/24 23:00:00,STABLE BEAMS,6800,459899.453284903,444121.151534985,61.9,HFET
386509:10190,650:650,10/02/24 23:00:24,STABLE BEAMS,6800,459400.684200817,442992.079964907,61.8,HFET
386509:10190,651:651,10/02/24 23:00:47,STABLE BEAMS,6800,459005.995414141,442839.695071136,61.7,HFET
386509:10190,652:652,10/02/24 23:01:10,STABLE BEAMS,6800,458661.294262074,443567.975092581,61.8,HFET
386509:10190,653:653,10/02/24 23:01:34,STABLE BEAMS,6800,457546.383990273,442054.368911183,61.6,HFET
386509:10190,654:654,10/02/24 23:01:57,STABLE BEAMS,6800,456971.719671733,441801.819930883,61.5,HFET
386509:10190,655:655,10/02/24 23:02:20,STABLE BEAMS,6800,456229.462507166,441280.150337452,61.4,HFET
386509:10190,656:656,10/02/24 23:02:43,STABLE BEAMS,6800,457351.748309461,442638.457777695,61.4,HFET
386509:10190,657:657,10/02/24 23:03:07,STABLE BEAMS,6800,455175.558875234,440113.609021118,61.1,HFET
386509:10190,658:658,10/02/24 23:03:30,STABLE BEAMS,6800,453781.830706214,439732.167750180,61.1,HFET
386509:10190,659:659,10/02/24 23:03:53,STABLE BEAMS,6800,459933.053441836,437886.746615378,61.0,HFET
386509:10190,660:660,10/02/24 23:04:17,STABLE BEAMS,6800,464624.711375147,448411.199711319,62.5,HFET
386509:10190,661:661,10/02/24 23:04:40,STABLE BEAMS,6800,464111.874235900,448402.686614807,62.5,HFET
386509:10190,662:662,10/02/24 23:05:03,STABLE BEAMS,6800,463954.664010864,448533.261943693,62.4,HFET
386509:10190,663:663,10/02/24 23:05:27,STABLE BEAMS,6800,463140.835761359,446857.573584437,62.4,HFET
386509:10190,664:664,10/02/24 23:05:50,STABLE BEAMS,6800,461817.764894737,445574.706818454,62.2,HFET
386509:10190,665:665,10/02/24 23:06:13,STABLE BEAMS,6800,461248.928270962,445987.107135058,62.1,HFET
386509:10190,666:666,10/02/24 23:06:37,STABLE BEAMS,6800,460782.985425943,376629.821242470,62.0,HFET
386509:10190,667:667,10/02/24 23:07:00,STABLE BEAMS,6800,460023.245177084,445108.899175954,61.9,HFET
386509:10190,668:668,10/02/24 23:07:23,STABLE BEAMS,6800,460768.371898553,445989.564091170,61.9,HFET
386509:10190,669:669,10/02/24 23:07:46,STABLE BEAMS,6800,459950.172877975,444204.697367124,61.9,HFET
386509:10190,670:670,10/02/24 23:08:10,STABLE BEAMS,6800,459713.468234200,444371.423052172,61.8,HFET
386509:10190,671:671,10/02/24 23:08:33,STABLE BEAMS,6800,459912.700800641,444977.640841242,61.9,HFET
386509:10190,672:672,10/02/24 23:08:56,STABLE BEAMS,6800,459577.200413068,437543.276272445,61.8,HFET
386509:10190,673:673,10/02/24 23:09:20,STABLE BEAMS,6800,459364.214486983,443696.093465354,61.8,HFET
386509:10190,674:674,10/02/24 23:09:43,STABLE BEAMS,6800,458532.038323282,443254.053493180,61.7,HFET
386509:10190,675:675,10/02/24 23:10:06,STABLE BEAMS,6800,457136.624784936,442105.496442888,61.6,HFET
386509:10190,676:676,10/02/24 23:10:30,STABLE BEAMS,6800,456674.460617203,442116.333624072,61.4,HFET
386509:10190,677:677,10/02/24 23:10:53,STABLE BEAMS,6800,455783.779060226,439956.035147928,61.4,HFET
386509:10190,678:678,10/02/24 23:11:16,STABLE BEAMS,6800,456116.913403725,441536.067725326,61.3,HFET
386509:10190,679:679,10/02/24 23:11:40,STABLE BEAMS,6800,456650.830480473,441484.254856716,61.4,HFET
386509:10190,680:680,10/02/24 23:12:03,STABLE BEAMS,6800,456793.564711715,442086.603056463,61.4,HFET
386509:10190,681:681,10/02/24 23:12:26,STABLE BEAMS,6800,456548.528795505,441491.404272653,61.4,HFET
386509:10190,682:682,10/02/24 23:12:50,STABLE BEAMS,6800,456481.692129793,441604.997698996,61.4,HFET
386509:10190,683:683,10/02/24 23:13:13,STABLE BEAMS,6800,455928.333863312,440981.844628941,61.3,HFET
386509:10190,684:684,10/02/24 23:13:36,STABLE BEAMS,6800,456383.714594340,441782.106005035,61.4,HFET
386509:10190,685:685,10/02/24 23:13:59,STABLE BEAMS,6800,456150.560182215,435181.467766746,61.4,HFET
386509:10190,686:686,10/02/24 23:14:23,STABLE BEAMS,6800,456750.859364483,442298.994557682,61.4,HFET
386509:10190,687:687,10/02/24 23:14:46,STABLE BEAMS,6800,457376.287566574,441026.874060845,61.5,HFET
386509:10190,688:688,10/02/24 23:15:09,STABLE BEAMS,6800,457423.228482360,442929.159510077,61.6,HFET
386509:10190,689:689,10/02/24 23:15:33,STABLE BEAMS,6800,456850.522269262,441327.091253238,61.4,HFET
386509:10190,690:690,10/02/24 23:15:56,STABLE BEAMS,6800,456437.665061389,440482.667606221,61.5,HFET
386509:10190,691:691,10/02/24 23:16:19,STABLE BEAMS,6800,455585.138587572,440518.862252863,61.3,HFET
386509:10190,692:692,10/02/24 23:16:43,STABLE BEAMS,6800,455438.352942930,440997.917411101,61.3,HFET
386509:10190,693:693,10/02/24 23:17:06,STABLE BEAMS,6800,454558.051675867,440443.920429273,61.2,HFET
386509:10190,694:694,10/02/24 23:17:29,STABLE BEAMS,6800,454549.993139547,439947.337896262,61.1,HFET
386509:10190,695:695,10/02/24 23:17:53,STABLE BEAMS,6800,455385.355886744,298327.480778149,61.2,HFET
386509:10190,696:696,10/02/24 23:18:16,STABLE BEAMS,6800,454234.386170821,439509.715316720,61.2,HFET
386509:10190,697:697,10/02/24 23:18:39,STABLE BEAMS,6800,454095.069299788,438675.305980385,61.1,HFET
386509:10190,698:698,10/02/24 23:19:03,STABLE BEAMS,6800,455408.895111436,433990.249659703,61.0,HFET
386509:10190,699:699,10/02/24 23:19:26,STABLE BEAMS,6800,461766.863477589,446049.388874542,62.2,HFET
386509:10190,700:700,10/02/24 23:19:49,STABLE BEAMS,6800,461840.802937679,444938.714171295,62.1,HFET
386509:10190,701:701,10/02/24 23:20:12,STABLE BEAMS,6800,461647.304822885,445495.576047869,62.1,HFET
386509:10190,702:702,10/02/24 23:20:36,STABLE BEAMS,6800,461588.482403014,445628.156103754,62.1,HFET
386509:10190,703:703,10/02/24 23:20:59,STABLE BEAMS,6800,461079.834210763,445783.046906274,62.1,HFET
386509:10190,704:704,10/02/24 23:21:22,STABLE BEAMS,6800,460601.324524755,443571.844681904,62.0,HFET
386509:10190,705:705,10/02/24 23:21:46,STABLE BEAMS,6800,457388.033868140,441672.426458495,61.8,HFET
386509:10190,706:706,10/02/24 23:22:09,STABLE BEAMS,6800,456044.978670634,440784.614458420,61.1,HFET
386509:10190,707:707,10/02/24 23:22:32,STABLE BEAMS,6800,461299.510330437,445795.793240262,61.9,HFET
386509:10190,708:708,10/02/24 23:22:56,STABLE BEAMS,6800,458185.428018410,442819.573206654,61.8,HFET
386509:10190,709:709,10/02/24 23:23:19,STABLE BEAMS,6800,458234.644066233,443442.134182921,61.7,HFET
386509:10190,710:710,10/02/24 23:23:42,STABLE BEAMS,6800,455775.447787791,441407.357258764,61.4,HFET
386509:10190,711:711,10/02/24 23:24:06,STABLE BEAMS,6800,456084.362231850,435183.015602475,61.3,HFET
386509:10190,712:712,10/02/24 23:24:29,STABLE BEAMS,6800,456068.107625614,440704.120007260,61.4,HFET
386509:10190,713:713,10/02/24 23:24:52,STABLE BEAMS,6800,455908.801761540,441419.059269850,61.3,HFET
386509:10190,714:714,10/02/24 23:25:15,STABLE BEAMS,6800,456134.261285499,372960.240734445,61.3,HFET
386509:10190,715:715,10/02/24 23:25:39,STABLE BEAMS,6800,455991.210027662,441438.999310256,61.4,HFET
386509:10190,716:716,10/02/24 23:26:02,STABLE BEAMS,6800,455598.887285060,440234.990578744,61.3,HFET
386509:10190,717:717,10/02/24 23:26:25,STABLE BEAMS,6800,456196.225998387,440078.780386129,61.3,HFET
386509:10190,718:718,10/02/24 23:26:49,STABLE BEAMS,6800,455106.400455929,440337.110439636,61.3,HFET
386509:10190,719:719,10/02/24 23:27:12,STABLE BEAMS,6800,455058.368595683,439058.978092879,61.2,HFET
386509:10190,720:720,10/02/24 23:27:35,STABLE BEAMS,6800,454499.182634437,440523.004578301,61.2,HFET
386509:10190,721:721,10/02/24 23:27:59,STABLE BEAMS,6800,453637.094079051,439558.110825119,61.0,HFET
386509:10190,722:722,10/02/24 23:28:22,STABLE BEAMS,6800,460678.816547573,445389.358152019,61.0,HFET
386509:10190,723:723,10/02/24 23:28:45,STABLE BEAMS,6800,461372.720163143,445348.426755073,62.1,HFET
386509:10190,724:724,10/02/24 23:29:09,STABLE BEAMS,6800,460695.206356328,438888.427108989,62.0,HFET
386509:10190,725:725,10/02/24 23:29:32,STABLE BEAMS,6800,460516.415012041,444484.107358132,61.9,HFET
386509:10190,726:726,10/02/24 23:29:55,STABLE BEAMS,6800,459845.819844450,443448.234613800,61.9,HFET
386509:10190,727:727,10/02/24 23:30:19,STABLE BEAMS,6800,459163.205639177,443257.969704062,61.8,HFET
386509:10190,728:728,10/02/24 23:30:42,STABLE BEAMS,6800,459146.997654499,443091.334931053,61.8,HFET
386509:10190,729:729,10/02/24 23:31:05,STABLE BEAMS,6800,459105.019603573,441493.863559843,61.7,HFET
386509:10190,730:730,10/02/24 23:31:28,STABLE BEAMS,6800,459679.000916286,444336.594417183,61.8,HFET
386509:10190,731:731,10/02/24 23:31:52,STABLE BEAMS,6800,459984.819688887,144139.288449638,61.8,HFET
386509:10190,732:732,10/02/24 23:32:15,STABLE BEAMS,6800,460227.715675580,444233.654016869,61.9,HFET
386509:10190,733:733,10/02/24 23:32:38,STABLE BEAMS,6800,460494.652068713,443053.818563239,61.9,HFET
386509:10190,734:734,10/02/24 23:33:02,STABLE BEAMS,6800,459824.830818987,441780.147899594,61.9,HFET
386509:10190,735:735,10/02/24 23:33:25,STABLE BEAMS,6800,459219.205123705,443827.172307068,61.8,HFET
386509:10190,736:736,10/02/24 23:33:48,STABLE BEAMS,6800,459574.102410531,443560.555271607,61.8,HFET
386509:10190,737:737,10/02/24 23:34:12,STABLE BEAMS,6800,459241.424958302,437836.302089499,61.8,HFET
386509:10190,738:738,10/02/24 23:34:35,STABLE BEAMS,6800,459049.565591275,444149.697915018,61.8,HFET
386509:10190,739:739,10/02/24 23:34:58,STABLE BEAMS,6800,458975.353395071,442510.796296191,61.7,HFET
386509:10190,740:740,10/02/24 23:35:22,STABLE BEAMS,6800,458510.231089475,443685.622263402,61.7,HFET
386509:10190,741:741,10/02/24 23:35:45,STABLE BEAMS,6800,458525.210596096,443795.255188383,61.7,HFET
386509:10190,742:742,10/02/24 23:36:08,STABLE BEAMS,6800,458609.120076389,442298.358173414,61.7,HFET
386509:10190,743:743,10/02/24 23:36:31,STABLE BEAMS,6800,458442.392060264,443381.579772165,61.6,HFET
386509:10190,744:744,10/02/24 23:36:55,STABLE BEAMS,6800,458083.944541787,441804.232596516,61.7,HFET
386509:10190,745:745,10/02/24 23:37:18,STABLE BEAMS,6800,457841.046224016,442518.488853280,61.6,HFET
386509:10190,746:746,10/02/24 23:37:41,STABLE BEAMS,6800,458044.924628724,442741.580002086,61.6,HFET
386509:10190,747:747,10/02/24 23:38:05,STABLE BEAMS,6800,458188.295244234,443180.160654648,61.6,HFET
386509:10190,748:748,10/02/24 23:38:28,STABLE BEAMS,6800,457684.381471210,442501.688774814,61.7,HFET
386509:10190,749:749,10/02/24 23:38:51,STABLE BEAMS,6800,457133.801849592,441845.436729576,61.5,HFET
386509:10190,750:750,10/02/24 23:39:15,STABLE BEAMS,6800,456892.817346782,435768.015920448,61.5,HFET
386509:10190,751:751,10/02/24 23:39:38,STABLE BEAMS,6800,456165.448776799,441257.566854701,61.4,HFET
386509:10190,752:752,10/02/24 23:40:01,STABLE BEAMS,6800,456761.512390512,442015.167174044,61.3,HFET
386509:10190,753:753,10/02/24 23:40:25,STABLE BEAMS,6800,456118.416948974,441400.163552347,61.4,HFET
386509:10190,754:754,10/02/24 23:40:48,STABLE BEAMS,6800,455154.161911138,440872.712885709,61.3,HFET
386509:10190,755:755,10/02/24 23:41:11,STABLE BEAMS,6800,454886.906160331,440053.056941440,61.2,HFET
386509:10190,756:756,10/02/24 23:41:35,STABLE BEAMS,6800,454347.891016203,439011.037144671,61.1,HFET
386509:10190,757:757,10/02/24 23:41:58,STABLE BEAMS,6800,456517.886776435,441206.940504746,61.0,HFET
386509:10190,758:758,10/02/24 23:42:21,STABLE BEAMS,6800,461877.407854032,445111.859644894,62.2,HFET
386509:10190,759:759,10/02/24 23:42:44,STABLE BEAMS,6800,461208.453765286,419299.633522726,62.1,HFET
386509:10190,760:760,10/02/24 23:43:08,STABLE BEAMS,6800,460809.893058209,352148.607969348,62.0,HFET
386509:10190,761:761,10/02/24 23:43:31,STABLE BEAMS,6800,460522.559733400,15229.139400356,62.0,HFET
386509:10190,762:762,10/02/24 23:43:54,STABLE BEAMS,6800,459905.462803744,36450.207607379,61.9,HFET
386509:10190,763:763,10/02/24 23:44:18,STABLE BEAMS,6800,459376.781327972,348740.569740182,61.8,HFET
386509:10190,764:764,10/02/24 23:44:41,STABLE BEAMS,6800,459315.180263237,390245.705566428,61.8,HFET
386509:10190,765:765,10/02/24 23:45:04,STABLE BEAMS,6800,459110.483650184,436535.131699802,61.8,HFET
386509:10190,766:766,10/02/24 23:45:28,STABLE BEAMS,6800,458763.826723754,443523.994645734,61.7,HFET
386509:10190,767:767,10/02/24 23:45:51,STABLE BEAMS,6800,458549.703231651,442449.558879609,61.7,HFET
386509:10190,768:768,10/02/24 23:46:14,STABLE BEAMS,6800,457482.598705540,440155.997341755,61.6,HFET
386509:10190,769:769,10/02/24 23:46:38,STABLE BEAMS,6800,457393.954806021,442471.550268571,61.5,HFET
386509:10190,770:770,10/02/24 23:47:01,STABLE BEAMS,6800,456894.728830665,440924.159775087,61.5,HFET
386509:10190,771:771,10/02/24 23:47:24,STABLE BEAMS,6800,456045.617385980,441567.208595067,61.4,HFET
386509:10190,772:772,10/02/24 23:47:48,STABLE BEAMS,6800,455759.330715151,440679.259061396,61.3,HFET
386509:10190,773:773,10/02/24 23:48:11,STABLE BEAMS,6800,455004.599952711,440351.360318873,61.2,HFET
386509:10190,774:774,10/02/24 23:48:34,STABLE BEAMS,6800,454660.537515990,440424.707685175,61.2,HFET
386509:10190,775:775,10/02/24 23:48:57,STABLE BEAMS,6800,454336.508362790,439295.729358213,61.1,HFET
386509:10190,776:776,10/02/24 23:49:21,STABLE BEAMS,6800,452973.739239435,438294.685248870,61.0,HFET
386509:10190,777:777,10/02/24 23:49:44,STABLE BEAMS,6800,460293.915957023,444974.771284340,60.9,HFET
386509:10190,778:778,10/02/24 23:50:07,STABLE BEAMS,6800,460840.943015912,438420.344334453,62.1,HFET
386509:10190,779:779,10/02/24 23:50:31,STABLE BEAMS,6800,460112.847149622,443656.803147254,61.9,HFET
386509:10190,780:780,10/02/24 23:50:54,STABLE BEAMS,6800,460358.020599428,444778.177498088,62.0,HFET
386509:10190,781:781,10/02/24 23:51:17,STABLE BEAMS,6800,459572.419372283,443880.940950040,61.9,HFET
386509:10190,782:782,10/02/24 23:51:41,STABLE BEAMS,6800,459448.991128256,444252.547403294,61.8,HFET
386509:10190,783:783,10/02/24 23:52:04,STABLE BEAMS,6800,459527.117204265,443391.232765773,61.8,HFET
386509:10190,784:784,10/02/24 23:52:27,STABLE BEAMS,6800,459120.453670387,443829.995242412,61.8,HFET
386509:10190,785:785,10/02/24 23:52:51,STABLE BEAMS,6800,459338.719487928,443500.455421043,61.8,HFET
386509:10190,786:786,10/02/24 23:53:14,STABLE BEAMS,6800,459264.325467647,443066.749052382,61.8,HFET
386509:10190,787:787,10/02/24 23:53:37,STABLE BEAMS,6800,459075.151502368,444056.818446945,61.7,HFET
386509:10190,788:788,10/02/24 23:54:00,STABLE BEAMS,6800,458485.827034880,443328.221398905,61.7,HFET
386509:10190,789:789,10/02/24 23:54:24,STABLE BEAMS,6800,458325.747252942,442214.856631755,61.6,HFET
386509:10190,790:790,10/02/24 23:54:47,STABLE BEAMS,6800,457764.467983737,442478.105259642,61.6,HFET
386509:10190,791:791,10/02/24 23:55:10,STABLE BEAMS,6800,457749.260031481,436526.343536097,61.6,HFET
386509:10190,792:792,10/02/24 23:55:34,STABLE BEAMS,6800,456951.185206462,442047.357028843,61.5,HFET
386509:10190,793:793,10/02/24 23:55:57,STABLE BEAMS,6800,456578.303653594,441310.699113405,61.4,HFET
386509:10190,794:794,10/02/24 23:56:20,STABLE BEAMS,6800,456331.538077578,441261.664889660,61.4,HFET
386509:10190,795:795,10/02/24 23:56:44,STABLE BEAMS,6800,456139.315062398,441738.626739939,61.4,HFET
386509:10190,796:796,10/02/24 23:57:07,STABLE BEAMS,6800,457244.665583708,441562.928736033,61.4,HFET
386509:10190,797:797,10/02/24 23:57:30,STABLE BEAMS,6800,459402.686596738,444059.823206365,61.7,HFET
386509:10190,798:798,10/02/24 23:57:54,STABLE BEAMS,6800,459121.546945925,443880.940950040,61.8,HFET
386509:10190,799:799,10/02/24 23:58:17,STABLE BEAMS,6800,457388.308935333,441639.236571275,61.6,HFET
386509:10190,800:800,10/02/24 23:58:40,STABLE BEAMS,6800,455442.084998657,440958.533849884,61.4,HFET
386509:10190,801:801,10/02/24 23:59:04,STABLE BEAMS,6800,454506.285428816,439267.500004775,61.1,HFET
386509:10190,802:802,10/02/24 23:59:27,STABLE BEAMS,6800,454142.192039651,439701.026880438,61.1,HFET
386509:10190,803:803,10/02/24 23:59:50,STABLE BEAMS,6800,455103.442318067,439925.073771185,61.0,HFET
386509:10190,804:804,10/03/24 00:00:13,STABLE BEAMS,6800,461022.240268948,438194.113223708,62.0,HFET
386509:10190,805:805,10/03/24 00:00:37,STABLE BEAMS,6800,460622.996556044,441293.306941151,62.0,HFET
386509:10190,806:806,10/03/24 00:01:00,STABLE BEAMS,6800,459764.868502019,444369.921838000,61.9,HFET
386509:10190,807:807,10/03/24 00:01:23,STABLE BEAMS,6800,459369.816067190,444176.377101648,61.8,HFET
386509:10190,808:808,10/03/24 00:01:47,STABLE BEAMS,6800,459751.028892494,443781.049599626,61.8,HFET
386509:10190,809:809,10/03/24 00:02:10,STABLE BEAMS,6800,460415.614541244,444901.698985231,61.9,HFET
386509:10190,810:810,10/03/24 00:02:33,STABLE BEAMS,6800,461041.681458681,445395.640406975,62.0,HFET
386509:10190,811:811,10/03/24 00:02:57,STABLE BEAMS,6800,460828.150060366,444986.244849792,62.0,HFET
386509:10190,812:812,10/03/24 00:03:20,STABLE BEAMS,6800,460395.170988011,444622.104839069,61.9,HFET
386509:10190,813:813,10/03/24 00:03:43,STABLE BEAMS,6800,460359.612725638,444291.655897318,61.9,HFET
386509:10190,814:814,10/03/24 00:04:07,STABLE BEAMS,6800,460199.532943700,444716.532142872,61.9,HFET
386509:10190,815:815,10/03/24 00:04:30,STABLE BEAMS,6800,460316.224372580,444246.810620568,61.9,HFET
386509:10190,816:816,10/03/24 00:04:53,STABLE BEAMS,6800,460338.031606387,319790.470324881,61.9,HFET
386509:10190,817:817,10/03/24 00:05:17,STABLE BEAMS,6800,459743.471537923,382165.061303675,61.9,HFET
386509:10190,818:818,10/03/24 00:05:40,STABLE BEAMS,6800,459666.662520932,444568.972580365,61.8,HFET
386509:10190,819:819,10/03/24 00:06:03,STABLE BEAMS,6800,459037.318107959,444154.159598130,61.8,HFET
386509:10190,820:820,10/03/24 00:06:26,STABLE BEAMS,6800,458597.098707629,443730.012979959,61.7,HFET
386509:10190,821:821,10/03/24 00:06:50,STABLE BEAMS,6800,458824.196979355,443449.600625453,61.7,HFET
386509:10190,822:822,10/03/24 00:07:13,STABLE BEAMS,6800,458618.726448438,442864.828753115,61.7,HFET
386509:10190,823:823,10/03/24 00:07:36,STABLE BEAMS,6800,458777.985690954,443116.510572434,61.7,HFET
386509:10190,824:824,10/03/24 00:08:00,STABLE BEAMS,6800,458668.261853934,443711.984423437,61.7,HFET
386509:10190,825:825,10/03/24 00:08:23,STABLE BEAMS,6800,458208.964912024,443334.685477937,61.6,HFET
386509:10190,826:826,10/03/24 00:08:46,STABLE BEAMS,6800,457654.650903601,443270.718369128,61.6,HFET
386509:10190,827:827,10/03/24 00:09:10,STABLE BEAMS,6800,456873.739805202,441631.359859031,61.5,HFET
386509:10190,828:828,10/03/24 00:09:33,STABLE BEAMS,6800,456457.288075199,441910.268668289,61.4,HFET
386509:10190,829:829,10/03/24 00:09:56,STABLE BEAMS,6800,456384.943072396,441893.333387304,61.4,HFET
386509:10190,830:830,10/03/24 00:10:20,STABLE BEAMS,6800,455996.536540676,434285.322163158,61.3,HFET
386509:10190,831:831,10/03/24 00:10:43,STABLE BEAMS,6800,455915.813643881,173312.056855537,61.3,HFET
386509:10190,832:832,10/03/24 00:11:06,STABLE BEAMS,6800,455903.293424449,441547.951560489,61.3,HFET
386509:10190,833:833,10/03/24 00:11:29,STABLE BEAMS,6800,454887.817611792,440590.706073915,61.3,HFET
386509:10190,834:834,10/03/24 00:11:53,STABLE BEAMS,6800,454561.329171402,26451.482511504,61.1,HFET
386509:10190,835:835,10/03/24 00:12:16,STABLE BEAMS,6800,454252.051079190,234425.828636287,61.2,HFET
386509:10190,836:836,10/03/24 00:12:39,STABLE BEAMS,6800,453946.097104071,439642.978378431,61.1,HFET
386509:10190,837:837,10/03/24 00:13:03,STABLE BEAMS,6800,460316.998290444,444676.467906907,61.0,HFET
386509:10190,838:838,10/03/24 00:13:26,STABLE BEAMS,6800,462297.458768322,445514.606967891,62.2,HFET
386509:10190,839:839,10/03/24 00:13:49,STABLE BEAMS,6800,461587.799397187,446154.970386123,62.1,HFET
386509:10190,840:840,10/03/24 00:14:13,STABLE BEAMS,6800,461355.055254774,446128.018463378,62.1,HFET
386509:10190,841:841,10/03/24 00:14:36,STABLE BEAMS,6800,460761.178192136,444865.774743627,62.0,HFET
386509:10190,842:842,10/03/24 00:14:59,STABLE BEAMS,6800,460634.971303245,444329.946182996,62.0,HFET
386509:10190,843:843,10/03/24 00:15:23,STABLE BEAMS,6800,460163.429209097,444385.446816852,62.0,HFET
386509:10190,844:844,10/03/24 00:15:46,STABLE BEAMS,6800,459601.010042796,437686.192327764,61.8,HFET
386509:10190,845:845,10/03/24 00:16:09,STABLE BEAMS,6800,459524.294268921,444052.312473353,61.8,HFET
386509:10190,846:846,10/03/24 00:16:33,STABLE BEAMS,6800,459075.426569561,443495.858535413,61.8,HFET
386509:10190,847:847,10/03/24 00:16:56,STABLE BEAMS,6800,458345.232733156,442608.410183491,61.7,HFET
386509:10190,848:848,10/03/24 00:17:19,STABLE BEAMS,6800,458287.822946495,443023.132253689,61.6,HFET
386509:10190,849:849,10/03/24 00:17:42,STABLE BEAMS,6800,457845.281792571,442812.332878679,61.6,HFET
386509:10190,850:850,10/03/24 00:18:06,STABLE BEAMS,6800,457160.208300108,441721.187946126,61.5,HFET
386509:10190,851:851,10/03/24 00:18:29,STABLE BEAMS,6800,456459.791652869,441812.109308759,61.4,HFET
386509:10190,852:852,10/03/24 00:18:52,STABLE BEAMS,6800,456999.354600305,440533.795137926,61.4,HFET
386509:10190,853:853,10/03/24 00:19:16,STABLE BEAMS,6800,456961.339381819,441404.261587305,61.5,HFET
386509:10190,854:854,10/03/24 00:19:39,STABLE BEAMS,6800,457433.154212083,441962.219070494,61.5,HFET
386509:10190,855:855,10/03/24 00:20:02,STABLE BEAMS,6800,457442.215111902,442638.595311292,61.5,HFET
386509:10190,856:856,10/03/24 00:20:26,STABLE BEAMS,6800,457413.076638081,441871.796558534,61.5,HFET
386509:10190,857:857,10/03/24 00:20:49,STABLE BEAMS,6800,457385.849648143,435391.218156698,61.5,HFET
386509:10190,858:858,10/03/24 00:21:12,STABLE BEAMS,6800,456820.290519903,442084.735863061,61.5,HFET
386509:10190,859:859,10/03/24 00:21:36,STABLE BEAMS,6800,456883.938271040,442100.808645220,61.4,HFET
386509:10190,860:860,10/03/24 00:21:59,STABLE BEAMS,6800,457034.731038601,442498.593103355,61.5,HFET
386509:10190,861:861,10/03/24 00:22:22,STABLE BEAMS,6800,456901.104328737,442312.379607017,61.5,HFET
386509:10190,862:862,10/03/24 00:22:45,STABLE BEAMS,6800,457146.277778544,441739.855217995,61.5,HFET
386509:10190,863:863,10/03/24 00:23:09,STABLE BEAMS,6800,456910.983436901,442427.933469879,61.5,HFET
386509:10190,864:864,10/03/24 00:23:32,STABLE BEAMS,6800,456364.135871010,440500.740453224,61.4,HFET
386509:10190,865:865,10/03/24 00:23:55,STABLE BEAMS,6800,456461.658846272,441366.199747262,61.4,HFET
386509:10190,866:866,10/03/24 00:24:19,STABLE BEAMS,6800,456490.706408054,442078.497898585,61.4,HFET
386509:10190,867:867,10/03/24 00:24:42,STABLE BEAMS,6800,456243.211204654,441460.671341545,61.4,HFET
386509:10190,868:868,10/03/24 00:25:05,STABLE BEAMS,6800,455927.196297294,441478.746519625,61.3,HFET
386509:10190,869:869,10/03/24 00:25:29,STABLE BEAMS,6800,455330.403056196,440955.484799984,61.3,HFET
386509:10190,870:870,10/03/24 00:25:52,STABLE BEAMS,6800,454892.232673346,434434.429561394,61.2,HFET
386509:10190,871:871,10/03/24 00:26:15,STABLE BEAMS,6800,454668.596052309,438803.151617044,61.2,HFET
386509:10190,872:872,10/03/24 00:26:39,STABLE BEAMS,6800,454192.410450973,440015.176925473,61.1,HFET
386509:10190,873:873,10/03/24 00:27:02,STABLE BEAMS,6800,457849.379827529,442725.462929446,61.1,HFET
386509:10190,874:874,10/03/24 00:27:25,STABLE BEAMS,6800,461770.096682644,444926.510978459,62.1,HFET
386509:10190,875:875,10/03/24 00:27:49,STABLE BEAMS,6800,461646.850262694,446441.620705105,62.0,HFET
386509:10190,876:876,10/03/24 00:28:12,STABLE BEAMS,6800,460748.382905512,445444.765542759,61.9,HFET
386509:10190,877:877,10/03/24 00:28:35,STABLE BEAMS,6800,460575.829525700,444309.138981610,62.0,HFET
386509:10190,878:878,10/03/24 00:28:58,STABLE BEAMS,6800,460301.517602073,445012.059206519,61.9,HFET
386509:10190,879:879,10/03/24 00:29:22,STABLE BEAMS,6800,460081.340300649,444918.907002331,61.9,HFET
386509:10190,880:880,10/03/24 00:29:45,STABLE BEAMS,6800,459242.926172473,444149.970651133,61.8,HFET
386509:10190,881:881,10/03/24 00:30:08,STABLE BEAMS,6800,458834.943248501,443117.193578260,61.7,HFET
386509:10190,882:882,10/03/24 00:30:32,STABLE BEAMS,6800,458997.843634705,443054.410657027,61.7,HFET
386509:10190,883:883,10/03/24 00:30:55,STABLE BEAMS,6800,458559.265313220,437003.759946568,61.7,HFET
386509:10190,884:884,10/03/24 00:31:18,STABLE BEAMS,6800,458569.144421385,443751.638389690,61.7,HFET
386509:10190,885:885,10/03/24 00:31:42,STABLE BEAMS,6800,456110.950506442,236741.882744854,61.2,HFET
386509:10190,886:886,10/03/24 00:32:05,STABLE BEAMS,6800,459676.998520365,30923.475747423,61.8,HFET
386509:10190,887:887,10/03/24 00:32:28,STABLE BEAMS,6800,460062.992386453,202641.217045018,61.9,HFET
386509:10190,888:888,10/03/24 00:32:52,STABLE BEAMS,6800,459776.432979509,444525.675139346,61.9,HFET
386509:10190,889:889,10/03/24 00:33:15,STABLE BEAMS,6800,459745.292109768,444116.051136528,61.8,HFET
386509:10190,890:890,10/03/24 00:33:38,STABLE BEAMS,6800,459473.166737216,444199.186698955,61.8,HFET
386509:10190,891:891,10/03/24 00:34:02,STABLE BEAMS,6800,459026.665081930,443300.539848775,61.8,HFET
386509:10190,892:892,10/03/24 00:34:25,STABLE BEAMS,6800,459469.297147892,443739.164791817,61.8,HFET
386509:10190,893:893,10/03/24 00:34:48,STABLE BEAMS,6800,458988.512329848,443646.056878109,61.8,HFET
386509:10190,894:894,10/03/24 00:35:11,STABLE BEAMS,6800,458732.410786820,441833.872252086,61.7,HFET
386509:10190,895:895,10/03/24 00:35:35,STABLE BEAMS,6800,458842.726717628,443526.453932925,61.7,HFET
386509:10190,896:896,10/03/24 00:35:58,STABLE BEAMS,6800,458585.718385294,443752.186192998,61.7,HFET
386509:10190,897:897,10/03/24 00:36:21,STABLE BEAMS,6800,458413.526322558,443804.407000241,61.7,HFET
386509:10190,898:898,10/03/24 00:36:45,STABLE BEAMS,6800,458477.906032157,436729.632178095,61.7,HFET
386509:10190,899:899,10/03/24 00:37:08,STABLE BEAMS,6800,458093.049732087,442151.117968580,61.7,HFET
386509:10190,900:900,10/03/24 00:37:31,STABLE BEAMS,6800,457733.963498264,441769.037982296,61.7,HFET
386509:10190,901:901,10/03/24 00:37:55,STABLE BEAMS,6800,456790.970222006,441975.147228559,61.5,HFET
386509:10190,902:902,10/03/24 00:38:18,STABLE BEAMS,6800,455318.703376188,440812.067562916,61.4,HFET
386509:10190,903:903,10/03/24 00:38:41,STABLE BEAMS,6800,456572.340756311,252853.248905933,61.3,HFET
386509:10190,904:904,10/03/24 00:39:05,STABLE BEAMS,6800,456448.364708976,441483.756006044,61.3,HFET
386509:10190,905:905,10/03/24 00:39:28,STABLE BEAMS,6800,457889.444063494,442039.480316600,61.6,HFET
386509:10190,906:906,10/03/24 00:39:51,STABLE BEAMS,6800,458001.809011781,442761.976933761,61.6,HFET
386509:10190,907:907,10/03/24 00:40:15,STABLE BEAMS,6800,457597.558143536,442997.089451327,61.6,HFET
386509:10190,908:908,10/03/24 00:40:38,STABLE BEAMS,6800,457827.842998759,443206.658017202,61.6,HFET
386509:10190,909:909,10/03/24 00:41:01,STABLE BEAMS,6800,458480.591433904,442951.013365443,61.6,HFET
386509:10190,910:910,10/03/24 00:41:24,STABLE BEAMS,6800,456318.836034070,442141.374062935,61.5,HFET
386509:10190,911:911,10/03/24 00:41:48,STABLE BEAMS,6800,455388.178822088,434113.633613250,61.2,HFET
386509:10190,912:912,10/03/24 00:42:11,STABLE BEAMS,6800,456225.045114535,204618.603996677,61.3,HFET
386509:10190,913:913,10/03/24 00:42:34,STABLE BEAMS,6800,455811.507231914,441713.674882036,61.3,HFET
386509:10190,914:914,10/03/24 00:42:58,STABLE BEAMS,6800,456029.497982262,441318.165555937,61.3,HFET
386509:10190,915:915,10/03/24 00:43:21,STABLE BEAMS,6800,455933.159194577,440692.417996173,61.3,HFET
386509:10190,916:916,10/03/24 00:43:44,STABLE BEAMS,6800,456108.127571098,441899.387196625,61.3,HFET
386509:10190,917:917,10/03/24 00:44:08,STABLE BEAMS,6800,456505.275644965,441915.322445188,61.4,HFET
386509:10190,918:918,10/03/24 00:44:31,STABLE BEAMS,6800,456524.945280333,441460.762253583,61.4,HFET
386509:10190,919:919,10/03/24 00:44:54,STABLE BEAMS,6800,456383.257703071,440681.946794221,61.4,HFET
386509:10190,920:920,10/03/24 00:45:18,STABLE BEAMS,6800,456086.320337291,441492.588460229,61.4,HFET
386509:10190,921:921,10/03/24 00:45:41,STABLE BEAMS,6800,455583.042948535,439856.463155188,61.3,HFET
386509:10190,922:922,10/03/24 00:46:04,STABLE BEAMS,6800,455991.983945526,440886.370671159,61.3,HFET
386509:10190,923:923,10/03/24 00:46:27,STABLE BEAMS,6800,455057.275320145,440027.923259461,61.2,HFET
386509:10190,924:924,10/03/24 00:46:51,STABLE BEAMS,6800,454732.472249081,433732.420787946,61.2,HFET
386509:10190,925:925,10/03/24 00:47:14,STABLE BEAMS,6800,454563.606634516,439906.816769028,61.1,HFET
386509:10190,926:926,10/03/24 00:47:37,STABLE BEAMS,6800,454173.151085317,438912.329981834,61.1,HFET
386509:10190,927:927,10/03/24 00:48:01,STABLE BEAMS,6800,454236.572721896,440086.200207103,61.1,HFET
386509:10190,928:928,10/03/24 00:48:24,STABLE BEAMS,6800,454385.223228863,440226.155793482,61.1,HFET
386509:10190,929:929,10/03/24 00:48:47,STABLE BEAMS,6800,453908.263709662,438768.777542247,61.1,HFET
386509:10190,930:930,10/03/24 00:49:11,STABLE BEAMS,6800,458058.083563502,442929.569779789,61.1,HFET
386509:10190,931:931,10/03/24 00:49:34,STABLE BEAMS,6800,459327.474368111,443739.756885605,61.8,HFET
386509:10190,932:932,10/03/24 00:49:57,STABLE BEAMS,6800,459023.478498433,443757.375172416,61.7,HFET
386509:10190,933:933,10/03/24 00:50:21,STABLE BEAMS,6800,458912.523852279,443364.187599911,61.7,HFET
386509:10190,934:934,10/03/24 00:50:44,STABLE BEAMS,6800,458531.583763091,442516.850105512,61.7,HFET
386509:10190,935:935,10/03/24 00:51:07,STABLE BEAMS,6800,458137.121090971,442740.990239376,61.6,HFET
386509:10190,936:936,10/03/24 00:51:31,STABLE BEAMS,6800,457914.393590318,443711.574153726,61.6,HFET
386509:10190,937:937,10/03/24 00:51:54,STABLE BEAMS,6800,457692.715074723,435957.917182034,61.6,HFET
386509:10190,938:938,10/03/24 00:52:17,STABLE BEAMS,6800,457259.141577502,442593.612500946,61.5,HFET
386509:10190,939:939,10/03/24 00:52:40,STABLE BEAMS,6800,456250.404911071,441715.406872920,61.5,HFET
386509:10190,940:940,10/03/24 00:53:04,STABLE BEAMS,6800,456212.797631219,441989.261905278,61.4,HFET
386509:10190,941:941,10/03/24 00:53:27,STABLE BEAMS,6800,456651.970377569,441585.784954898,61.4,HFET
386509:10190,942:942,10/03/24 00:53:50,STABLE BEAMS,6800,456540.059989473,441809.740933607,61.4,HFET
386509:10190,943:943,10/03/24 00:54:14,STABLE BEAMS,6800,456067.970092017,441594.845854717,61.4,HFET
386509:10190,944:944,10/03/24 00:54:37,STABLE BEAMS,6800,455833.815647471,439866.887735582,61.3,HFET
386509:10190,945:945,10/03/24 00:55:00,STABLE BEAMS,6800,454992.897941624,440114.975032771,61.3,HFET
386509:10190,946:946,10/03/24 00:55:24,STABLE BEAMS,6800,454713.760686732,441018.631369370,61.2,HFET
386509:10190,947:947,10/03/24 00:55:47,STABLE BEAMS,6800,454361.730625729,438050.651696159,61.1,HFET
386509:10190,948:948,10/03/24 00:56:10,STABLE BEAMS,6800,454083.276376664,436001.261244612,61.1,HFET
386509:10190,949:949,10/03/24 00:56:34,STABLE BEAMS,6800,455387.586728300,440592.391443241,61.0,HFET
386509:10190,950:950,10/03/24 00:56:57,STABLE BEAMS,6800,460281.484318552,439078.601106689,61.9,HFET
386509:10190,951:951,10/03/24 00:57:20,STABLE BEAMS,6800,459950.354702051,445086.772584474,61.9,HFET
386509:10190,952:952,10/03/24 00:57:43,STABLE BEAMS,6800,459709.050841568,444942.446227022,61.8,HFET
386509:10190,953:953,10/03/24 00:58:07,STABLE BEAMS,6800,459474.667951387,442702.198771948,61.8,HFET
386509:10190,954:954,10/03/24 00:58:30,STABLE BEAMS,6800,459130.423690589,244816.426576728,61.8,HFET
386509:10190,955:955,10/03/24 00:58:53,STABLE BEAMS,6800,458943.620431541,443612.913612446,61.7,HFET
386509:10190,956:956,10/03/24 00:59:17,STABLE BEAMS,6800,458717.158544083,442843.065809787,61.7,HFET
386509:10190,957:957,10/03/24 00:59:40,STABLE BEAMS,6800,458563.908820409,442703.884141274,61.7,HFET
386509:10190,958:958,10/03/24 01:00:03,STABLE BEAMS,6800,458606.478965122,444012.245906310,61.7,HFET
386509:10190,959:959,10/03/24 01:00:27,STABLE BEAMS,6800,458293.832465336,443499.226942987,61.7,HFET
386509:10190,960:960,10/03/24 01:00:50,STABLE BEAMS,6800,458183.015352778,442811.468048776,61.6,HFET
386509:10190,961:961,10/03/24 01:01:13,STABLE BEAMS,6800,458548.521375153,443324.668836176,61.6,HFET
386509:10190,962:962,10/03/24 01:01:37,STABLE BEAMS,6800,457540.919943662,442462.533659232,61.5,HFET
386509:10190,963:963,10/03/24 01:02:00,STABLE BEAMS,6800,457382.206173376,436319.416081489,61.5,HFET
386509:10190,964:964,10/03/24 01:02:23,STABLE BEAMS,6800,457168.721396619,442542.801995836,61.5,HFET
386509:10190,965:965,10/03/24 01:02:47,STABLE BEAMS,6800,457040.057551616,441737.852822074,61.5,HFET
386509:10190,966:966,10/03/24 01:03:10,STABLE BEAMS,6800,456787.646104912,442336.555215976,61.5,HFET
386509:10190,967:967,10/03/24 01:03:33,STABLE BEAMS,6800,456306.497638715,442026.277091342,61.4,HFET
386509:10190,968:968,10/03/24 01:03:56,STABLE BEAMS,6800,455905.477644447,439540.902808019,61.3,HFET
386509:10190,969:969,10/03/24 01:04:20,STABLE BEAMS,6800,455544.526548299,440207.353319094,61.3,HFET
386509:10190,970:970,10/03/24 01:04:43,STABLE BEAMS,6800,455020.488579716,440675.890653822,61.2,HFET
386509:10190,971:971,10/03/24 01:05:06,STABLE BEAMS,6800,454759.699239019,439316.671762117,61.2,HFET
386509:10190,972:972,10/03/24 01:05:30,STABLE BEAMS,6800,454565.699942475,440927.619094699,61.1,HFET
386509:10190,973:973,10/03/24 01:05:53,STABLE BEAMS,6800,454470.589632846,440208.992066862,61.1,HFET
386509:10190,974:974,10/03/24 01:06:16,STABLE BEAMS,6800,454249.456589481,440005.570553424,61.1,HFET
386509:10190,975:975,10/03/24 01:06:40,STABLE BEAMS,6800,454124.571421762,438537.308499448,61.1,HFET
386509:10190,976:976,10/03/24 01:07:03,STABLE BEAMS,6800,454124.342976128,433782.911935383,61.1,HFET
386509:10190,977:977,10/03/24 01:07:26,STABLE BEAMS,6800,456207.471118204,441622.981965038,61.4,HFET
386509:10190,978:978,10/03/24 01:07:50,STABLE BEAMS,6800,455929.107781177,440857.642467049,61.3,HFET
386509:10190,979:979,10/03/24 01:08:13,STABLE BEAMS,6800,455695.864788091,441541.303326302,61.3,HFET
386509:10190,980:980,10/03/24 01:08:36,STABLE BEAMS,6800,455412.354431048,440553.690887851,61.3,HFET
386509:10190,981:981,10/03/24 01:09:00,STABLE BEAMS,6800,455126.981542758,440686.727835006,61.2,HFET
386509:10190,982:982,10/03/24 01:09:23,STABLE BEAMS,6800,454965.169769936,440906.539157199,61.2,HFET
386509:10190,983:983,10/03/24 01:09:46,STABLE BEAMS,6800,454800.584014406,437969.565151211,61.2,HFET
386509:10190,984:984,10/03/24 01:10:09,STABLE BEAMS,6800,454630.897860419,440617.704618219,61.2,HFET
386509:10190,985:985,10/03/24 01:10:33,STABLE BEAMS,6800,454531.325867678,440326.047143895,61.1,HFET
386509:10190,986:986,10/03/24 01:10:56,STABLE BEAMS,6800,454349.529763971,439893.068071541,61.1,HFET
386509:10190,987:987,10/03/24 01:11:19,STABLE BEAMS,6800,454179.160604157,439589.207404381,61.1,HFET
386509:10190,988:988,10/03/24 01:11:43,STABLE BEAMS,6800,453903.755404992,439105.828096628,61.1,HFET
386509:10190,989:989,10/03/24 01:12:06,STABLE BEAMS,6800,444160.623677162,425320.234307903,61.1,HFET
386509:10190,990:990,10/03/24 01:12:29,STABLE BEAMS,6800,452995.408939646,439250.884081464,59.5,HFET
386509:10190,991:991,10/03/24 01:12:53,STABLE BEAMS,6800,453661.269688011,439892.021417561,61.0,HFET
386509:10190,992:992,10/03/24 01:13:16,STABLE BEAMS,6800,453504.285577531,439413.875379706,61.0,HFET
386509:10190,993:993,10/03/24 01:13:39,STABLE BEAMS,6800,453291.120158448,439412.693523208,61.0,HFET
386509:10190,994:994,10/03/24 01:14:03,STABLE BEAMS,6800,453223.008393122,439215.871291320,61.0,HFET
386509:10190,995:995,10/03/24 01:14:26,STABLE BEAMS,6800,453151.483929742,438769.096899920,61.0,HFET
386509:10190,996:996,10/03/24 01:14:49,STABLE BEAMS,6800,452868.430463969,438803.107326564,60.9,HFET
386509:10190,997:997,10/03/24 01:15:12,STABLE BEAMS,6800,452663.640607800,438587.025729020,60.9,HFET
386509:10190,998:998,10/03/24 01:15:36,STABLE BEAMS,6800,452526.871604918,437501.435755116,60.9,HFET
386509:10190,999:999,10/03/24 01:15:59,STABLE BEAMS,6800,452391.104965536,437991.234851422,60.9,HFET
386509:10190,1000:1000,10/03/24 01:16:22,STABLE BEAMS,6800,452116.200948121,388998.898244569,60.8,HFET
386509:10190,1001:1001,10/03/24 01:16:46,STABLE BEAMS,6800,451678.443166060,224928.666421368,60.8,HFET
386509:10190,1002:1002,10/03/24 01:17:09,STABLE BEAMS,6800,451300.461214733,437477.989773541,60.7,HFET
386509:10190,1003:1003,10/03/24 01:17:32,STABLE BEAMS,6800,451139.062042701,430795.171714766,60.7,HFET
386509:10190,1004:1004,10/03/24 01:17:56,STABLE BEAMS,6800,451013.857517309,437129.237208074,60.7,HFET
386509:10190,1005:1005,10/03/24 01:18:19,STABLE BEAMS,6800,450803.832060164,436082.573904117,60.6,HFET
386509:10190,1006:1006,10/03/24 01:18:42,STABLE BEAMS,6800,450567.901334254,436486.962305959,60.6,HFET
386509:10190,1007:1007,10/03/24 01:19:06,STABLE BEAMS,6800,450331.425136113,436592.907465694,60.6,HFET
386509:10190,1008:1008,10/03/24 01:19:29,STABLE BEAMS,6800,450051.877611510,436215.564229713,60.5,HFET
386509:10190,1009:1009,10/03/24 01:19:52,STABLE BEAMS,6800,449897.989172489,436519.515808911,60.5,HFET
386509:10190,1010:1010,10/03/24 01:20:16,STABLE BEAMS,6800,449639.796652579,434572.063394179,60.5,HFET
386509:10190,1011:1011,10/03/24 01:20:39,STABLE BEAMS,6800,449189.879968162,435083.033340023,60.4,HFET
386509:10190,1012:1012,10/03/24 01:21:02,STABLE BEAMS,6800,448890.571896152,435311.907893114,60.4,HFET
386509:10190,1013:1013,10/03/24 01:21:25,STABLE BEAMS,6800,448553.705496926,435226.177840977,60.4,HFET
386509:10190,1014:1014,10/03/24 01:21:49,STABLE BEAMS,6800,448406.966473842,435118.955250550,60.3,HFET
386509:10190,1015:1015,10/03/24 01:22:12,STABLE BEAMS,6800,447228.723146422,433222.632698600,60.2,HFET
386509:10190,1016:1016,10/03/24 01:22:35,STABLE BEAMS,6800,447187.747458996,427762.539595841,60.1,HFET
386509:10190,1017:1017,10/03/24 01:22:59,STABLE BEAMS,6800,447537.273942328,434471.899307650,60.2,HFET
386509:10190,1018:1018,10/03/24 01:23:22,STABLE BEAMS,6800,447223.123897292,433478.960356185,60.2,HFET
386509:10190,1019:1019,10/03/24 01:23:45,STABLE BEAMS,6800,446747.574680224,432985.655318710,60.1,HFET
386509:10190,1020:1020,10/03/24 01:24:09,STABLE BEAMS,6800,446461.563076588,432072.756258214,60.1,HFET
386509:10190,1021:1021,10/03/24 01:24:32,STABLE BEAMS,6800,446248.169211870,432990.389737936,60.0,HFET
386509:10190,1022:1022,10/03/24 01:24:55,STABLE BEAMS,6800,445787.142610154,432900.288914726,60.0,HFET
386509:10190,1023:1023,10/03/24 01:25:19,STABLE BEAMS,6800,445380.068806565,430783.516325237,59.9,HFET
386509:10190,1024:1024,10/03/24 01:25:42,STABLE BEAMS,6800,445387.127310463,432370.607406533,59.9,HFET
386509:10190,1025:1025,10/03/24 01:26:05,STABLE BEAMS,6800,445265.337814204,432378.892057409,59.9,HFET
386509:10190,1026:1026,10/03/24 01:26:29,STABLE BEAMS,6800,445122.011489174,432135.996070717,59.9,HFET
386509:10190,1027:1027,10/03/24 01:26:52,STABLE BEAMS,6800,444914.354407181,431317.568604504,59.9,HFET
386509:10190,1028:1028,10/03/24 01:27:15,STABLE BEAMS,6800,444845.834703222,425683.281043088,59.8,HFET
386509:10190,1029:1029,10/03/24 01:27:38,STABLE BEAMS,6800,444749.586827574,431414.637019574,59.8,HFET
386509:10190,1030:1030,10/03/24 01:28:02,STABLE BEAMS,6800,444661.805426881,431860.819317186,59.8,HFET
386509:10190,1031:1031,10/03/24 01:28:25,STABLE BEAMS,6800,444419.729979611,431815.018298496,59.8,HFET
386509:10190,1032:1032,10/03/24 01:28:48,STABLE BEAMS,6800,444188.489382446,431477.513183923,59.7,HFET
386668:10207,33:33,10/07/24 16:23:23,STABLE BEAMS,6800,85320.547252039,2778.773026220,48.4,HFET
386668:10207,34:34,10/07/24 16:23:47,STABLE BEAMS,6800,20065.729095362,19776.286448089,0.2,PLTZERO
386668:10207,35:35,10/07/24 16:24:10,STABLE BEAMS,6800,146326.688736836,144377.313415939,10.1,HFET
386668:10207,36:36,10/07/24 16:24:33,STABLE BEAMS,6800,329335.460430730,320050.462436934,31.9,HFET
386668:10207,37:37,10/07/24 16:24:57,STABLE BEAMS,6800,244604.648148998,241132.367743830,46.7,HFET
386668:10207,38:38,10/07/24 16:25:20,STABLE BEAMS,6800,64611.276313720,64322.680244010,12.1,HFET
386668:10207,39:39,10/07/24 16:25:43,STABLE BEAMS,6800,8206.660492783,4063.296139609,2.2,HFET
386668:10207,40:40,10/07/24 16:26:07,STABLE BEAMS,6800,274649.510329762,264653.489284257,0.2,PLTZERO
386668:10207,41:41,10/07/24 16:26:30,STABLE BEAMS,6800,92190.762062298,90684.160770007,48.0,HFET
386668:10207,42:42,10/07/24 16:26:53,STABLE BEAMS,6800,27164.037780720,26884.942951446,0.7,HFET
386668:10207,43:43,10/07/24 16:27:17,STABLE BEAMS,6800,157666.813498690,155661.141713939,13.5,HFET
386668:10207,44:44,10/07/24 16:27:40,STABLE BEAMS,6800,317381.674281838,214941.295306648,34.4,HFET
386668:10207,45:45,10/07/24 16:28:03,STABLE BEAMS,6800,300187.130812487,293966.087631435,47.9,HFET
386668:10207,46:46,10/07/24 16:28:26,STABLE BEAMS,6800,97416.121214543,96670.745533954,17.2,HFET
386668:10207,47:47,10/07/24 16:28:50,STABLE BEAMS,6800,19357.096494113,19302.726502973,4.6,HFET
386668:10207,48:48,10/07/24 16:29:13,STABLE BEAMS,6800,276298.521833465,269333.060578627,1.0,HFET
386668:10207,49:49,10/07/24 16:29:36,STABLE BEAMS,6800,368504.079946553,359887.900838985,48.2,HFET
386668:10207,50:50,10/07/24 16:30:00,STABLE BEAMS,6800,369360.841988925,275002.929713196,48.1,HFET
386668:10207,51:51,10/07/24 16:30:23,STABLE BEAMS,6800,368070.623003228,359034.213488371,48.2,HFET
386668:10207,52:52,10/07/24 16:30:46,STABLE BEAMS,6800,363556.912564002,355813.682503782,47.7,HFET
386668:10207,53:53,10/07/24 16:31:10,STABLE BEAMS,6800,365525.603429533,357764.890285021,47.4,HFET
386668:10207,54:54,10/07/24 16:31:33,STABLE BEAMS,6800,367550.410333487,358676.013064152,47.9,HFET
386668:10207,55:55,10/07/24 16:31:56,STABLE BEAMS,6800,366593.232448173,353811.825061809,47.9,HFET
386668:10207,56:56,10/07/24 16:32:20,STABLE BEAMS,6800,364702.555766911,356192.459352674,47.6,HFET
386668:10207,57:57,10/07/24 16:32:43,STABLE BEAMS,6800,363876.708479725,356189.454593253,47.6,HFET
386668:10207,58:58,10/07/24 16:33:06,STABLE BEAMS,6800,362869.358804647,354821.951050672,47.3,HFET
386668:10207,59:59,10/07/24 16:33:29,STABLE BEAMS,6800,362688.269017545,355294.038617050,47.3,HFET
386668:10207,60:60,10/07/24 16:33:53,STABLE BEAMS,6800,361544.196961144,354237.041644737,47.2,HFET
386668:10207,61:61,10/07/24 16:34:16,STABLE BEAMS,6800,362154.874102248,354262.513333013,47.2,HFET
386668:10207,62:62,10/07/24 16:34:39,STABLE BEAMS,6800,362680.665041417,354756.433775055,47.3,HFET
386668:10207,63:63,10/07/24 16:35:03,STABLE BEAMS,6800,362156.172512641,354628.998408108,47.3,HFET
386668:10207,64:64,10/07/24 16:35:26,STABLE BEAMS,6800,361711.218693085,354336.772150776,47.2,HFET
386668:10207,65:65,10/07/24 16:35:49,STABLE BEAMS,6800,361263.351026147,353877.407607607,47.1,HFET
386668:10207,66:66,10/07/24 16:36:13,STABLE BEAMS,6800,360978.544589788,353681.543448739,47.1,HFET
386668:10207,67:67,10/07/24 16:36:36,STABLE BEAMS,6800,360591.298934865,352205.246169222,47.1,HFET
386668:10207,68:68,10/07/24 16:36:59,STABLE BEAMS,6800,360203.165139259,347845.517412132,47.0,HFET
386668:10207,69:69,10/07/24 16:37:23,STABLE BEAMS,6800,359886.376314035,352020.491927652,47.0,HFET
386668:10207,70:70,10/07/24 16:37:46,STABLE BEAMS,6800,359634.146691408,351443.685348518,46.9,HFET
386668:10207,71:71,10/07/24 16:38:09,STABLE BEAMS,6800,359292.429319060,352047.171114283,46.9,HFET
386668:10207,72:72,10/07/24 16:38:33,STABLE BEAMS,6800,358897.626309566,351162.657589444,46.8,HFET
386668:10207,73:73,10/07/24 16:38:56,STABLE BEAMS,6800,358641.436185577,351366.058123181,46.8,HFET
386668:10207,74:74,10/07/24 16:39:19,STABLE BEAMS,6800,358318.931557328,351053.616758251,46.7,HFET
386668:10207,75:75,10/07/24 16:39:42,STABLE BEAMS,6800,364510.514575808,356250.918124392,46.8,HFET
386668:10207,76:76,10/07/24 16:40:06,STABLE BEAMS,6800,372206.304869570,363626.733009432,48.1,HFET
386668:10207,77:77,10/07/24 16:40:29,STABLE BEAMS,6800,387237.841150251,378122.121371810,49.8,HFET
386668:10207,78:78,10/07/24 16:40:52,STABLE BEAMS,6800,401372.551152596,390311.495578160,51.1,HFET
386668:10207,79:79,10/07/24 16:41:16,STABLE BEAMS,6800,414594.362094445,402869.222053009,53.1,HFET
386668:10207,80:80,10/07/24 16:41:39,STABLE BEAMS,6800,429679.804551695,416890.884101240,55.5,HFET
386668:10207,81:81,10/07/24 16:42:02,STABLE BEAMS,6800,445618.048549955,324111.386634842,57.3,HFET
386668:10207,82:82,10/07/24 16:42:26,STABLE BEAMS,6800,453934.124687947,435183.927053937,58.7,HFET
386668:10207,83:83,10/07/24 16:42:49,STABLE BEAMS,6800,448433.144478723,432739.983018231,59.3,HFET
386668:10207,84:84,10/07/24 16:43:12,STABLE BEAMS,6800,428633.870875123,416796.002237246,58.1,HFET
386668:10207,85:85,10/07/24 16:43:36,STABLE BEAMS,6800,414112.847649017,403634.699084594,53.6,HFET
386668:10207,86:86,10/07/24 16:43:59,STABLE BEAMS,6800,421667.178811151,410139.544007428,54.9,HFET
386668:10207,87:87,10/07/24 16:44:22,STABLE BEAMS,6800,429343.255179064,318147.083712164,55.2,HFET
386668:10207,88:88,10/07/24 16:44:45,STABLE BEAMS,6800,431677.657201826,417742.956014866,56.1,HFET
386668:10207,89:89,10/07/24 16:45:09,STABLE BEAMS,6800,428956.305571035,416785.985595485,57.0,HFET
386668:10207,90:90,10/07/24 16:45:32,STABLE BEAMS,6800,421945.316033621,410832.811238729,55.1,HFET
386668:10207,91:91,10/07/24 16:45:55,STABLE BEAMS,6800,429679.669349176,417395.434258533,55.0,HFET
386668:10207,92:92,10/07/24 16:46:19,STABLE BEAMS,6800,462538.988743362,349758.730954587,57.0,HFET
386668:10207,93:93,10/07/24 16:46:42,STABLE BEAMS,6800,487997.501766280,458519.518103851,61.7,HFET
386668:10207,94:94,10/07/24 16:47:05,STABLE BEAMS,6800,487955.749829912,452128.313228919,63.8,HFET
386668:10207,95:95,10/07/24 16:47:29,STABLE BEAMS,6800,487515.304315025,460002.803954929,63.5,HFET
386668:10207,96:96,10/07/24 16:47:52,STABLE BEAMS,6800,485764.172950430,460177.588176296,63.5,HFET
386668:10207,97:97,10/07/24 16:48:15,STABLE BEAMS,6800,485843.210477899,459752.896085896,63.3,HFET
386668:10207,98:98,10/07/24 16:48:39,STABLE BEAMS,6800,484842.895995941,348448.979867118,63.3,HFET
386668:10207,99:99,10/07/24 16:49:02,STABLE BEAMS,6800,486639.010170882,459406.511895581,63.2,HFET
386668:10207,100:100,10/07/24 16:49:25,STABLE BEAMS,6800,485737.356230203,459817.774646167,64.0,HFET
386668:10207,101:101,10/07/24 16:49:49,STABLE BEAMS,6800,488434.303806400,459700.582035537,63.4,HFET
386668:10207,102:102,10/07/24 16:50:12,STABLE BEAMS,6800,488413.042044822,461051.879924518,63.7,HFET
386668:10207,103:103,10/07/24 16:50:35,STABLE BEAMS,6800,488265.300658239,354765.175317202,63.7,HFET
386668:10207,104:104,10/07/24 16:50:58,STABLE BEAMS,6800,488491.307985505,459734.592462181,63.7,HFET
386668:10207,105:105,10/07/24 16:51:22,STABLE BEAMS,6800,488733.019784622,460984.814813172,63.7,HFET
386668:10207,106:106,10/07/24 16:51:45,STABLE BEAMS,6800,489145.282567629,461055.840425880,63.8,HFET
386668:10207,107:107,10/07/24 16:52:08,STABLE BEAMS,6800,489091.332100580,461095.769459326,63.8,HFET
386668:10207,108:108,10/07/24 16:52:32,STABLE BEAMS,6800,488838.783120280,453077.817205767,63.9,HFET
386668:10207,109:109,10/07/24 16:52:55,STABLE BEAMS,6800,487239.854825380,459702.631053016,63.6,HFET
386668:10207,110:110,10/07/24 16:53:18,STABLE BEAMS,6800,487516.898772312,458896.907961389,63.6,HFET
386668:10207,111:111,10/07/24 16:53:42,STABLE BEAMS,6800,487743.132214135,459635.703475266,63.6,HFET
386668:10207,112:112,10/07/24 16:54:05,STABLE BEAMS,6800,487277.597307750,459451.585617965,63.6,HFET
386668:10207,113:113,10/07/24 16:54:28,STABLE BEAMS,6800,485744.323822063,459030.989231445,63.5,HFET
386668:10207,114:114,10/07/24 16:54:52,STABLE BEAMS,6800,484789.400089084,351196.509502790,63.3,HFET
386668:10207,115:115,10/07/24 16:55:15,STABLE BEAMS,6800,484751.520073117,459027.119642122,63.2,HFET
386668:10207,116:116,10/07/24 16:55:38,STABLE BEAMS,6800,484564.397456395,459105.066225132,63.4,HFET
386668:10207,117:117,10/07/24 16:56:02,STABLE BEAMS,6800,484258.443481276,457721.806926986,63.2,HFET
386668:10207,118:118,10/07/24 16:56:25,STABLE BEAMS,6800,483388.886152280,457774.939185690,63.1,HFET
386668:10207,119:119,10/07/24 16:56:48,STABLE BEAMS,6800,482829.702522112,458599.830730935,63.1,HFET
386668:10207,120:120,10/07/24 16:57:11,STABLE BEAMS,6800,487589.197153557,460657.645698034,62.9,HFET
386668:10207,121:121,10/07/24 16:57:35,STABLE BEAMS,6800,488708.114548278,454571.618549278,63.8,HFET
386668:10207,122:122,10/07/24 16:57:58,STABLE BEAMS,6800,487947.782205630,460768.688925148,63.7,HFET
386668:10207,123:123,10/07/24 16:58:21,STABLE BEAMS,6800,486778.100927357,459455.273383212,63.5,HFET
386668:10207,124:124,10/07/24 16:58:45,STABLE BEAMS,6800,486151.623740209,459559.216147026,63.4,HFET
386668:10207,125:125,10/07/24 16:59:08,STABLE BEAMS,6800,485376.903984727,459056.439940019,63.3,HFET
386668:10207,126:126,10/07/24 16:59:31,STABLE BEAMS,6800,485452.801550258,459229.494501580,63.3,HFET
386668:10207,127:127,10/07/24 16:59:55,STABLE BEAMS,6800,484854.642297508,458203.866844644,63.3,HFET
386668:10207,128:128,10/07/24 17:00:18,STABLE BEAMS,6800,483792.729081892,459021.291947358,63.2,HFET
386668:10207,129:129,10/07/24 17:00:41,STABLE BEAMS,6800,483018.554798640,458331.985217418,63.1,HFET
386668:10207,130:130,10/07/24 17:01:05,STABLE BEAMS,6800,486152.989751862,458115.630883759,63.0,HFET
386668:10207,131:131,10/07/24 17:01:28,STABLE BEAMS,6800,491966.525548834,462274.101367707,64.1,HFET
386668:10207,132:132,10/07/24 17:01:51,STABLE BEAMS,6800,491576.843917499,461581.927411943,64.2,HFET
386668:10207,133:133,10/07/24 17:02:14,STABLE BEAMS,6800,490584.497059822,462379.773791327,64.0,HFET
386668:10207,134:134,10/07/24 17:02:38,STABLE BEAMS,6800,490456.287775011,454692.634127673,63.9,HFET
386668:10207,135:135,10/07/24 17:03:01,STABLE BEAMS,6800,489945.543943723,461441.561555853,63.9,HFET
386668:10207,136:136,10/07/24 17:03:24,STABLE BEAMS,6800,489403.796776290,460949.848644587,63.9,HFET
386668:10207,137:137,10/07/24 17:03:48,STABLE BEAMS,6800,489086.278323681,459960.415634292,63.7,HFET
386668:10207,138:138,10/07/24 17:04:11,STABLE BEAMS,6800,489271.079186808,461419.341721256,63.8,HFET
386668:10207,139:139,10/07/24 17:04:34,STABLE BEAMS,6800,489458.658694800,460567.589165304,63.9,HFET
386668:10207,140:140,10/07/24 17:04:58,STABLE BEAMS,6800,489760.288520403,461388.109939476,63.8,HFET
386668:10207,141:141,10/07/24 17:05:21,STABLE BEAMS,6800,489739.935879209,460822.231453563,63.9,HFET
386668:10207,142:142,10/07/24 17:05:44,STABLE BEAMS,6800,487964.766439251,460979.625833754,63.8,HFET
386668:10207,143:143,10/07/24 17:06:08,STABLE BEAMS,6800,487576.084840337,459572.692108398,63.6,HFET
386668:10207,144:144,10/07/24 17:06:31,STABLE BEAMS,6800,486871.390665142,459248.208395007,63.5,HFET
386668:10207,145:145,10/07/24 17:06:54,STABLE BEAMS,6800,486441.824290841,459759.679522601,63.5,HFET
386668:10207,146:146,10/07/24 17:07:18,STABLE BEAMS,6800,485136.057015514,458991.197731595,63.4,HFET
386668:10207,147:147,10/07/24 17:07:41,STABLE BEAMS,6800,483995.968771253,451480.982218826,63.2,HFET
386668:10207,148:148,10/07/24 17:08:04,STABLE BEAMS,6800,483272.287966516,456982.419319320,63.1,HFET
386668:10207,149:149,10/07/24 17:08:27,STABLE BEAMS,6800,482831.432181918,457499.307871968,63.0,HFET
386668:10207,150:150,10/07/24 17:08:51,STABLE BEAMS,6800,490159.075342038,460984.905725210,63.0,HFET
386668:10207,151:151,10/07/24 17:09:14,STABLE BEAMS,6800,490325.027109220,461940.055572746,64.0,HFET
386668:10207,152:152,10/07/24 17:09:37,STABLE BEAMS,6800,490260.878176334,461749.655460489,63.9,HFET
386668:10207,153:153,10/07/24 17:10:01,STABLE BEAMS,6800,490728.685883678,461784.164737805,63.9,HFET
386668:10207,154:154,10/07/24 17:10:24,STABLE BEAMS,6800,491414.351469929,461843.262224869,64.1,HFET
386668:10207,155:155,10/07/24 17:10:47,STABLE BEAMS,6800,491019.296704021,461317.040036288,64.1,HFET
386668:10207,156:156,10/07/24 17:11:11,STABLE BEAMS,6800,491283.046513658,461706.402309950,64.1,HFET
386668:10207,157:157,10/07/24 17:11:34,STABLE BEAMS,6800,492088.086599459,462532.296218694,64.1,HFET
386668:10207,158:158,10/07/24 17:11:57,STABLE BEAMS,6800,491626.652059110,461509.899435736,64.2,HFET
386668:10207,159:159,10/07/24 17:12:21,STABLE BEAMS,6800,491606.026681800,462518.319075572,64.1,HFET
386668:10207,160:160,10/07/24 17:12:44,STABLE BEAMS,6800,490366.275532761,310648.206562328,64.0,HFET
386668:10207,161:161,10/07/24 17:13:07,STABLE BEAMS,6800,489448.231783327,460369.902103514,63.8,HFET
386668:10207,162:162,10/07/24 17:13:30,STABLE BEAMS,6800,489337.414670770,460852.416581364,63.7,HFET
386668:10207,163:163,10/07/24 17:13:54,STABLE BEAMS,6800,489162.583827845,461492.961823673,63.7,HFET
386668:10207,164:164,10/07/24 17:14:17,STABLE BEAMS,6800,487835.191142786,460730.899821219,63.7,HFET
386668:10207,165:165,10/07/24 17:14:40,STABLE BEAMS,6800,487323.127921404,460467.425078775,63.5,HFET
386668:10207,166:166,10/07/24 17:15:04,STABLE BEAMS,6800,485791.036292215,459557.621689738,63.5,HFET
386668:10207,167:167,10/07/24 17:15:27,STABLE BEAMS,6800,485846.944864704,458628.787380679,63.3,HFET
386668:10207,168:168,10/07/24 17:15:50,STABLE BEAMS,6800,485417.835381673,460121.178422057,63.3,HFET
386668:10207,169:169,10/07/24 17:16:14,STABLE BEAMS,6800,483750.203227659,302049.352025754,63.3,HFET
386668:10207,170:170,10/07/24 17:16:37,STABLE BEAMS,6800,484839.891236520,459390.166377306,63.0,HFET
386668:10207,171:171,10/07/24 17:17:00,STABLE BEAMS,6800,491997.757330614,463130.180404252,64.3,HFET
386668:10207,172:172,10/07/24 17:17:24,STABLE BEAMS,6800,491889.991599035,462413.646684374,64.1,HFET
386668:10207,173:173,10/07/24 17:17:47,STABLE BEAMS,6800,491192.488799179,454266.165755909,64.2,HFET
386668:10207,174:174,10/07/24 17:18:10,STABLE BEAMS,6800,490127.568493065,462337.112734575,64.0,HFET
386668:10207,175:175,10/07/24 17:18:34,STABLE BEAMS,6800,489991.801853683,462152.766431639,63.9,HFET
386668:10207,176:176,10/07/24 17:18:57,STABLE BEAMS,6800,488319.980752672,461517.822769537,63.8,HFET
386668:10207,177:177,10/07/24 17:19:20,STABLE BEAMS,6800,487958.346650698,461564.078348419,63.7,HFET
386668:10207,178:178,10/07/24 17:19:43,STABLE BEAMS,6800,487668.008566469,461202.444246445,63.7,HFET
386668:10207,179:179,10/07/24 17:20:07,STABLE BEAMS,6800,487554.412809048,460224.165443929,63.6,HFET
386668:10207,180:180,10/07/24 17:20:30,STABLE BEAMS,6800,488011.705023959,459779.803718161,63.6,HFET
386668:10207,181:181,10/07/24 17:20:53,STABLE BEAMS,6800,487734.024692758,460930.407454854,63.6,HFET
386668:10207,182:182,10/07/24 17:21:17,STABLE BEAMS,6800,487733.115572375,460570.957572878,63.6,HFET
386668:10207,183:183,10/07/24 17:21:40,STABLE BEAMS,6800,487811.561006056,460981.719141713,63.6,HFET
386668:10207,184:184,10/07/24 17:22:03,STABLE BEAMS,6800,487439.134013379,460613.073157399,63.6,HFET
386668:10207,185:185,10/07/24 17:22:27,STABLE BEAMS,6800,486745.638336443,460408.054855596,63.5,HFET
386668:10207,186:186,10/07/24 17:22:50,STABLE BEAMS,6800,487420.923632780,453710.851715064,63.6,HFET
386668:10207,187:187,10/07/24 17:23:13,STABLE BEAMS,6800,486993.816545670,460749.021620858,63.5,HFET
386668:10207,188:188,10/07/24 17:23:37,STABLE BEAMS,6800,486738.719697219,456322.022617567,63.5,HFET
386668:10207,189:189,10/07/24 17:24:00,STABLE BEAMS,6800,486452.479647948,460138.843330426,63.5,HFET
386668:10207,190:190,10/07/24 17:24:23,STABLE BEAMS,6800,484657.139390872,459039.821685630,63.3,HFET
386668:10207,191:191,10/07/24 17:24:47,STABLE BEAMS,6800,483716.286044131,458564.864562350,63.1,HFET
386668:10207,192:192,10/07/24 17:25:10,STABLE BEAMS,6800,485184.865124702,371096.152327774,63.1,HFET
386668:10207,193:193,10/07/24 17:25:33,STABLE BEAMS,6800,492560.540145068,426053.659018286,64.3,HFET
386668:10207,194:194,10/07/24 17:25:56,STABLE BEAMS,6800,492225.494317686,462480.711795720,64.3,HFET
386668:10207,195:195,10/07/24 17:26:20,STABLE BEAMS,6800,491735.147418073,462449.570925978,64.2,HFET
386668:10207,196:196,10/07/24 17:26:43,STABLE BEAMS,6800,491145.867241066,462148.442282124,64.1,HFET
386668:10207,197:197,10/07/24 17:27:06,STABLE BEAMS,6800,490099.250558667,461432.864304187,64.0,HFET
386668:10207,198:198,10/07/24 17:27:30,STABLE BEAMS,6800,488578.222225218,461236.727409204,63.8,HFET
386668:10207,199:199,10/07/24 17:27:53,STABLE BEAMS,6800,488182.302629408,460948.755369049,63.7,HFET
386668:10207,200:200,10/07/24 17:28:16,STABLE BEAMS,6800,487412.909386941,454308.143806834,63.6,HFET
386668:10207,201:201,10/07/24 17:28:40,STABLE BEAMS,6800,487391.647625363,461386.471191708,63.5,HFET
386668:10207,202:202,10/07/24 17:29:03,STABLE BEAMS,6800,485459.083805214,458426.729547816,63.4,HFET
386668:10207,203:203,10/07/24 17:29:26,STABLE BEAMS,6800,484076.738289607,458631.792140100,63.2,HFET
386668:10207,204:204,10/07/24 17:29:50,STABLE BEAMS,6800,483136.794063249,458903.234506825,63.1,HFET
386668:10207,205:205,10/07/24 17:30:13,STABLE BEAMS,6800,491666.261734883,462246.237993500,63.0,HFET
386668:10207,206:206,10/07/24 17:30:36,STABLE BEAMS,6800,492959.326966703,463111.014281712,64.3,HFET
386668:10207,207:207,10/07/24 17:31:00,STABLE BEAMS,6800,492690.980271436,462726.020448045,64.3,HFET
386668:10207,208:208,10/07/24 17:31:23,STABLE BEAMS,6800,492326.520903040,462548.550824931,64.2,HFET
386668:10207,209:209,10/07/24 17:31:46,STABLE BEAMS,6800,492445.580707072,463153.218447194,64.2,HFET
386668:10207,210:210,10/07/24 17:32:09,STABLE BEAMS,6800,492188.796158218,461938.235000902,64.2,HFET
386668:10207,211:211,10/07/24 17:32:33,STABLE BEAMS,6800,492501.444989082,463255.657665758,64.2,HFET
386668:10207,212:212,10/07/24 17:32:56,STABLE BEAMS,6800,492137.712916993,462547.912109584,64.3,HFET
386668:10207,213:213,10/07/24 17:33:19,STABLE BEAMS,6800,499386.957264989,439927.260322261,64.2,HFET
386668:10207,214:214,10/07/24 17:33:43,STABLE BEAMS,6800,504181.737422691,336172.689089977,65.7,HFET
386668:10207,215:215,10/07/24 17:34:06,STABLE BEAMS,6800,494761.632484561,463377.265337941,65.8,HFET
386668:10207,216:216,10/07/24 17:34:29,STABLE BEAMS,6800,492474.353201662,462400.352547078,64.3,HFET
386668:10207,217:217,10/07/24 17:34:53,STABLE BEAMS,6800,492695.805602700,462933.132057808,64.2,HFET
386668:10207,218:218,10/07/24 17:35:16,STABLE BEAMS,6800,491520.569365779,463721.647132335,64.2,HFET
386668:10207,219:219,10/07/24 17:35:39,STABLE BEAMS,6800,491005.683209052,461474.296882882,64.0,HFET
386668:10207,220:220,10/07/24 17:36:03,STABLE BEAMS,6800,490898.281125627,461754.935351946,64.1,HFET
386668:10207,221:221,10/07/24 17:36:26,STABLE BEAMS,6800,490268.845800616,461601.275358560,64.0,HFET
386668:10207,222:222,10/07/24 17:36:49,STABLE BEAMS,6800,489686.484262832,461964.140269668,63.9,HFET
386668:10207,223:223,10/07/24 17:37:12,STABLE BEAMS,6800,489262.293354182,462431.495747898,63.8,HFET
386668:10207,224:224,10/07/24 17:37:36,STABLE BEAMS,6800,488615.829505070,462040.448104910,63.8,HFET
386668:10207,225:225,10/07/24 17:37:59,STABLE BEAMS,6800,487859.912223976,461805.291296864,63.7,HFET
386668:10207,226:226,10/07/24 17:38:22,STABLE BEAMS,6800,487154.215685281,448256.994245703,63.6,HFET
386668:10207,227:227,10/07/24 17:38:46,STABLE BEAMS,6800,486974.741335168,440818.396439429,63.5,HFET
386668:10207,228:228,10/07/24 17:39:09,STABLE BEAMS,6800,486614.333380172,441449.608045804,63.5,HFET
386668:10207,229:229,10/07/24 17:39:32,STABLE BEAMS,6800,484898.077272124,251197.456296602,63.4,HFET
386668:10207,230:230,10/07/24 17:39:56,STABLE BEAMS,6800,483928.768457389,385537.657824362,63.2,HFET
386668:10207,231:231,10/07/24 17:40:19,STABLE BEAMS,6800,479805.173229988,273708.724584280,63.1,HFET
386668:10207,232:232,10/07/24 17:40:42,STABLE BEAMS,6800,488995.585406683,460054.479289942,62.6,HFET
386668:10207,233:233,10/07/24 17:41:06,STABLE BEAMS,6800,495969.604048512,463761.667077820,64.7,HFET
386668:10207,234:234,10/07/24 17:41:29,STABLE BEAMS,6800,492763.008247643,463210.176004741,64.4,HFET
386668:10207,235:235,10/07/24 17:41:52,STABLE BEAMS,6800,494370.678084690,464165.097406642,64.4,HFET
386668:10207,236:236,10/07/24 17:42:16,STABLE BEAMS,6800,494209.959587405,464552.501574863,64.5,HFET
386668:10207,237:237,10/07/24 17:42:39,STABLE BEAMS,6800,493204.090146798,464119.340678432,64.4,HFET
386668:10207,238:238,10/07/24 17:43:02,STABLE BEAMS,6800,492575.610563728,462641.017692215,64.3,HFET
386668:10207,239:239,10/07/24 17:43:25,STABLE BEAMS,6800,492318.781724393,463768.860784237,64.2,HFET
386668:10207,240:240,10/07/24 17:43:49,STABLE BEAMS,6800,491396.138758252,455051.356713342,64.1,HFET
386668:10207,241:241,10/07/24 17:44:12,STABLE BEAMS,6800,490564.783133974,462810.340198049,64.0,HFET
386668:10207,242:242,10/07/24 17:44:35,STABLE BEAMS,6800,490393.183165026,461985.858922515,64.0,HFET
386668:10207,243:243,10/07/24 17:44:59,STABLE BEAMS,6800,489911.671050676,462418.565258755,63.9,HFET
386668:10207,244:244,10/07/24 17:45:22,STABLE BEAMS,6800,489571.753270471,461701.894005280,63.9,HFET
386668:10207,245:245,10/07/24 17:45:45,STABLE BEAMS,6800,487599.395619394,461206.677483922,63.7,HFET
386668:10207,246:246,10/07/24 17:46:09,STABLE BEAMS,6800,486832.279840041,460182.551041157,63.6,HFET
386668:10207,247:247,10/07/24 17:46:32,STABLE BEAMS,6800,485533.342622977,459857.566146016,63.3,HFET
386668:10207,248:248,10/07/24 17:46:55,STABLE BEAMS,6800,486710.947235051,459606.655913484,63.5,HFET
386668:10207,249:249,10/07/24 17:47:19,STABLE BEAMS,6800,486402.396439145,461207.770759460,63.5,HFET
386668:10207,250:250,10/07/24 17:47:42,STABLE BEAMS,6800,486070.674728857,460347.637978437,63.4,HFET
386668:10207,251:251,10/07/24 17:48:05,STABLE BEAMS,6800,485186.503872470,460402.091958313,63.3,HFET
386668:10207,252:252,10/07/24 17:48:29,STABLE BEAMS,6800,485446.290849667,454210.257183419,63.3,HFET
386668:10207,253:253,10/07/24 17:48:52,STABLE BEAMS,6800,485328.781212443,459705.591521956,63.3,HFET
386668:10207,254:254,10/07/24 17:49:15,STABLE BEAMS,6800,485505.388336732,460201.992230890,63.3,HFET
386668:10207,255:255,10/07/24 17:49:38,STABLE BEAMS,6800,485505.796275365,459744.518191903,63.4,HFET
386668:10207,256:256,10/07/24 17:50:02,STABLE BEAMS,6800,485512.989981782,460462.919105184,63.3,HFET
386668:10207,257:257,10/07/24 17:50:25,STABLE BEAMS,6800,485806.013467759,460052.975744693,63.4,HFET
386668:10207,258:258,10/07/24 17:50:48,STABLE BEAMS,6800,485481.303639810,459648.179404218,63.3,HFET
386668:10207,259:259,10/07/24 17:51:12,STABLE BEAMS,6800,485236.904107869,459720.023225270,63.3,HFET
386668:10207,260:260,10/07/24 17:51:35,STABLE BEAMS,6800,483407.189775995,458810.492572348,63.2,HFET
386668:10207,261:261,10/07/24 17:51:58,STABLE BEAMS,6800,486519.132158505,460083.342696570,62.9,HFET
386668:10207,262:262,10/07/24 17:52:22,STABLE BEAMS,6800,500699.188619349,464966.361146235,65.3,HFET
386668:10207,263:263,10/07/24 17:52:45,STABLE BEAMS,6800,492388.212879814,462429.672844975,65.3,HFET
386668:10207,264:264,10/07/24 17:53:08,STABLE BEAMS,6800,490591.142962931,462578.645040693,64.0,HFET
386668:10207,265:265,10/07/24 17:53:32,STABLE BEAMS,6800,490776.263183732,453963.580188363,64.0,HFET
386668:10207,266:266,10/07/24 17:53:55,STABLE BEAMS,6800,490548.255791623,462541.357118514,64.0,HFET
386668:10207,267:267,10/07/24 17:54:18,STABLE BEAMS,6800,489904.433053778,20145.832857866,63.9,HFET
386668:10207,268:268,10/07/24 17:54:41,STABLE BEAMS,6800,489663.947401640,8400.145367054,63.9,HFET
386668:10207,269:269,10/07/24 17:55:05,STABLE BEAMS,6800,489237.707475511,236737.761399116,63.8,HFET
386668:10207,270:270,10/07/24 17:55:28,STABLE BEAMS,6800,488604.355939618,459695.800994752,63.8,HFET
386668:10207,271:271,10/07/24 17:55:51,STABLE BEAMS,6800,488423.058686583,461201.031613234,63.7,HFET
386668:10207,272:272,10/07/24 17:56:15,STABLE BEAMS,6800,488623.431150121,461415.838111164,63.7,HFET
386668:10207,273:273,10/07/24 17:56:38,STABLE BEAMS,6800,488439.723562531,460469.565008293,63.7,HFET
386668:10207,274:274,10/07/24 17:57:01,STABLE BEAMS,6800,488899.246618997,461874.584918688,63.8,HFET
386668:10207,275:275,10/07/24 17:57:25,STABLE BEAMS,6800,488899.155706959,461473.294519383,63.8,HFET
386668:10207,276:276,10/07/24 17:57:48,STABLE BEAMS,6800,488440.632682914,460986.318358421,63.7,HFET
386668:10207,277:277,10/07/24 17:58:11,STABLE BEAMS,6800,488652.159354230,457255.637967410,63.8,HFET
386668:10207,278:278,10/07/24 17:58:35,STABLE BEAMS,6800,488978.328436947,461421.255536217,63.7,HFET
386668:10207,279:279,10/07/24 17:58:58,STABLE BEAMS,6800,488318.661362578,459163.434084812,63.7,HFET
386668:10207,280:280,10/07/24 17:59:21,STABLE BEAMS,6800,487518.264783965,460570.503012686,63.7,HFET
386668:10207,281:281,10/07/24 17:59:45,STABLE BEAMS,6800,487102.903998422,453948.512100781,63.5,HFET
386668:10207,282:282,10/07/24 18:00:08,STABLE BEAMS,6800,487110.552265030,460063.537858683,63.5,HFET
386668:10207,283:283,10/07/24 18:00:31,STABLE BEAMS,6800,486008.481570333,460673.897973192,63.5,HFET
386668:10207,284:284,10/07/24 18:00:54,STABLE BEAMS,6800,484796.866531616,459599.599740663,63.3,HFET
386668:10207,285:285,10/07/24 18:01:18,STABLE BEAMS,6800,483049.150196152,459098.690727060,63.1,HFET
386668:10207,286:286,10/07/24 18:01:41,STABLE BEAMS,6800,486788.070947560,460547.374057706,62.9,HFET
386668:10207,287:287,10/07/24 18:02:04,STABLE BEAMS,6800,491013.378097219,462612.245197625,64.0,HFET
386668:10207,288:288,10/07/24 18:02:28,STABLE BEAMS,6800,490745.441671664,462284.346455102,64.1,HFET
386668:10207,289:289,10/07/24 18:02:51,STABLE BEAMS,6800,489209.433831593,461565.672805707,63.9,HFET
386668:10207,290:290,10/07/24 18:03:14,STABLE BEAMS,6800,488762.568528154,460975.026617046,63.7,HFET
386668:10207,291:291,10/07/24 18:03:38,STABLE BEAMS,6800,488785.697483134,461687.644126043,63.7,HFET
386668:10207,292:292,10/07/24 18:04:01,STABLE BEAMS,6800,487663.136613647,460964.737239171,63.7,HFET
386668:10207,293:293,10/07/24 18:04:24,STABLE BEAMS,6800,487991.081977728,461019.736691277,63.7,HFET
386668:10207,294:294,10/07/24 18:04:48,STABLE BEAMS,6800,487694.324104947,454297.218044690,63.6,HFET
386668:10207,295:295,10/07/24 18:05:11,STABLE BEAMS,6800,489378.073331601,461817.219422507,63.7,HFET
386668:10207,296:296,10/07/24 18:05:34,STABLE BEAMS,6800,490255.232305647,462832.331587011,63.9,HFET
386668:10207,297:297,10/07/24 18:05:57,STABLE BEAMS,6800,488778.776512832,462049.098735018,63.9,HFET
386668:10207,298:298,10/07/24 18:06:21,STABLE BEAMS,6800,487687.403134645,461854.644878283,63.6,HFET
386668:10207,299:299,10/07/24 18:06:44,STABLE BEAMS,6800,486677.437990157,460147.221224419,63.5,HFET
386668:10207,300:300,10/07/24 18:07:07,STABLE BEAMS,6800,486182.948765105,461120.173513921,63.4,HFET
386668:10207,301:301,10/07/24 18:07:31,STABLE BEAMS,6800,486285.387983670,459669.622989872,63.4,HFET
386668:10207,302:302,10/07/24 18:07:54,STABLE BEAMS,6800,487185.447467061,461598.909314486,63.5,HFET
386668:10207,303:303,10/07/24 18:08:17,STABLE BEAMS,6800,487436.266787555,461147.626618416,63.5,HFET
386668:10207,304:304,10/07/24 18:08:41,STABLE BEAMS,6800,487665.959548990,461278.157656821,63.6,HFET
386668:10207,305:305,10/07/24 18:09:04,STABLE BEAMS,6800,487906.351958012,460932.594005929,63.7,HFET
386668:10207,306:306,10/07/24 18:09:27,STABLE BEAMS,6800,487323.992751307,460952.126107701,63.6,HFET
386668:10207,307:307,10/07/24 18:09:51,STABLE BEAMS,6800,486680.715485692,454334.368433273,63.5,HFET
386668:10207,308:308,10/07/24 18:10:14,STABLE BEAMS,6800,485671.750373626,459219.386947781,63.4,HFET
386668:10207,309:309,10/07/24 18:10:37,STABLE BEAMS,6800,485677.258710717,460104.970437379,63.3,HFET
386668:10207,310:310,10/07/24 18:11:01,STABLE BEAMS,6800,485726.157731944,212082.401221326,63.4,HFET
386668:10207,311:311,10/07/24 18:11:24,STABLE BEAMS,6800,485698.793208409,459620.679678164,63.4,HFET
386668:10207,312:312,10/07/24 18:11:47,STABLE BEAMS,6800,485790.262374350,460353.831652432,63.4,HFET
386668:10207,313:313,10/07/24 18:12:10,STABLE BEAMS,6800,484777.516253921,460129.236958377,63.3,HFET
386668:10207,314:314,10/07/24 18:12:34,STABLE BEAMS,6800,484268.231677402,459312.494861490,63.2,HFET
386668:10207,315:315,10/07/24 18:12:57,STABLE BEAMS,6800,484174.534000983,458581.028256548,63.2,HFET
386668:10207,316:316,10/07/24 18:13:20,STABLE BEAMS,6800,484128.912475292,458948.583296402,63.1,HFET
386668:10207,317:317,10/07/24 18:13:44,STABLE BEAMS,6800,484593.169950984,459736.550567621,63.2,HFET
386668:10207,318:318,10/07/24 18:14:07,STABLE BEAMS,6800,484653.633449702,458515.648514527,63.2,HFET
386668:10207,319:319,10/07/24 18:14:30,STABLE BEAMS,6800,485008.941006240,459495.246707138,63.3,HFET
386668:10207,320:320,10/07/24 18:14:54,STABLE BEAMS,6800,482740.921088997,452178.941909952,63.1,HFET
386668:10207,321:321,10/07/24 18:15:17,STABLE BEAMS,6800,486193.965439287,460179.683815333,62.3,HFET
386668:10207,322:322,10/07/24 18:15:40,STABLE BEAMS,6800,493231.636494409,463565.800587874,64.2,HFET
386668:10207,323:323,10/07/24 18:16:04,STABLE BEAMS,6800,493196.304346593,463082.740637794,64.3,HFET
386668:10207,324:324,10/07/24 18:16:27,STABLE BEAMS,6800,492831.164303449,462316.533978824,64.4,HFET
386668:10207,325:325,10/07/24 18:16:50,STABLE BEAMS,6800,491690.621498997,462195.928670140,64.1,HFET
386668:10207,326:326,10/07/24 18:17:14,STABLE BEAMS,6800,491793.925547465,463007.754523724,64.2,HFET
386668:10207,327:327,10/07/24 18:17:37,STABLE BEAMS,6800,491518.429436261,462006.666123901,64.1,HFET
386668:10207,328:328,10/07/24 18:18:00,STABLE BEAMS,6800,491443.035383558,462440.600938197,64.1,HFET
386668:10207,329:329,10/07/24 18:18:23,STABLE BEAMS,6800,491871.869799396,462698.385519473,64.0,HFET
386668:10207,330:330,10/07/24 18:18:47,STABLE BEAMS,6800,491879.564687563,462124.993969471,64.2,HFET
386668:10207,331:331,10/07/24 18:19:10,STABLE BEAMS,6800,491294.200721437,462863.108808599,64.1,HFET
386668:10207,332:332,10/07/24 18:19:33,STABLE BEAMS,6800,491442.669404327,463011.533201009,64.0,HFET
386668:10207,333:333,10/07/24 18:19:57,STABLE BEAMS,6800,488882.581743050,454047.764735849,63.7,HFET
386668:10207,334:334,10/07/24 18:20:20,STABLE BEAMS,6800,488155.758645296,460005.717802311,63.6,HFET
386668:10207,335:335,10/07/24 18:20:43,STABLE BEAMS,6800,487862.007863013,461233.174846476,63.6,HFET
386668:10207,336:336,10/07/24 18:21:07,STABLE BEAMS,6800,484084.020576984,459103.017207653,63.5,HFET
386668:10207,337:337,10/07/24 18:21:30,STABLE BEAMS,6800,487486.303374801,461085.116433297,63.5,HFET
386668:10207,338:338,10/07/24 18:21:53,STABLE BEAMS,6800,487245.272250432,460794.277167319,63.6,HFET
386668:10207,339:339,10/07/24 18:22:17,STABLE BEAMS,6800,486840.294085880,460212.827080996,63.5,HFET
386668:10207,340:340,10/07/24 18:22:40,STABLE BEAMS,6800,486777.417921531,461027.294045847,63.5,HFET
386668:10207,341:341,10/07/24 18:23:03,STABLE BEAMS,6800,486364.015241428,460708.773229739,63.5,HFET
386668:10207,342:342,10/07/24 18:23:26,STABLE BEAMS,6800,485883.095220865,461054.201678112,63.4,HFET
386668:10207,343:343,10/07/24 18:23:50,STABLE BEAMS,6800,486214.271458924,461226.072052097,63.3,HFET
386668:10207,344:344,10/07/24 18:24:13,STABLE BEAMS,6800,487265.396445992,460092.084238716,63.5,HFET
386668:10207,345:345,10/07/24 18:24:36,STABLE BEAMS,6800,483736.498820651,458822.968501299,63.1,HFET
386668:10207,346:346,10/07/24 18:25:00,STABLE BEAMS,6800,483694.248033611,452699.198870173,63.0,HFET
386668:10207,347:347,10/07/24 18:25:23,STABLE BEAMS,6800,482106.520568047,459138.939118179,63.3,HFET
386668:10207,348:348,10/07/24 18:25:46,STABLE BEAMS,6800,483980.672238036,458474.215935832,62.7,HFET
386668:10207,349:349,10/07/24 18:26:10,STABLE BEAMS,6800,489495.401144749,461618.485706737,63.9,HFET
386668:10207,350:350,10/07/24 18:26:33,STABLE BEAMS,6800,488175.973752894,461223.433271908,63.7,HFET
386668:10207,351:351,10/07/24 18:26:56,STABLE BEAMS,6800,488257.197831439,462477.387678626,63.7,HFET
386668:10207,352:352,10/07/24 18:27:20,STABLE BEAMS,6800,488501.870099496,462496.327686610,63.7,HFET
386668:10207,353:353,10/07/24 18:27:43,STABLE BEAMS,6800,487625.711157871,461281.710219550,63.7,HFET
386668:10207,354:354,10/07/24 18:28:06,STABLE BEAMS,6800,487041.349555244,461708.996799659,63.5,HFET
386668:10207,355:355,10/07/24 18:28:30,STABLE BEAMS,6800,486189.776492291,460381.147223331,63.4,HFET
386668:10207,356:356,10/07/24 18:28:53,STABLE BEAMS,6800,485005.980537299,460432.095262037,63.3,HFET
386668:10207,357:357,10/07/24 18:29:16,STABLE BEAMS,6800,484521.463663528,459918.938765117,63.2,HFET
386668:10207,358:358,10/07/24 18:29:39,STABLE BEAMS,6800,483968.014485009,459382.746556333,63.1,HFET
386668:10207,359:359,10/07/24 18:30:03,STABLE BEAMS,6800,483612.706928471,453508.064254817,63.1,HFET
386668:10207,360:360,10/07/24 18:30:26,STABLE BEAMS,6800,484192.515935948,459866.216776124,63.2,HFET
386668:10207,361:361,10/07/24 18:30:49,STABLE BEAMS,6800,483973.478531619,459355.657099991,63.1,HFET
386668:10207,362:362,10/07/24 18:31:13,STABLE BEAMS,6800,483483.313456083,459440.384788628,63.1,HFET
386668:10207,363:363,10/07/24 18:31:36,STABLE BEAMS,6800,486293.856789701,460340.672717654,63.0,HFET
386668:10207,364:364,10/07/24 18:31:59,STABLE BEAMS,6800,492084.580658289,463359.828875207,64.2,HFET
386668:10207,365:365,10/07/24 18:32:23,STABLE BEAMS,6800,492458.737310772,379908.037080913,64.2,HFET
386668:10207,366:366,10/07/24 18:32:46,STABLE BEAMS,6800,492707.645147383,231589.653236234,64.3,HFET
386668:10207,367:367,10/07/24 18:33:09,STABLE BEAMS,6800,492544.513984467,464362.192374644,64.3,HFET
386668:10207,368:368,10/07/24 18:33:33,STABLE BEAMS,6800,492807.897814872,220632.995218911,64.2,HFET
386668:10207,369:369,10/07/24 18:33:56,STABLE BEAMS,6800,492254.858906064,464306.738362346,64.3,HFET
386668:10207,370:370,10/07/24 18:34:19,STABLE BEAMS,6800,491246.714333421,272850.004436468,64.1,HFET
386668:10207,371:371,10/07/24 18:34:43,STABLE BEAMS,6800,490944.583326067,135993.901295348,64.0,HFET
386668:10207,372:372,10/07/24 18:35:06,STABLE BEAMS,6800,490023.443905174,462478.117306011,64.0,HFET
386668:10207,373:373,10/07/24 18:35:29,STABLE BEAMS,6800,489289.382810524,455460.523824891,63.9,HFET
386668:10207,374:374,10/07/24 18:35:52,STABLE BEAMS,6800,489094.838041750,462970.510892025,63.8,HFET
386668:10207,375:375,10/07/24 18:36:16,STABLE BEAMS,6800,489242.579428334,463029.834493647,63.8,HFET
386668:10207,376:376,10/07/24 18:36:39,STABLE BEAMS,6800,487974.827371492,461192.245780608,63.7,HFET
386668:10207,377:377,10/07/24 18:37:02,STABLE BEAMS,6800,487431.758482886,462308.293618427,63.6,HFET
386668:10207,378:378,10/07/24 18:37:26,STABLE BEAMS,6800,487659.950030150,400042.060465001,63.6,HFET
386668:10207,379:379,10/07/24 18:37:49,STABLE BEAMS,6800,487575.812104222,0,63.7,HFET
386661:10206,33:33,10/07/24 11:24:15,STABLE BEAMS,6800,37991.112109698,8253.291305275,1.8,HFET
386661:10206,34:34,10/07/24 11:24:38,STABLE BEAMS,6800,175301.201531043,171489.365595177,10.9,HFET
386661:10206,35:35,10/07/24 11:25:02,STABLE BEAMS,6800,347082.611559477,334142.056822336,33.0,HFET
386661:10206,36:36,10/07/24 11:25:25,STABLE BEAMS,6800,210465.284224851,206713.068170608,34.7,HFET
386661:10206,37:37,10/07/24 11:25:48,STABLE BEAMS,6800,47798.536131706,47436.627195647,12.2,HFET
386661:10206,38:38,10/07/24 11:26:12,STABLE BEAMS,6800,9248.793463384,9079.121598904,2.3,HFET
386661:10206,39:39,10/07/24 11:26:35,STABLE BEAMS,6800,249637.249536793,144292.367771518,24.2,HFET
386661:10206,40:40,10/07/24 11:26:58,STABLE BEAMS,6800,16495.423763927,16179.893091381,0.7,HFET
386661:10206,41:41,10/07/24 11:27:22,STABLE BEAMS,6800,99540.907816764,98011.468021800,3.5,HFET
386661:10206,42:42,10/07/24 11:27:45,STABLE BEAMS,6800,302415.312608321,292894.407199394,34.8,HFET
386661:10206,43:43,10/07/24 11:28:08,STABLE BEAMS,6800,317816.315412739,308256.711779500,48.1,HFET
386661:10206,44:44,10/07/24 11:28:31,STABLE BEAMS,6800,132152.687717068,106945.039703771,37.2,HFET
386661:10206,45:45,10/07/24 11:28:55,STABLE BEAMS,6800,23656.797034662,23499.040871181,4.6,HFET
386661:10206,46:46,10/07/24 11:29:18,STABLE BEAMS,6800,209982.769280785,200539.536320106,1.0,HFET
386661:10206,47:47,10/07/24 11:29:41,STABLE BEAMS,6800,369448.166498349,354815.053391149,48.1,HFET
386661:10206,48:48,10/07/24 11:30:05,STABLE BEAMS,6800,370042.749877592,357511.749210932,48.2,HFET
386661:10206,49:49,10/07/24 11:30:28,STABLE BEAMS,6800,368608.113622406,356010.458114111,48.3,HFET
386661:10206,50:50,10/07/24 11:30:51,STABLE BEAMS,6800,364610.564439520,269093.873336883,47.7,HFET
386661:10206,51:51,10/07/24 11:31:15,STABLE BEAMS,6800,366371.598223058,354022.099944289,47.5,HFET
386661:10206,52:52,10/07/24 11:31:38,STABLE BEAMS,6800,368375.255257175,355632.044913372,48.0,HFET
386661:10206,53:53,10/07/24 11:32:01,STABLE BEAMS,6800,367281.175497539,355357.049983918,48.0,HFET
386661:10206,54:54,10/07/24 11:32:25,STABLE BEAMS,6800,365249.585156879,348072.911730752,47.7,HFET
386661:10206,55:55,10/07/24 11:32:48,STABLE BEAMS,6800,364496.674966282,265086.811025064,47.6,HFET
386661:10206,56:56,10/07/24 11:33:11,STABLE BEAMS,6800,363675.743922399,351165.072586154,47.4,HFET
386661:10206,57:57,10/07/24 11:33:35,STABLE BEAMS,6800,363717.971398660,351901.000874208,47.4,HFET
386661:10206,58:58,10/07/24 11:33:58,STABLE BEAMS,6800,362553.071161172,350764.667996453,47.3,HFET
386661:10206,59:59,10/07/24 11:34:21,STABLE BEAMS,6800,362904.394905569,350864.785461424,47.3,HFET
386661:10206,60:60,10/07/24 11:34:44,STABLE BEAMS,6800,363325.968013731,351828.289892174,47.4,HFET
386661:10206,61:61,10/07/24 11:35:08,STABLE BEAMS,6800,362488.896586429,246998.851644352,47.3,HFET
386661:10206,62:62,10/07/24 11:35:31,STABLE BEAMS,6800,362180.644168495,211758.895861332,47.3,HFET
386661:10206,63:63,10/07/24 11:35:54,STABLE BEAMS,6800,361741.107773992,350593.480628295,47.2,HFET
386661:10206,64:64,10/07/24 11:36:18,STABLE BEAMS,6800,361470.166589016,349681.059438770,47.2,HFET
386661:10206,65:65,10/07/24 11:36:41,STABLE BEAMS,6800,361173.933208763,349869.638979182,47.1,HFET
386661:10206,66:66,10/07/24 11:37:04,STABLE BEAMS,6800,360786.186372090,181090.367540267,47.1,HFET
386661:10206,67:67,10/07/24 11:37:28,STABLE BEAMS,6800,360443.604169839,348992.957876107,47.0,HFET
386661:10206,68:68,10/07/24 11:37:51,STABLE BEAMS,6800,365595.922725635,348310.502184132,47.0,HFET
386661:10206,69:69,10/07/24 11:38:14,STABLE BEAMS,6800,373405.080331183,360394.842682209,48.4,HFET
386661:10206,70:70,10/07/24 11:38:38,STABLE BEAMS,6800,388229.369799583,373876.759958928,49.8,HFET
386661:10206,71:71,10/07/24 11:39:01,STABLE BEAMS,6800,402173.404622478,385558.465025748,51.2,HFET
386661:10206,72:72,10/07/24 11:39:24,STABLE BEAMS,6800,415529.933218652,398082.316276472,53.4,HFET
386661:10206,73:73,10/07/24 11:39:48,STABLE BEAMS,6800,431233.386388096,411501.266476803,55.6,HFET
386661:10206,74:74,10/07/24 11:40:11,STABLE BEAMS,6800,448010.545696282,425895.672544307,57.4,HFET
386661:10206,75:75,10/07/24 11:40:34,STABLE BEAMS,6800,458805.121768853,433520.392934881,59.1,HFET
386661:10206,76:76,10/07/24 11:40:57,STABLE BEAMS,6800,458127.423806884,406652.351696897,60.2,HFET
386661:10206,77:77,10/07/24 11:41:21,STABLE BEAMS,6800,439293.953076849,346389.388618655,58.8,HFET
386661:10206,78:78,10/07/24 11:41:44,STABLE BEAMS,6800,421546.755326544,402021.245843264,54.8,HFET
386661:10206,79:79,10/07/24 11:42:07,STABLE BEAMS,6800,430837.648616363,409404.844197431,56.0,HFET
386661:10206,80:80,10/07/24 11:42:31,STABLE BEAMS,6800,436692.616992031,413446.350516384,56.3,HFET
386661:10206,81:81,10/07/24 11:42:54,STABLE BEAMS,6800,441815.706161967,412756.043754022,57.3,HFET
386661:10206,82:82,10/07/24 11:43:17,STABLE BEAMS,6800,435882.066238061,315931.398824982,57.3,HFET
386661:10206,83:83,10/07/24 11:43:41,STABLE BEAMS,6800,438572.913383379,415924.806160482,56.6,HFET
386661:10206,84:84,10/07/24 11:44:04,STABLE BEAMS,6800,478883.532627345,425602.649058331,58.9,HFET
386661:10206,85:85,10/07/24 11:44:27,STABLE BEAMS,6800,496507.393045662,427212.139467222,64.9,HFET
386661:10206,86:86,10/07/24 11:44:51,STABLE BEAMS,6800,495807.887849884,405896.026477169,64.7,HFET
386661:10206,87:87,10/07/24 11:45:14,STABLE BEAMS,6800,495482.900623666,134762.504729523,64.7,HFET
386661:10206,88:88,10/07/24 11:45:37,STABLE BEAMS,6800,494736.864781813,404060.120802379,64.5,HFET
386661:10206,89:89,10/07/24 11:46:00,STABLE BEAMS,6800,493966.835155078,428316.853604263,64.5,HFET
386661:10206,90:90,10/07/24 11:46:24,STABLE BEAMS,6800,493411.656316752,429694.054430932,64.4,HFET
386661:10206,91:91,10/07/24 11:46:47,STABLE BEAMS,6800,492004.997658589,428840.252857501,64.3,HFET
386661:10206,92:92,10/07/24 11:47:10,STABLE BEAMS,6800,490898.782307376,430398.023640899,64.0,HFET
386661:10206,93:93,10/07/24 11:47:34,STABLE BEAMS,6800,490405.568181939,329471.091867593,64.1,HFET
386661:10206,94:94,10/07/24 11:47:57,STABLE BEAMS,6800,489462.437372085,429458.123705022,63.9,HFET
386661:10206,95:95,10/07/24 11:48:20,STABLE BEAMS,6800,488603.306954561,423504.907388864,63.8,HFET
386661:10206,96:96,10/07/24 11:48:44,STABLE BEAMS,6800,486985.939833427,430404.669544008,63.6,HFET
386661:10206,97:97,10/07/24 11:49:07,STABLE BEAMS,6800,486233.029642831,430464.450036899,63.4,HFET
386661:10206,98:98,10/07/24 11:49:30,STABLE BEAMS,6800,484961.636442300,323411.289345276,63.4,HFET
386661:10206,99:99,10/07/24 11:49:54,STABLE BEAMS,6800,483862.160237312,431659.537733265,63.1,HFET
386661:10206,100:100,10/07/24 11:50:17,STABLE BEAMS,6800,483092.174901057,430491.949762952,63.0,HFET
386661:10206,101:101,10/07/24 11:50:40,STABLE BEAMS,6800,487367.427725923,430678.435995406,63.1,HFET
386661:10206,102:102,10/07/24 11:51:04,STABLE BEAMS,6800,487569.028667517,389211.198833750,63.6,HFET
386661:10206,105:105,10/07/24 11:52:13,STABLE BEAMS,6800,486114.972202298,431368.334819134,63.2,HFET
386661:10206,106:106,10/07/24 11:52:37,STABLE BEAMS,6800,484674.440651088,429772.001013942,63.4,HFET
386661:10206,107:107,10/07/24 11:53:00,STABLE BEAMS,6800,485217.008357944,430591.566046173,63.1,HFET
386661:10206,108:108,10/07/24 11:53:23,STABLE BEAMS,6800,485300.554190083,435085.630160810,63.4,HFET
386661:10206,109:109,10/07/24 11:53:47,STABLE BEAMS,6800,483996.651777080,330104.079755332,63.2,HFET
386661:10206,110:110,10/07/24 11:54:10,STABLE BEAMS,6800,487481.021152266,407845.026727632,63.1,HFET
386661:10206,111:111,10/07/24 11:54:33,STABLE BEAMS,6800,487741.309311213,429837.061398289,63.2,HFET
386661:10206,112:112,10/07/24 11:54:57,STABLE BEAMS,6800,489318.474662786,430573.763604207,63.8,HFET
386661:10206,113:113,10/07/24 11:55:20,STABLE BEAMS,6800,489238.800751049,431495.861098119,63.7,HFET
386661:10206,114:114,10/07/24 11:55:43,STABLE BEAMS,6800,487622.753020009,430309.060383707,63.7,HFET
386661:10206,115:115,10/07/24 11:56:07,STABLE BEAMS,6800,487244.817690241,430247.139961299,63.5,HFET
386661:10206,116:116,10/07/24 11:56:30,STABLE BEAMS,6800,486492.408681394,431021.677892704,63.5,HFET
386661:10206,117:117,10/07/24 11:56:53,STABLE BEAMS,6800,484526.561730908,430900.524780712,63.4,HFET
386661:10206,118:118,10/07/24 11:57:17,STABLE BEAMS,6800,483235.773962202,431504.919666860,63.0,HFET
386661:10206,119:119,10/07/24 11:57:40,STABLE BEAMS,6800,490816.649108448,429583.374851971,63.0,HFET
386661:10206,120:120,10/07/24 11:58:03,STABLE BEAMS,6800,493155.375280725,296000.908846072,64.4,HFET
386661:10206,121:121,10/07/24 11:58:26,STABLE BEAMS,6800,492912.933854224,428570.812886696,64.3,HFET
386661:10206,122:122,10/07/24 11:58:50,STABLE BEAMS,6800,492270.885066666,429251.196250413,64.2,HFET
386661:10206,123:123,10/07/24 11:59:13,STABLE BEAMS,6800,492005.815866934,424399.185799049,64.1,HFET
386661:10206,124:124,10/07/24 11:59:36,STABLE BEAMS,6800,490669.499815653,429977.699990494,64.0,HFET
386661:10206,125:125,10/07/24 12:00:00,STABLE BEAMS,6800,488939.310854962,409169.871544539,63.9,HFET
386661:10206,126:126,10/07/24 12:00:23,STABLE BEAMS,6800,487911.769383065,337719.235733259,63.7,HFET
386661:10206,127:127,10/07/24 12:00:46,STABLE BEAMS,6800,487236.940977997,429845.075644129,63.6,HFET
386661:10206,128:128,10/07/24 12:01:10,STABLE BEAMS,6800,487510.388071722,428930.127566154,63.6,HFET
386661:10206,129:129,10/07/24 12:01:33,STABLE BEAMS,6800,487981.475605679,430099.445196274,63.6,HFET
386661:10206,130:130,10/07/24 12:01:56,STABLE BEAMS,6800,488988.435990746,430443.596213955,63.7,HFET
386661:10206,131:131,10/07/24 12:02:20,STABLE BEAMS,6800,489231.105862882,430618.473678438,63.8,HFET
386661:10206,132:132,10/07/24 12:02:43,STABLE BEAMS,6800,486937.998885219,196248.190199595,63.7,HFET
386661:10206,133:133,10/07/24 12:03:06,STABLE BEAMS,6800,484079.514603392,433848.701947115,63.3,HFET
386661:10206,134:134,10/07/24 12:03:29,STABLE BEAMS,6800,483669.480330863,451618.709294727,63.0,HFET
386661:10206,135:135,10/07/24 12:03:53,STABLE BEAMS,6800,490772.666330524,455942.357627992,64.1,HFET
386661:10206,136:136,10/07/24 12:04:16,STABLE BEAMS,6800,490289.151820252,346928.315181823,64.0,HFET
386661:10206,137:137,10/07/24 12:04:39,STABLE BEAMS,6800,490128.342410930,424480.363256036,63.9,HFET
386661:10206,138:138,10/07/24 12:05:03,STABLE BEAMS,6800,489802.812043559,430495.180636929,63.9,HFET
386661:10206,139:139,10/07/24 12:05:26,STABLE BEAMS,6800,489497.359250189,429536.524848223,63.9,HFET
386661:10206,140:140,10/07/24 12:05:49,STABLE BEAMS,6800,489302.313299666,429640.057342325,63.8,HFET
386661:10206,141:141,10/07/24 12:06:13,STABLE BEAMS,6800,489215.625174510,430158.267616145,63.7,HFET
386661:10206,142:142,10/07/24 12:06:36,STABLE BEAMS,6800,489251.684618633,430440.500542496,64.0,HFET
386661:10206,143:143,10/07/24 12:06:59,STABLE BEAMS,6800,487878.260138171,430671.286579469,63.7,HFET
386661:10206,144:144,10/07/24 12:07:23,STABLE BEAMS,6800,487605.542671831,430617.928206208,63.6,HFET
386661:10206,145:145,10/07/24 12:07:46,STABLE BEAMS,6800,487254.333150252,429718.822133680,63.6,HFET
386661:10206,146:146,10/07/24 12:08:09,STABLE BEAMS,6800,486054.373501062,431628.713890119,63.5,HFET
386661:10206,147:147,10/07/24 12:08:33,STABLE BEAMS,6800,485462.363631827,227590.625450632,63.3,HFET
386661:10206,148:148,10/07/24 12:08:56,STABLE BEAMS,6800,484874.813114625,431279.870412613,63.2,HFET
386661:10206,149:149,10/07/24 12:09:19,STABLE BEAMS,6800,483595.953471563,431409.627533155,63.2,HFET
386661:10206,150:150,10/07/24 12:09:42,STABLE BEAMS,6800,484179.541156325,424315.866081467,63.1,HFET
386661:10206,151:151,10/07/24 12:10:06,STABLE BEAMS,6800,483834.979868932,450238.091107848,63.1,HFET
386661:10206,152:152,10/07/24 12:10:29,STABLE BEAMS,6800,485198.842267825,348844.580105255,63.2,HFET
386661:10206,153:153,10/07/24 12:10:52,STABLE BEAMS,6800,485032.205163738,430345.665300060,63.3,HFET
386661:10206,154:154,10/07/24 12:11:16,STABLE BEAMS,6800,484727.071728042,431503.371831131,63.3,HFET
386661:10206,155:155,10/07/24 12:11:39,STABLE BEAMS,6800,484321.956029894,279108.153715622,63.2,HFET
386661:10206,156:156,10/07/24 12:12:02,STABLE BEAMS,6800,484601.638757016,430780.784301932,63.2,HFET
386661:10206,157:157,10/07/24 12:12:26,STABLE BEAMS,6800,484568.677315430,430722.143706137,63.2,HFET
386661:10206,158:158,10/07/24 12:12:49,STABLE BEAMS,6800,483670.119046209,429904.352624192,63.1,HFET
386661:10206,159:159,10/07/24 12:13:12,STABLE BEAMS,6800,482424.039020656,452141.698278253,63.0,HFET
386661:10206,160:160,10/07/24 12:13:36,STABLE BEAMS,6800,491834.672789256,456335.817936612,63.0,HFET
386661:10206,161:161,10/07/24 12:13:59,STABLE BEAMS,6800,492071.333142551,457429.510737316,64.2,HFET
386661:10206,162:162,10/07/24 12:14:22,STABLE BEAMS,6800,490856.669053932,456511.513609440,64.1,HFET
386661:10206,163:163,10/07/24 12:14:46,STABLE BEAMS,6800,490450.914640438,352676.494547554,64.0,HFET
386661:10206,164:164,10/07/24 12:15:09,STABLE BEAMS,6800,489679.428090012,448831.840388319,63.9,HFET
386661:10206,165:165,10/07/24 12:15:32,STABLE BEAMS,6800,488882.218094896,455768.209790894,63.8,HFET
386661:10206,166:166,10/07/24 12:15:55,STABLE BEAMS,6800,487106.181493957,455239.437403083,63.6,HFET
386661:10206,167:167,10/07/24 12:16:19,STABLE BEAMS,6800,486281.972954538,455602.393226230,63.5,HFET
386661:10206,168:168,10/07/24 12:16:42,STABLE BEAMS,6800,485565.257410583,454238.712651414,63.4,HFET
386661:10206,169:169,10/07/24 12:17:05,STABLE BEAMS,6800,485335.201000995,455178.747789809,63.3,HFET
386661:10206,170:170,10/07/24 12:17:29,STABLE BEAMS,6800,484596.449777598,453465.358907585,63.2,HFET
386661:10206,171:171,10/07/24 12:17:52,STABLE BEAMS,6800,483311.624906175,453884.680194490,63.1,HFET
386661:10206,172:172,10/07/24 12:18:15,STABLE BEAMS,6800,487490.674145874,454543.482438957,63.1,HFET
386661:10206,173:173,10/07/24 12:18:39,STABLE BEAMS,6800,491581.305600611,457879.655867368,64.1,HFET
386661:10206,174:174,10/07/24 12:19:02,STABLE BEAMS,6800,490283.687773641,457358.487455686,64.0,HFET
386661:10206,175:175,10/07/24 12:19:25,STABLE BEAMS,6800,489744.852122512,455359.588151575,63.8,HFET
386661:10206,176:176,10/07/24 12:19:49,STABLE BEAMS,6800,490084.954057871,456449.092005283,63.9,HFET
386661:10206,177:177,10/07/24 12:20:12,STABLE BEAMS,6800,489525.313536434,449527.249880216,63.9,HFET
386661:10206,178:178,10/07/24 12:20:35,STABLE BEAMS,6800,489673.054923018,455748.495865045,63.8,HFET
386661:10206,179:179,10/07/24 12:20:58,STABLE BEAMS,6800,488963.486463922,455052.860258592,63.8,HFET
386661:10206,180:180,10/07/24 12:21:22,STABLE BEAMS,6800,487293.807623506,454907.212179967,63.6,HFET
386661:10206,181:181,10/07/24 12:21:45,STABLE BEAMS,6800,486742.589286542,454746.223277646,63.5,HFET
386661:10206,182:182,10/07/24 12:22:08,STABLE BEAMS,6800,487002.331973259,455326.123197161,63.5,HFET
386661:10206,183:183,10/07/24 12:22:32,STABLE BEAMS,6800,483643.302325983,452862.875505319,63.5,HFET
386661:10206,184:184,10/07/24 12:22:55,STABLE BEAMS,6800,498091.069097825,252888.079872000,63.6,HFET
386661:10206,185:185,10/07/24 12:23:18,STABLE BEAMS,6800,497416.513428872,459261.866180456,65.2,HFET
386661:10206,186:186,10/07/24 12:23:42,STABLE BEAMS,6800,494755.713877758,457505.454924405,64.5,HFET
386661:10206,187:187,10/07/24 12:24:05,STABLE BEAMS,6800,495393.300982205,458379.424983876,64.6,HFET
386661:10206,188:188,10/07/24 12:24:28,STABLE BEAMS,6800,494372.088386823,458364.673922889,64.6,HFET
386661:10206,189:189,10/07/24 12:24:52,STABLE BEAMS,6800,494549.923989168,351663.636535385,64.5,HFET
386661:10206,190:190,10/07/24 12:25:15,STABLE BEAMS,6800,494318.044676658,451781.155120739,64.5,HFET
386661:10206,191:191,10/07/24 12:25:38,STABLE BEAMS,6800,494057.392869557,457374.103346576,64.4,HFET
386661:10206,192:192,10/07/24 12:26:02,STABLE BEAMS,6800,493334.805340358,457249.581827011,64.4,HFET
386661:10206,193:193,10/07/24 12:26:25,STABLE BEAMS,6800,493012.825204638,458243.704966052,64.3,HFET
386661:10206,194:194,10/07/24 12:26:48,STABLE BEAMS,6800,492827.886807914,458014.786122482,64.2,HFET
386661:10206,195:195,10/07/24 12:27:11,STABLE BEAMS,6800,491310.408706115,456389.041107355,64.3,HFET
386661:10206,196:196,10/07/24 12:27:35,STABLE BEAMS,6800,489969.083168414,456104.803454005,64.1,HFET
386661:10206,197:197,10/07/24 12:27:58,STABLE BEAMS,6800,490149.970151738,456125.792479467,63.9,HFET
386661:10206,198:198,10/07/24 12:28:21,STABLE BEAMS,6800,488058.373203631,455916.816007380,64.0,HFET
386661:10206,199:199,10/07/24 12:28:45,STABLE BEAMS,6800,490967.987348240,456859.536547523,63.3,HFET
386661:10206,200:200,10/07/24 12:29:08,STABLE BEAMS,6800,491855.617524238,456810.728438334,64.2,HFET
386661:10206,201:201,10/07/24 12:29:31,STABLE BEAMS,6800,491816.826056810,457741.793588949,64.1,HFET
386661:10206,202:202,10/07/24 12:29:55,STABLE BEAMS,6800,491288.326405115,456532.912904615,64.1,HFET
386661:10206,203:203,10/07/24 12:30:18,STABLE BEAMS,6800,491963.746903971,450344.264713218,64.1,HFET
386661:10206,204:204,10/07/24 12:30:41,STABLE BEAMS,6800,490525.126836643,455522.898807491,64.0,HFET
386661:10206,205:205,10/07/24 12:31:05,STABLE BEAMS,6800,490232.238553185,349440.825543045,63.9,HFET
386661:10206,206:206,10/07/24 12:31:28,STABLE BEAMS,6800,489882.395043258,456252.999400780,63.9,HFET
386661:10206,207:207,10/07/24 12:31:51,STABLE BEAMS,6800,489156.711842600,456183.887603032,63.9,HFET
386661:10206,208:208,10/07/24 12:32:15,STABLE BEAMS,6800,488695.277302251,455638.725406467,63.8,HFET
386661:10206,209:209,10/07/24 12:32:38,STABLE BEAMS,6800,488635.042249169,455694.906715072,63.7,HFET
386661:10206,210:210,10/07/24 12:33:01,STABLE BEAMS,6800,486299.728774945,454721.273750822,63.4,HFET
386661:10206,211:211,10/07/24 12:33:24,STABLE BEAMS,6800,485388.969643967,454244.813082293,63.2,HFET
386661:10206,212:212,10/07/24 12:33:48,STABLE BEAMS,6800,485680.673739849,455428.837482919,63.3,HFET
386661:10206,213:213,10/07/24 12:34:11,STABLE BEAMS,6800,485089.754815073,455009.378662417,63.4,HFET
386661:10206,214:214,10/07/24 12:34:34,STABLE BEAMS,6800,484676.671492643,455036.151092164,63.2,HFET
386661:10206,215:215,10/07/24 12:34:58,STABLE BEAMS,6800,484959.997694532,454735.842987732,63.2,HFET
386661:10206,216:216,10/07/24 12:35:21,STABLE BEAMS,6800,485262.263904404,454262.888260373,63.2,HFET
386661:10206,217:217,10/07/24 12:35:44,STABLE BEAMS,6800,484535.030536939,448092.133422980,63.3,HFET
386661:10206,218:218,10/07/24 12:36:08,STABLE BEAMS,6800,483913.469593094,285068.176779265,63.1,HFET
386661:10206,219:219,10/07/24 12:36:31,STABLE BEAMS,6800,483480.628054336,453594.705758414,63.0,HFET
386661:10206,220:220,10/07/24 12:36:54,STABLE BEAMS,6800,482357.612624656,453700.879363784,63.0,HFET
386661:10206,221:221,10/07/24 12:37:18,STABLE BEAMS,6800,489461.982811893,457235.376238254,62.9,HFET
386661:10206,222:222,10/07/24 12:37:41,STABLE BEAMS,6800,490606.486117707,457403.743002147,64.0,HFET
386661:10206,223:223,10/07/24 12:38:04,STABLE BEAMS,6800,489637.314836568,456484.969625329,63.8,HFET
386661:10206,224:224,10/07/24 12:38:27,STABLE BEAMS,6800,489388.863891226,457241.567581172,63.9,HFET
386661:10206,225:225,10/07/24 12:38:51,STABLE BEAMS,6800,488779.732254774,455756.325955731,63.7,HFET
386661:10206,226:226,10/07/24 12:39:14,STABLE BEAMS,6800,487409.995539558,455357.401600500,63.6,HFET
386661:10206,227:227,10/07/24 12:39:37,STABLE BEAMS,6800,487888.640428085,456393.456168908,63.6,HFET
386661:10206,228:228,10/07/24 12:40:01,STABLE BEAMS,6800,487664.048065108,455126.662185085,63.6,HFET
386661:10206,229:229,10/07/24 12:40:24,STABLE BEAMS,6800,487729.744833723,456705.419662868,63.5,HFET
386661:10206,230:230,10/07/24 12:40:47,STABLE BEAMS,6800,486674.932081408,449499.976268719,63.5,HFET
386661:10206,231:231,10/07/24 12:41:11,STABLE BEAMS,6800,486429.942786756,454780.779176520,63.5,HFET
386661:10206,232:232,10/07/24 12:41:34,STABLE BEAMS,6800,486516.947938507,455469.493812672,63.5,HFET
386661:10206,233:233,10/07/24 12:41:57,STABLE BEAMS,6800,485410.779208852,455172.052934064,63.4,HFET
386661:10206,234:234,10/07/24 12:42:21,STABLE BEAMS,6800,492647.181648666,458462.607167862,63.9,HFET
386661:10206,235:235,10/07/24 12:42:44,STABLE BEAMS,6800,484952.347096846,454284.422758066,64.2,HFET
386661:10206,236:236,10/07/24 12:43:07,STABLE BEAMS,6800,484903.131049023,454578.175871427,63.0,HFET
386661:10206,237:237,10/07/24 12:43:31,STABLE BEAMS,6800,494437.740864958,456023.854442653,64.4,HFET
386661:10206,238:238,10/07/24 12:43:54,STABLE BEAMS,6800,494443.887917395,458627.239544950,64.5,HFET
386661:10206,239:239,10/07/24 12:44:17,STABLE BEAMS,6800,494446.300583027,459469.977822641,64.5,HFET
386661:10206,240:240,10/07/24 12:44:40,STABLE BEAMS,6800,494731.948538510,459728.310207225,64.5,HFET
386661:10206,241:241,10/07/24 12:45:04,STABLE BEAMS,6800,494473.935511599,460199.989834970,64.5,HFET
386661:10206,242:242,10/07/24 12:45:27,STABLE BEAMS,6800,493939.563874659,352598.685498141,64.4,HFET
386661:10206,243:243,10/07/24 12:45:50,STABLE BEAMS,6800,493285.451758939,451485.991705245,64.4,HFET
386661:10206,244:244,10/07/24 12:46:14,STABLE BEAMS,6800,492938.839122990,457610.852280832,64.3,HFET
386661:10206,245:245,10/07/24 12:46:37,STABLE BEAMS,6800,493079.251600638,458456.597649021,64.2,HFET
386661:10206,246:246,10/07/24 12:47:00,STABLE BEAMS,6800,491818.646628654,457366.180012775,64.2,HFET
386661:10206,247:247,10/07/24 12:47:24,STABLE BEAMS,6800,491502.722633333,457881.658263289,64.1,HFET
386661:10206,248:248,10/07/24 12:47:47,STABLE BEAMS,6800,491636.897146505,458337.038994317,64.1,HFET
386661:10206,249:249,10/07/24 12:48:10,STABLE BEAMS,6800,491513.967753150,457927.461613058,64.1,HFET
386661:10206,250:250,10/07/24 12:48:34,STABLE BEAMS,6800,492060.451670887,456984.831984953,64.1,HFET
386661:10206,251:251,10/07/24 12:48:57,STABLE BEAMS,6800,491446.357169574,457862.718255305,64.2,HFET
386661:10206,252:252,10/07/24 12:49:20,STABLE BEAMS,6800,490989.475224374,456962.157590164,64.0,HFET
386661:10206,253:253,10/07/24 12:49:44,STABLE BEAMS,6800,490866.958431808,458247.210907222,64.1,HFET
386661:10206,254:254,10/07/24 12:50:07,STABLE BEAMS,6800,490445.042655194,454965.125479456,64.0,HFET
386661:10206,255:255,10/07/24 12:50:30,STABLE BEAMS,6800,489777.587449542,365786.917262758,63.9,HFET
386661:10206,256:256,10/07/24 12:50:53,STABLE BEAMS,6800,489163.448657748,332328.778920776,63.8,HFET
386661:10206,257:257,10/07/24 12:51:17,STABLE BEAMS,6800,488122.659670113,450129.777572961,63.8,HFET
386661:10206,258:258,10/07/24 12:51:40,STABLE BEAMS,6800,486990.492428576,456316.696104552,63.5,HFET
386661:10206,259:259,10/07/24 12:52:03,STABLE BEAMS,6800,485787.392817448,454969.724696164,63.4,HFET
386661:10206,260:260,10/07/24 12:52:27,STABLE BEAMS,6800,486065.802776034,454897.151247727,63.4,HFET
386661:10206,261:261,10/07/24 12:52:50,STABLE BEAMS,6800,485116.205556069,453293.714648157,63.4,HFET
386661:10206,262:262,10/07/24 12:53:13,STABLE BEAMS,6800,483565.173918896,453924.017134148,63.2,HFET
386661:10206,263:263,10/07/24 12:53:37,STABLE BEAMS,6800,484169.433602526,455007.420556976,63.1,HFET
386661:10206,264:264,10/07/24 12:54:00,STABLE BEAMS,6800,483689.877262538,454928.564853583,63.1,HFET
386661:10206,265:265,10/07/24 12:54:23,STABLE BEAMS,6800,484412.695568450,454461.666266623,63.2,HFET
386661:10206,266:266,10/07/24 12:54:47,STABLE BEAMS,6800,484599.363624980,454883.036571008,63.2,HFET
386661:10206,267:267,10/07/24 12:55:10,STABLE BEAMS,6800,484592.671100313,455108.631297485,63.2,HFET
386661:10206,268:268,10/07/24 12:55:33,STABLE BEAMS,6800,484279.977978968,454391.915753530,63.1,HFET
386661:10206,269:269,10/07/24 12:55:56,STABLE BEAMS,6800,483886.881318502,404398.308922777,63.2,HFET
386661:10206,270:270,10/07/24 12:56:20,STABLE BEAMS,6800,483474.208265783,332258.413003115,63.0,HFET
386661:10206,271:271,10/07/24 12:56:43,STABLE BEAMS,6800,483532.030653234,453223.008393122,63.0,HFET
386661:10206,272:272,10/07/24 12:57:06,STABLE BEAMS,6800,483477.576673357,453876.530746132,63.1,HFET
386661:10206,273:273,10/07/24 12:57:30,STABLE BEAMS,6800,491537.779713956,458426.456811701,64.1,HFET
386661:10206,274:274,10/07/24 12:57:53,STABLE BEAMS,6800,491364.496706760,458668.080029857,64.1,HFET
386661:10206,275:275,10/07/24 12:58:16,STABLE BEAMS,6800,490299.394576570,458179.008229858,64.0,HFET
386661:10206,276:276,10/07/24 12:58:40,STABLE BEAMS,6800,490059.365815701,457232.826039025,63.8,HFET
386661:10206,277:277,10/07/24 12:59:03,STABLE BEAMS,6800,488934.802550292,457110.036510344,63.9,HFET
386661:10206,278:278,10/07/24 12:59:26,STABLE BEAMS,6800,487595.115760359,456746.852241563,63.7,HFET
386661:10206,279:279,10/07/24 12:59:50,STABLE BEAMS,6800,486038.531495615,348314.872955205,63.4,HFET
386661:10206,280:280,10/07/24 13:00:13,STABLE BEAMS,6800,485556.562489995,455569.247629489,63.4,HFET
386661:10206,281:281,10/07/24 13:00:36,STABLE BEAMS,6800,485364.111029181,454813.742949184,63.2,HFET
386661:10206,282:282,10/07/24 13:01:00,STABLE BEAMS,6800,484661.691986022,454220.637473333,63.3,HFET
386661:10206,283:283,10/07/24 13:01:23,STABLE BEAMS,6800,483291.227974500,447795.741529430,63.1,HFET
386661:10206,284:284,10/07/24 13:01:46,STABLE BEAMS,6800,485718.099195624,454335.004817541,62.9,HFET
386661:10206,285:285,10/07/24 13:02:09,STABLE BEAMS,6800,492057.857181178,457732.459953015,64.2,HFET
386661:10206,286:286,10/07/24 13:02:33,STABLE BEAMS,6800,491945.217165698,457770.022942387,64.2,HFET
386661:10206,287:287,10/07/24 13:02:56,STABLE BEAMS,6800,491856.253908506,457637.261062425,64.1,HFET
386661:10206,288:288,10/07/24 13:03:19,STABLE BEAMS,6800,491350.657097234,458081.030694405,64.2,HFET
386661:10206,289:289,10/07/24 13:03:43,STABLE BEAMS,6800,491592.005248198,458267.698750935,64.1,HFET
386661:10206,290:290,10/07/24 13:04:06,STABLE BEAMS,6800,491193.992344428,458934.923179875,64.1,HFET
386661:10206,291:291,10/07/24 13:04:29,STABLE BEAMS,6800,489774.400866044,458394.495402536,64.0,HFET
386661:10206,292:292,10/07/24 13:04:53,STABLE BEAMS,6800,489088.600077275,456875.606998605,63.8,HFET
386661:10206,293:293,10/07/24 13:05:16,STABLE BEAMS,6800,488504.828237358,456814.190089024,63.8,HFET
386661:10206,294:294,10/07/24 13:05:39,STABLE BEAMS,6800,488077.858683844,457117.822310549,63.6,HFET
386661:10206,295:295,10/07/24 13:06:03,STABLE BEAMS,6800,487348.212650747,456445.359949555,63.6,HFET
386661:10206,296:296,10/07/24 13:06:26,STABLE BEAMS,6800,486861.464935420,450231.808852892,63.5,HFET
386661:10206,297:297,10/07/24 13:06:49,STABLE BEAMS,6800,486639.602264670,456342.191103606,63.4,HFET
386661:10206,298:298,10/07/24 13:07:12,STABLE BEAMS,6800,487264.258879974,456214.345466948,63.6,HFET
386661:10206,299:299,10/07/24 13:07:36,STABLE BEAMS,6800,487051.729845158,455880.756563257,63.5,HFET
386661:10206,300:300,10/07/24 13:07:59,STABLE BEAMS,6800,486805.008559622,454786.926228957,63.5,HFET
386661:10206,301:301,10/07/24 13:08:22,STABLE BEAMS,6800,486674.705966851,329784.899244176,63.5,HFET
386661:10206,302:302,10/07/24 13:08:46,STABLE BEAMS,6800,485453.029995893,48.945703393,63.4,HFET
386661:10206,303:303,10/07/24 13:09:09,STABLE BEAMS,6800,485793.448957847,267547.212470783,63.3,HFET
386661:10206,304:304,10/07/24 13:09:32,STABLE BEAMS,6800,484793.087854330,454544.118823225,63.3,HFET
386661:10206,305:305,10/07/24 13:09:56,STABLE BEAMS,6800,484787.124957048,311602.855228114,63.2,HFET
386661:10206,306:306,10/07/24 13:10:19,STABLE BEAMS,6800,484682.725301964,454121.566662342,63.2,HFET
386661:10206,307:307,10/07/24 13:10:42,STABLE BEAMS,6800,483892.846546862,453133.408751662,63.2,HFET
386661:10206,308:308,10/07/24 13:11:06,STABLE BEAMS,6800,483938.421450996,454485.067957718,63.0,HFET
386661:10206,309:309,10/07/24 13:11:29,STABLE BEAMS,6800,483381.284507230,453888.687317410,63.1,HFET
386661:10206,310:310,10/07/24 13:11:52,STABLE BEAMS,6800,486940.775199004,455799.031302962,62.9,HFET
386661:10206,311:311,10/07/24 13:12:16,STABLE BEAMS,6800,492086.084203538,450402.222303186,64.2,HFET
386661:10206,312:312,10/07/24 13:12:39,STABLE BEAMS,6800,491610.854344143,457621.507637938,64.2,HFET
386661:10206,313:313,10/07/24 13:13:02,STABLE BEAMS,6800,490757.050439634,456994.939538752,64.0,HFET
386661:10206,314:314,10/07/24 13:13:25,STABLE BEAMS,6800,490152.382817371,457486.104646710,64.0,HFET
386661:10206,315:315,10/07/24 13:13:49,STABLE BEAMS,6800,489341.102436017,457369.550751426,63.9,HFET
386661:10206,316:316,10/07/24 13:14:12,STABLE BEAMS,6800,488977.510228602,457579.848944686,63.8,HFET
386661:10206,317:317,10/07/24 13:14:35,STABLE BEAMS,6800,489612.456221782,456954.054763364,63.8,HFET
386661:10206,318:318,10/07/24 13:14:59,STABLE BEAMS,6800,489235.157276282,457025.942874897,63.8,HFET
386661:10206,319:319,10/07/24 13:15:22,STABLE BEAMS,6800,489488.752910562,456440.259551098,63.8,HFET
386661:10206,320:320,10/07/24 13:15:45,STABLE BEAMS,6800,489900.516842897,457533.409210650,63.8,HFET
386661:10206,321:321,10/07/24 13:16:09,STABLE BEAMS,6800,489413.221324262,457045.840955900,63.9,HFET
386661:10206,322:322,10/07/24 13:16:32,STABLE BEAMS,6800,488969.952874032,456919.771600606,63.8,HFET
386661:10206,323:323,10/07/24 13:16:55,STABLE BEAMS,6800,488721.909867323,457316.963964952,63.7,HFET
386661:10206,324:324,10/07/24 13:17:19,STABLE BEAMS,6800,488990.394096187,450844.215653802,63.8,HFET
386661:10206,325:325,10/07/24 13:17:42,STABLE BEAMS,6800,488591.152714361,455678.197548644,63.8,HFET
386661:10206,326:326,10/07/24 13:18:05,STABLE BEAMS,6800,487997.636968798,455941.947358281,63.6,HFET
386661:10206,327:327,10/07/24 13:18:29,STABLE BEAMS,6800,488263.069816683,456963.887249970,63.7,HFET
386661:10206,328:328,10/07/24 13:18:52,STABLE BEAMS,6800,488159.583944139,457073.839532625,63.6,HFET
386661:10206,329:329,10/07/24 13:19:15,STABLE BEAMS,6800,488020.947747855,455309.824300445,63.7,HFET
386661:10206,330:330,10/07/24 13:19:38,STABLE BEAMS,6800,487600.125246779,456631.116554625,63.6,HFET
386661:10206,331:331,10/07/24 13:20:02,STABLE BEAMS,6800,487218.865799917,327398.572461066,63.5,HFET
386661:10206,332:332,10/07/24 13:20:25,STABLE BEAMS,6800,487275.140351638,443221.273875671,63.6,HFET
386661:10206,333:333,10/07/24 13:20:48,STABLE BEAMS,6800,486297.362730871,456193.675799158,63.5,HFET
386661:10206,334:334,10/07/24 13:21:12,STABLE BEAMS,6800,485789.350922889,454737.115756269,63.4,HFET
386661:10206,335:335,10/07/24 13:21:35,STABLE BEAMS,6800,485281.705094138,455599.115730694,63.3,HFET
386661:10206,336:336,10/07/24 13:21:58,STABLE BEAMS,6800,484781.206350245,455659.532607853,63.3,HFET
386661:10206,337:337,10/07/24 13:22:22,STABLE BEAMS,6800,484720.605317932,448667.937638615,63.2,HFET
386661:10206,338:338,10/07/24 13:22:45,STABLE BEAMS,6800,484326.144976890,454628.529485267,63.2,HFET
386661:10206,339:339,10/07/24 13:23:08,STABLE BEAMS,6800,484242.144584559,455621.925328001,63.1,HFET
386661:10206,340:340,10/07/24 13:23:32,STABLE BEAMS,6800,483813.762397835,454962.938928380,63.1,HFET
386661:10206,341:341,10/07/24 13:23:55,STABLE BEAMS,6800,483774.378836618,454907.258801526,63.2,HFET
386661:10206,342:342,10/07/24 13:24:18,STABLE BEAMS,6800,484641.157520751,454035.517252532,63.0,HFET
386661:10206,343:343,10/07/24 13:24:41,STABLE BEAMS,6800,492408.700723527,457865.541190649,64.2,HFET
386661:10206,344:344,10/07/24 13:25:05,STABLE BEAMS,6800,492742.702228007,459118.495564946,64.2,HFET
386661:10206,345:345,10/07/24 13:25:28,STABLE BEAMS,6800,492124.055131543,459155.874399163,64.3,HFET
386661:10206,346:346,10/07/24 13:25:51,STABLE BEAMS,6800,492001.172359746,458465.521015244,64.2,HFET
386661:10206,347:347,10/07/24 13:26:15,STABLE BEAMS,6800,491630.978539703,459438.655128822,64.2,HFET
386661:10206,348:348,10/07/24 13:26:38,STABLE BEAMS,6800,491308.359688636,458737.555475758,64.1,HFET
386661:10206,349:349,10/07/24 13:27:01,STABLE BEAMS,6800,491019.070589465,456961.612117934,64.1,HFET
386661:10206,350:350,10/07/24 13:27:25,STABLE BEAMS,6800,489885.947605986,452051.096273293,64.0,HFET
386661:10206,351:351,10/07/24 13:27:48,STABLE BEAMS,6800,489943.676750320,457819.148078171,63.9,HFET
386661:10206,352:352,10/07/24 13:28:11,STABLE BEAMS,6800,489285.012039450,458132.887853495,63.9,HFET
386661:10206,353:353,10/07/24 13:28:35,STABLE BEAMS,6800,488905.209516280,457392.861530483,63.7,HFET
386661:10206,354:354,10/07/24 13:28:58,STABLE BEAMS,6800,488964.670651498,458175.138640535,63.8,HFET
386661:10206,355:355,10/07/24 13:29:21,STABLE BEAMS,6800,488313.106403928,458412.251222944,63.8,HFET
386661:10206,356:356,10/07/24 13:29:45,STABLE BEAMS,6800,487973.598893435,457233.693200006,63.7,HFET
386661:10206,357:357,10/07/24 13:30:08,STABLE BEAMS,6800,487259.296015113,457245.847440206,63.6,HFET
386661:10206,358:358,10/07/24 13:30:31,STABLE BEAMS,6800,486716.956753892,456648.235990764,63.5,HFET
386661:10206,359:359,10/07/24 13:30:54,STABLE BEAMS,6800,485736.447109820,456551.988115117,63.5,HFET
386661:10206,360:360,10/07/24 13:31:18,STABLE BEAMS,6800,485067.991871746,454866.054668465,63.3,HFET
386661:10206,361:361,10/07/24 13:31:41,STABLE BEAMS,6800,484224.160318517,454822.346957734,63.2,HFET
386661:10206,362:362,10/07/24 13:32:04,STABLE BEAMS,6800,484151.223221927,455238.481661142,63.2,HFET
386661:10206,363:363,10/07/24 13:32:28,STABLE BEAMS,6800,483609.473723416,449318.042631416,63.1,HFET
386661:10206,364:364,10/07/24 13:32:51,STABLE BEAMS,6800,483055.933632858,454725.917258010,63.0,HFET
386661:10206,365:365,10/07/24 13:33:14,STABLE BEAMS,6800,482683.644173777,454889.729095675,63.0,HFET
386661:10206,366:366,10/07/24 13:33:38,STABLE BEAMS,6800,482109.252591353,453395.608394491,62.9,HFET
386661:10206,367:367,10/07/24 13:34:01,STABLE BEAMS,6800,484366.300124893,455600.388499231,62.9,HFET
386661:10206,368:368,10/07/24 13:34:24,STABLE BEAMS,6800,488268.352039218,457478.955230773,63.4,HFET
386661:10206,369:369,10/07/24 13:34:48,STABLE BEAMS,6800,487818.983158108,458007.410591988,63.7,HFET
386661:10206,370:370,10/07/24 13:35:11,STABLE BEAMS,6800,486661.045850324,455345.335941260,63.5,HFET
386661:10206,371:371,10/07/24 13:35:34,STABLE BEAMS,6800,486273.459858026,455997.492282617,63.4,HFET
386661:10206,372:372,10/07/24 13:35:58,STABLE BEAMS,6800,486555.783696416,456172.094679908,63.5,HFET
386661:10206,373:373,10/07/24 13:36:21,STABLE BEAMS,6800,485590.799031196,456140.499249974,63.4,HFET
386661:10206,374:374,10/07/24 13:36:44,STABLE BEAMS,6800,485290.719372399,455408.804199398,63.3,HFET
386661:10206,375:375,10/07/24 13:37:07,STABLE BEAMS,6800,485165.057955738,456312.325333479,63.3,HFET
386661:10206,376:376,10/07/24 13:37:31,STABLE BEAMS,6800,484408.278175819,449325.602317064,63.2,HFET
386661:10206,377:377,10/07/24 13:37:54,STABLE BEAMS,6800,483798.964715289,455115.871625460,63.1,HFET
386661:10206,378:378,10/07/24 13:38:17,STABLE BEAMS,6800,483671.620260381,454744.675441917,63.1,HFET
386661:10206,379:379,10/07/24 13:38:41,STABLE BEAMS,6800,482649.498544615,453306.645137299,63.0,HFET
386661:10206,380:380,10/07/24 13:39:04,STABLE BEAMS,6800,492840.225203268,329817.769773724,64.2,HFET
386661:10206,381:381,10/07/24 13:39:27,STABLE BEAMS,6800,492290.918350187,299258.226571090,64.3,HFET
386661:10206,382:382,10/07/24 13:39:51,STABLE BEAMS,6800,491468.758828247,458206.279510277,64.1,HFET
386661:10206,383:383,10/07/24 13:40:14,STABLE BEAMS,6800,491490.976331766,458059.449575154,64.1,HFET
386661:10206,384:384,10/07/24 13:40:37,STABLE BEAMS,6800,490978.640374269,458279.172316387,64.1,HFET
386661:10206,385:385,10/07/24 13:41:01,STABLE BEAMS,6800,490025.402010615,457921.496384697,64.0,HFET
386661:10206,386:386,10/07/24 13:41:24,STABLE BEAMS,6800,489592.103580587,457819.875374477,63.9,HFET
386661:10206,387:387,10/07/24 13:41:47,STABLE BEAMS,6800,488851.168137193,456485.242361444,63.8,HFET
386661:10206,388:388,10/07/24 13:42:10,STABLE BEAMS,6800,488542.890077402,456904.153378638,63.7,HFET
386661:10206,389:389,10/07/24 13:42:34,STABLE BEAMS,6800,488710.529544988,313391.593872562,63.7,HFET
386661:10206,390:390,10/07/24 13:42:57,STABLE BEAMS,6800,488489.440792103,450664.195831459,63.8,HFET
386661:10206,391:391,10/07/24 13:43:20,STABLE BEAMS,6800,488435.898263687,456695.405352185,63.7,HFET
386661:10206,392:392,10/07/24 13:43:44,STABLE BEAMS,6800,487956.297633219,456507.187128848,63.7,HFET
386661:10206,393:393,10/07/24 13:44:07,STABLE BEAMS,6800,487600.943455123,456147.054241045,63.6,HFET
386661:10206,394:394,10/07/24 13:44:30,STABLE BEAMS,6800,487444.961708143,456018.117659927,63.6,HFET
386661:10206,395:395,10/07/24 13:44:54,STABLE BEAMS,6800,488089.880052604,401338.997617222,63.5,HFET
386661:10206,396:396,10/07/24 13:45:17,STABLE BEAMS,6800,487225.057142834,354678.055942633,63.5,HFET
386661:10206,397:397,10/07/24 13:45:40,STABLE BEAMS,6800,487338.107428026,455625.839207805,63.5,HFET
386661:10206,398:398,10/07/24 13:46:04,STABLE BEAMS,6800,487190.773980076,455510.697945732,63.6,HFET
386661:10206,399:399,10/07/24 13:46:27,STABLE BEAMS,6800,486877.262650386,455370.103644008,63.5,HFET
386661:10206,400:400,10/07/24 13:46:50,STABLE BEAMS,6800,486489.858482166,455799.397282194,63.5,HFET
386661:10206,401:401,10/07/24 13:47:14,STABLE BEAMS,6800,486537.435782220,456111.768714787,63.5,HFET
386661:10206,402:402,10/07/24 13:47:37,STABLE BEAMS,6800,486449.017997258,456442.490392654,63.5,HFET
386661:10206,403:403,10/07/24 13:48:00,STABLE BEAMS,6800,486313.113824280,448934.780788633,63.4,HFET
386661:10206,404:404,10/07/24 13:48:23,STABLE BEAMS,6800,485974.925703881,455630.438424513,63.4,HFET
386661:10206,405:405,10/07/24 13:48:47,STABLE BEAMS,6800,485367.980618504,455230.740151417,63.3,HFET
386661:10206,406:406,10/07/24 13:49:10,STABLE BEAMS,6800,484738.771408050,455338.734328631,63.3,HFET
386661:10206,407:407,10/07/24 13:49:33,STABLE BEAMS,6800,484234.540608431,454329.270365893,63.1,HFET
386661:10206,408:408,10/07/24 13:49:57,STABLE BEAMS,6800,483709.318452271,454400.384559561,63.1,HFET
386661:10206,409:409,10/07/24 13:50:20,STABLE BEAMS,6800,483845.814719038,454098.801355515,63.1,HFET
386661:10206,410:410,10/07/24 13:50:43,STABLE BEAMS,6800,484084.796825927,455024.721817192,63.1,HFET
386661:10206,411:411,10/07/24 13:51:07,STABLE BEAMS,6800,483385.289299072,454504.327323375,63.1,HFET
386661:10206,412:412,10/07/24 13:51:30,STABLE BEAMS,6800,488817.248622587,456079.490279027,63.0,HFET
386661:10206,413:413,10/07/24 13:51:53,STABLE BEAMS,6800,491584.401272069,459126.964370977,64.1,HFET
386661:10206,414:414,10/07/24 13:52:17,STABLE BEAMS,6800,492116.315952897,460060.808166456,64.1,HFET
386661:10206,415:415,10/07/24 13:52:40,STABLE BEAMS,6800,491979.183301862,288951.834157836,64.1,HFET
386661:10206,416:416,10/07/24 13:53:03,STABLE BEAMS,6800,491803.622831552,104582.523949035,64.2,HFET
386661:10206,417:417,10/07/24 13:53:26,STABLE BEAMS,6800,491297.343014454,453546.900012725,64.1,HFET
386661:10206,418:418,10/07/24 13:53:50,STABLE BEAMS,6800,491180.698207132,459118.905834658,64.0,HFET
386661:10206,419:419,10/07/24 13:54:13,STABLE BEAMS,6800,489930.382613024,458158.520386145,64.0,HFET
386661:10206,420:420,10/07/24 13:54:36,STABLE BEAMS,6800,489895.052796286,458814.499695268,63.9,HFET
386661:10206,421:421,10/07/24 13:55:00,STABLE BEAMS,6800,490361.998004804,458408.563457697,63.9,HFET
386661:10206,422:422,10/07/24 13:55:23,STABLE BEAMS,6800,489665.450946889,457447.905273070,63.9,HFET
386661:10206,423:423,10/07/24 13:55:46,STABLE BEAMS,6800,489621.971681793,458599.103434628,63.8,HFET
386661:10206,424:424,10/07/24 13:56:10,STABLE BEAMS,6800,489517.891384383,457732.096304861,63.9,HFET
386661:10206,425:425,10/07/24 13:56:33,STABLE BEAMS,6800,489210.298661496,458033.497684831,63.8,HFET
386661:10206,426:426,10/07/24 13:56:56,STABLE BEAMS,6800,489428.928127191,457132.890398131,63.8,HFET
386661:10206,427:427,10/07/24 13:57:20,STABLE BEAMS,6800,488328.859828415,456454.101491702,63.7,HFET
386661:10206,428:428,10/07/24 13:57:43,STABLE BEAMS,6800,488135.452625659,456634.030402007,63.7,HFET
386661:10206,429:429,10/07/24 13:58:06,STABLE BEAMS,6800,487260.069932977,457265.288629940,63.7,HFET
386661:10206,430:430,10/07/24 13:58:30,STABLE BEAMS,6800,486057.744239714,450609.196379353,63.4,HFET
386661:10206,431:431,10/07/24 13:58:53,STABLE BEAMS,6800,485696.928346085,456319.973600088,63.4,HFET
386661:10206,432:432,10/07/24 13:59:16,STABLE BEAMS,6800,485678.578100811,455011.336767858,63.3,HFET
386661:10206,433:433,10/07/24 13:59:39,STABLE BEAMS,6800,485917.287471586,455933.751288365,63.3,HFET
386661:10206,434:434,10/07/24 14:00:03,STABLE BEAMS,6800,484396.804610367,455599.024818656,63.3,HFET
386661:10206,435:435,10/07/24 14:00:26,STABLE BEAMS,6800,483308.118965004,454468.633858483,63.0,HFET
386661:10206,436:436,10/07/24 14:00:49,STABLE BEAMS,6800,483525.382419046,454859.954237586,63.1,HFET
386661:10206,437:437,10/07/24 14:01:13,STABLE BEAMS,6800,482620.541894871,454561.510995479,63.0,HFET
386661:10206,438:438,10/07/24 14:01:36,STABLE BEAMS,6800,490017.753744007,458220.212362919,62.9,HFET
386661:10206,439:439,10/07/24 14:01:59,STABLE BEAMS,6800,491280.724760064,459162.795369465,64.1,HFET
386661:10206,440:440,10/07/24 14:02:23,STABLE BEAMS,6800,490672.322750996,458366.904764445,64.0,HFET
386661:10206,441:441,10/07/24 14:02:46,STABLE BEAMS,6800,490045.344382098,457302.121991927,63.9,HFET
386661:10206,442:442,10/07/24 14:03:09,STABLE BEAMS,6800,490162.625573688,457392.588794368,64.0,HFET
386661:10206,443:443,10/07/24 14:03:33,STABLE BEAMS,6800,489253.777926592,451363.290757525,63.8,HFET
386661:10206,444:444,10/07/24 14:03:56,STABLE BEAMS,6800,489505.280252913,458043.649529110,63.8,HFET
386661:10206,445:445,10/07/24 14:04:19,STABLE BEAMS,6800,488383.768368483,457968.572503002,63.7,HFET
386661:10206,446:446,10/07/24 14:04:43,STABLE BEAMS,6800,486722.784448656,456854.664594700,63.6,HFET
386661:10206,447:447,10/07/24 14:05:06,STABLE BEAMS,6800,486295.996719218,456026.085284208,63.4,HFET
386661:10206,448:448,10/07/24 14:05:29,STABLE BEAMS,6800,486005.385898875,456681.381587504,63.4,HFET
386661:10206,449:449,10/07/24 14:05:52,STABLE BEAMS,6800,486048.683339894,456824.069197188,63.4,HFET
386661:10206,450:450,10/07/24 14:06:16,STABLE BEAMS,6800,485786.208629872,456782.820773648,63.4,HFET
386661:10206,451:451,10/07/24 14:06:39,STABLE BEAMS,6800,485871.302297740,456286.326821597,63.4,HFET
386661:10206,452:452,10/07/24 14:07:02,STABLE BEAMS,6800,486019.225508401,455959.383821015,63.4,HFET
386661:10206,453:453,10/07/24 14:07:26,STABLE BEAMS,6800,484808.978812413,455547.666510238,63.3,HFET
386661:10206,454:454,10/07/24 14:07:49,STABLE BEAMS,6800,484967.100488911,456486.654994654,63.2,HFET
386661:10206,455:455,10/07/24 14:08:12,STABLE BEAMS,6800,485238.041673887,455496.902626687,63.3,HFET
386661:10206,456:456,10/07/24 14:08:36,STABLE BEAMS,6800,484617.119445387,449254.576704356,63.2,HFET
386661:10206,457:457,10/07/24 14:08:59,STABLE BEAMS,6800,484143.619245798,455788.788546645,63.2,HFET
386661:10206,458:458,10/07/24 14:09:22,STABLE BEAMS,6800,483416.842769603,455345.154117183,63.1,HFET
386661:10206,459:459,10/07/24 14:09:46,STABLE BEAMS,6800,486820.990429744,457102.068886063,63.0,HFET
386661:10206,460:460,10/07/24 14:10:09,STABLE BEAMS,6800,491989.698794294,459931.232869991,64.2,HFET
386661:10206,461:461,10/07/24 14:10:32,STABLE BEAMS,6800,492825.427520723,460416.297547070,64.1,HFET
386661:10206,462:462,10/07/24 14:10:55,STABLE BEAMS,6800,494321.732441904,461329.196607566,64.5,HFET
386661:10206,463:463,10/07/24 14:11:19,STABLE BEAMS,6800,492855.794472600,459312.040301298,64.4,HFET
386661:10206,464:464,10/07/24 14:11:42,STABLE BEAMS,6800,490733.056654751,261487.752616918,64.2,HFET
386661:10206,465:465,10/07/24 14:12:05,STABLE BEAMS,6800,489499.725294264,458873.459648736,63.9,HFET
386661:10206,466:466,10/07/24 14:12:29,STABLE BEAMS,6800,488530.369857970,457790.510786099,63.8,HFET
386661:10206,467:467,10/07/24 14:12:52,STABLE BEAMS,6800,487402.710921103,458061.407680595,63.6,HFET
386661:10206,468:468,10/07/24 14:13:15,STABLE BEAMS,6800,487180.713047835,457706.783129884,63.5,HFET
386661:10206,469:469,10/07/24 14:13:39,STABLE BEAMS,6800,486897.477757984,456862.995867135,63.5,HFET
386661:10206,470:470,10/07/24 14:14:02,STABLE BEAMS,6800,486564.616150600,449448.074819150,63.4,HFET
386661:10206,471:471,10/07/24 14:14:25,STABLE BEAMS,6800,485945.241757830,455742.302191050,63.5,HFET
386661:10206,472:472,10/07/24 14:14:49,STABLE BEAMS,6800,486107.461469286,456812.094449987,63.4,HFET
386604:10200,36:36,10/05/24 08:06:58,STABLE BEAMS,6800,9875.580823758,267.128767669,0.2,HFET
386604:10200,37:37,10/05/24 08:07:21,STABLE BEAMS,6800,84873.339979471,83343.518820162,2.2,HFET
386604:10200,38:38,10/05/24 08:07:44,STABLE BEAMS,6800,302468.102198573,295629.190501078,34.7,HFET
386604:10200,39:39,10/05/24 08:08:07,STABLE BEAMS,6800,300809.486653898,294804.252334275,48.2,HFET
386604:10200,40:40,10/05/24 08:08:31,STABLE BEAMS,6800,98670.691958260,98119.018594889,32.2,HFET
386604:10200,41:41,10/05/24 08:08:54,STABLE BEAMS,6800,9154.323197815,8928.215471024,1.8,HFET
386604:10200,42:42,10/05/24 08:09:18,STABLE BEAMS,6800,196341.797663299,186358.785664262,0.2,PLTZERO
386604:10200,43:43,10/05/24 08:09:41,STABLE BEAMS,6800,36607.282163681,36248.895952553,42.3,HFET
386604:10200,44:44,10/05/24 08:10:04,STABLE BEAMS,6800,44758.366239265,44450.727594144,2.8,HFET
386604:10200,45:45,10/05/24 08:10:27,STABLE BEAMS,6800,186458.129677584,184032.636356609,12.1,HFET
386604:10200,46:46,10/05/24 08:10:51,STABLE BEAMS,6800,347635.673779064,339364.512850158,32.6,HFET
386604:10200,47:47,10/05/24 08:11:14,STABLE BEAMS,6800,240735.902675790,200126.452764569,39.3,HFET
386604:10200,48:48,10/05/24 08:11:37,STABLE BEAMS,6800,73411.618967717,72775.096932765,18.4,HFET
386604:10200,49:49,10/05/24 08:12:01,STABLE BEAMS,6800,47098.967996825,45096.477667201,3.7,HFET
386604:10200,50:50,10/05/24 08:12:24,STABLE BEAMS,6800,368649.065999052,359047.211578773,47.8,HFET
386604:10200,51:51,10/05/24 08:12:47,STABLE BEAMS,6800,370744.327401628,361656.925557584,48.3,HFET
386604:10200,52:52,10/05/24 08:13:11,STABLE BEAMS,6800,370650.310367536,361906.765825358,48.3,HFET
386604:10200,53:53,10/05/24 08:13:34,STABLE BEAMS,6800,366510.278709822,273374.772032436,48.1,HFET
386604:10200,54:54,10/05/24 08:13:57,STABLE BEAMS,6800,363293.118463885,355290.646898697,47.4,HFET
386604:10200,55:55,10/05/24 08:14:20,STABLE BEAMS,6800,366706.555469480,353330.448149976,47.5,HFET
386604:10200,56:56,10/05/24 08:14:44,STABLE BEAMS,6800,368568.662459930,360077.438452417,48.0,HFET
386604:10200,57:57,10/05/24 08:15:07,STABLE BEAMS,6800,367283.951811324,359655.566966283,48.1,HFET
386604:10200,58:58,10/05/24 08:15:30,STABLE BEAMS,6800,366475.291561536,359041.407194788,47.7,HFET
386604:10200,59:59,10/05/24 08:15:54,STABLE BEAMS,6800,364514.659232325,356620.407958908,47.7,HFET
386604:10200,60:60,10/05/24 08:16:17,STABLE BEAMS,6800,363397.995989938,355807.763896979,47.4,HFET
386604:10200,61:61,10/05/24 08:16:40,STABLE BEAMS,6800,362626.621331252,354911.664914950,47.4,HFET
386604:10200,62:62,10/05/24 08:17:04,STABLE BEAMS,6800,362028.373497541,354831.671645539,47.2,HFET
386604:10200,63:63,10/05/24 08:17:27,STABLE BEAMS,6800,362993.197318385,311574.012801188,47.3,HFET
386604:10200,64:64,10/05/24 08:17:50,STABLE BEAMS,6800,362857.612503080,315659.728012622,47.4,HFET
386604:10200,65:65,10/05/24 08:18:14,STABLE BEAMS,6800,362448.741438426,353029.387107381,47.3,HFET
386604:10200,66:66,10/05/24 08:18:37,STABLE BEAMS,6800,361909.723963220,353970.788257430,47.2,HFET
386604:10200,67:67,10/05/24 08:19:00,STABLE BEAMS,6800,361205.528638697,353750.200686294,47.1,HFET
386604:10200,68:68,10/05/24 08:19:23,STABLE BEAMS,6800,360612.129447030,348253.887295037,47.1,HFET
386604:10200,69:69,10/05/24 08:19:47,STABLE BEAMS,6800,359016.683782520,351181.075435977,46.9,HFET
386604:10200,70:70,10/05/24 08:20:10,STABLE BEAMS,6800,359973.064439191,352589.964935695,46.9,HFET
386604:10200,71:71,10/05/24 08:20:33,STABLE BEAMS,6800,359342.806243679,352008.517180451,46.9,HFET
386604:10200,72:72,10/05/24 08:20:57,STABLE BEAMS,6800,358859.769604378,351636.432856226,46.8,HFET
386604:10200,73:73,10/05/24 08:21:20,STABLE BEAMS,6800,357955.542153691,350319.986913012,46.8,HFET
386604:10200,74:74,10/05/24 08:21:43,STABLE BEAMS,6800,361718.913581252,354177.603820299,46.6,HFET
386604:10200,75:75,10/05/24 08:22:07,STABLE BEAMS,6800,370685.481670977,362289.230439497,48.0,HFET
386604:10200,76:76,10/05/24 08:22:30,STABLE BEAMS,6800,386010.155660452,377018.570442643,49.3,HFET
386604:10200,77:77,10/05/24 08:22:53,STABLE BEAMS,6800,400021.528330808,389590.546796729,50.9,HFET
386604:10200,78:78,10/05/24 08:23:17,STABLE BEAMS,6800,413461.285732525,402628.783022428,53.3,HFET
386604:10200,79:79,10/05/24 08:23:40,STABLE BEAMS,6800,428551.963790751,311189.953729761,55.2,HFET
386604:10200,80:80,10/05/24 08:24:03,STABLE BEAMS,6800,444092.332418838,410331.174928819,56.8,HFET
386604:10200,81:81,10/05/24 08:24:27,STABLE BEAMS,6800,446670.220191003,424550.067147571,58.4,HFET
386604:10200,82:82,10/05/24 08:24:50,STABLE BEAMS,6800,433347.974757588,419713.444141462,58.0,HFET
386604:10200,83:83,10/05/24 08:25:13,STABLE BEAMS,6800,411837.270377204,400921.769638276,55.1,HFET
386604:10200,84:84,10/05/24 08:25:36,STABLE BEAMS,6800,381565.559350051,372882.135638137,50.5,HFET
386604:10200,85:85,10/05/24 08:26:00,STABLE BEAMS,6800,384019.587628776,292377.949896160,49.8,HFET
386604:10200,86:86,10/05/24 08:26:23,STABLE BEAMS,6800,392775.244451752,383704.892111511,50.5,HFET
386604:10200,87:87,10/05/24 08:26:46,STABLE BEAMS,6800,386606.720455915,377612.060546348,51.2,HFET
386604:10200,88:88,10/05/24 08:27:10,STABLE BEAMS,6800,384541.441377362,375998.677237355,50.4,HFET
386604:10200,89:89,10/05/24 08:27:33,STABLE BEAMS,6800,381033.465176225,371679.924167691,49.9,HFET
386604:10200,90:90,10/05/24 08:27:56,STABLE BEAMS,6800,379669.509534216,370938.303387392,49.6,HFET
386604:10200,91:91,10/05/24 08:28:20,STABLE BEAMS,6800,387812.689623945,378806.875506600,49.4,HFET
386604:10200,92:92,10/05/24 08:28:43,STABLE BEAMS,6800,421188.718077778,408422.285535880,51.6,HFET
386604:10200,93:93,10/05/24 08:29:06,STABLE BEAMS,6800,477988.708744930,453982.839554020,58.6,HFET
386604:10200,94:94,10/05/24 08:29:30,STABLE BEAMS,6800,489473.682491902,455312.509702192,63.9,HFET
386604:10200,95:95,10/05/24 08:29:53,STABLE BEAMS,6800,489626.067385673,391943.888827474,63.8,HFET
386604:10200,96:96,10/05/24 08:30:16,STABLE BEAMS,6800,487598.258053376,423331.715293706,63.6,HFET
386604:10200,97:97,10/05/24 08:30:40,STABLE BEAMS,6800,487419.012148898,460525.109932629,63.6,HFET
386604:10200,98:98,10/05/24 08:31:03,STABLE BEAMS,6800,487027.826972314,460846.954865831,63.6,HFET
386604:10200,99:99,10/05/24 08:31:26,STABLE BEAMS,6800,486753.605960724,458252.537420237,63.4,HFET
386604:10200,100:100,10/05/24 08:31:49,STABLE BEAMS,6800,486238.265243807,460399.861116757,63.5,HFET
386604:10200,101:101,10/05/24 08:32:13,STABLE BEAMS,6800,486490.268751877,362045.103643670,63.4,HFET
386604:10200,102:102,10/05/24 08:32:36,STABLE BEAMS,6800,486323.177087599,459678.411153576,63.4,HFET
386604:10200,103:103,10/05/24 08:32:59,STABLE BEAMS,6800,486410.182239350,460789.542748092,63.4,HFET
386604:10200,104:104,10/05/24 08:33:23,STABLE BEAMS,6800,486869.250735625,459029.623219793,63.5,HFET
386604:10200,105:105,10/05/24 08:33:46,STABLE BEAMS,6800,486331.554981592,460631.556274113,63.5,HFET
386604:10200,106:106,10/05/24 08:34:09,STABLE BEAMS,6800,486097.489118005,459825.467203255,63.4,HFET
386604:10200,107:107,10/05/24 08:34:33,STABLE BEAMS,6800,485768.317606946,459613.987153497,63.4,HFET
386604:10200,108:108,10/05/24 08:34:56,STABLE BEAMS,6800,484571.863898927,452204.073260853,63.3,HFET
386604:10200,109:109,10/05/24 08:35:19,STABLE BEAMS,6800,483858.472472065,459399.910282952,63.1,HFET
386604:10200,110:110,10/05/24 08:35:43,STABLE BEAMS,6800,483021.286821946,459023.933058625,63.1,HFET
386604:10200,111:111,10/05/24 08:36:06,STABLE BEAMS,6800,485126.359731426,458885.751422533,62.9,HFET
386604:10200,112:112,10/05/24 08:36:29,STABLE BEAMS,6800,486833.965209367,460897.082365114,63.5,HFET
386604:10200,113:113,10/05/24 08:36:53,STABLE BEAMS,6800,486047.727597953,460370.857845455,63.4,HFET
386604:10200,114:114,10/05/24 08:37:16,STABLE BEAMS,6800,485414.056704388,459815.361980534,63.4,HFET
386604:10200,115:115,10/05/24 08:37:39,STABLE BEAMS,6800,484323.867513776,459928.134867455,63.3,HFET
386604:10200,116:116,10/05/24 08:38:02,STABLE BEAMS,6800,483321.550635897,459472.255285755,63.1,HFET
386604:10200,117:117,10/05/24 08:38:26,STABLE BEAMS,6800,483306.433595679,458464.565273303,63.0,HFET
386604:10200,118:118,10/05/24 08:38:49,STABLE BEAMS,6800,492655.650454697,463860.509443176,64.4,HFET
386604:10200,119:119,10/05/24 08:39:12,STABLE BEAMS,6800,491729.046987194,463123.760615700,64.1,HFET
386604:10200,120:120,10/05/24 08:39:36,STABLE BEAMS,6800,490394.050326007,456650.466832320,64.1,HFET
386604:10200,121:121,10/05/24 08:39:59,STABLE BEAMS,6800,489228.784109288,441333.464420232,63.9,HFET
386604:10200,122:122,10/05/24 08:40:22,STABLE BEAMS,6800,489179.111170196,243248.026078080,63.7,HFET
386604:10200,123:123,10/05/24 08:40:46,STABLE BEAMS,6800,489347.021042819,462072.544716593,63.9,HFET
386604:10200,124:124,10/05/24 08:41:09,STABLE BEAMS,6800,488381.581817407,460628.460602655,63.8,HFET
386604:10200,125:125,10/05/24 08:41:32,STABLE BEAMS,6800,487961.122964484,461441.971825564,63.6,HFET
386604:10200,126:126,10/05/24 08:41:56,STABLE BEAMS,6800,486791.805334365,220648.930467474,63.6,HFET
386604:10200,127:127,10/05/24 08:42:19,STABLE BEAMS,6800,488463.899171490,461875.314546072,63.2,HFET
386604:10200,128:128,10/05/24 08:42:42,STABLE BEAMS,6800,491841.593759558,464501.784312869,64.2,HFET
386604:10200,129:129,10/05/24 08:43:05,STABLE BEAMS,6800,487265.123709877,461378.275121792,63.7,HFET
386604:10200,130:130,10/05/24 08:43:29,STABLE BEAMS,6800,484907.912089808,460117.353123214,63.4,HFET
386604:10200,131:131,10/05/24 08:43:52,STABLE BEAMS,6800,478655.522904158,456337.183948265,62.8,HFET
386604:10200,132:132,10/05/24 08:44:15,STABLE BEAMS,6800,494808.573400347,464686.676088036,62.6,HFET
386604:10200,133:133,10/05/24 08:44:39,STABLE BEAMS,6800,494366.442516135,464608.822748142,65.2,HFET
386604:10200,134:134,10/05/24 08:45:02,STABLE BEAMS,6800,488963.395551883,455571.159113372,63.7,HFET
386604:10200,135:135,10/05/24 08:45:25,STABLE BEAMS,6800,490821.611973309,464210.534777179,63.9,HFET
386604:10200,136:136,10/05/24 08:45:49,STABLE BEAMS,6800,489699.505664013,462746.874270989,63.9,HFET
386604:10200,137:137,10/05/24 08:46:12,STABLE BEAMS,6800,490134.351929770,463164.281742934,63.9,HFET
386604:10200,138:138,10/05/24 08:46:35,STABLE BEAMS,6800,489724.956372587,461995.647118641,63.9,HFET
386604:10200,139:139,10/05/24 08:46:59,STABLE BEAMS,6800,489348.753033703,462163.922970495,63.8,HFET
386604:10200,140:140,10/05/24 08:47:22,STABLE BEAMS,6800,488598.253177661,462073.365256016,63.8,HFET
386604:10200,141:141,10/05/24 08:47:45,STABLE BEAMS,6800,486407.496837602,460930.225630777,63.5,HFET
386604:10200,142:142,10/05/24 08:48:09,STABLE BEAMS,6800,485554.194114843,293272.706177316,63.3,HFET
386604:10200,143:143,10/05/24 08:48:32,STABLE BEAMS,6800,485820.309968554,356906.237738467,63.3,HFET
386604:10200,144:144,10/05/24 08:48:55,STABLE BEAMS,6800,485209.814651527,461253.618399708,63.4,HFET
386604:10200,145:145,10/05/24 08:49:18,STABLE BEAMS,6800,485796.999189497,460832.840189112,63.3,HFET
386604:10200,146:146,10/05/24 08:49:42,STABLE BEAMS,6800,486725.651674480,462067.537561252,63.5,HFET
386604:10200,147:147,10/05/24 08:50:05,STABLE BEAMS,6800,486400.895224974,454592.654196299,63.5,HFET
386604:10200,148:148,10/05/24 08:50:28,STABLE BEAMS,6800,486902.531534884,461504.572922721,63.5,HFET
386604:10200,149:149,10/05/24 08:50:52,STABLE BEAMS,6800,486642.061551860,461143.164935304,63.5,HFET
386604:10200,150:150,10/05/24 08:51:15,STABLE BEAMS,6800,487229.155177792,459770.288258150,63.5,HFET
386604:10200,151:151,10/05/24 08:51:38,STABLE BEAMS,6800,488397.789802085,462235.948615625,63.6,HFET
386604:10200,152:152,10/05/24 08:52:02,STABLE BEAMS,6800,487680.848143574,460626.320673137,63.6,HFET
386604:10200,153:153,10/05/24 08:52:25,STABLE BEAMS,6800,487542.167656810,461647.579890078,63.6,HFET
386604:10200,154:154,10/05/24 08:52:48,STABLE BEAMS,6800,488068.480757430,462331.194127772,63.6,HFET
386604:10200,155:155,10/05/24 08:53:12,STABLE BEAMS,6800,487818.936536550,462600.906834692,63.7,HFET
386604:10200,156:156,10/05/24 08:53:35,STABLE BEAMS,6800,487099.034409098,461638.838347932,63.6,HFET
386604:10200,157:157,10/05/24 08:53:58,STABLE BEAMS,6800,486476.790459426,461028.704347980,63.4,HFET
386604:10200,158:158,10/05/24 08:54:21,STABLE BEAMS,6800,486108.871771419,461495.010841152,63.4,HFET
386604:10200,159:159,10/05/24 08:54:45,STABLE BEAMS,6800,485823.314727974,461061.530587048,63.4,HFET
386604:10200,160:160,10/05/24 08:55:08,STABLE BEAMS,6800,484837.616104485,453162.547225483,63.3,HFET
386604:10200,161:161,10/05/24 08:55:31,STABLE BEAMS,6800,483882.783283544,459674.814300368,63.1,HFET
386604:10200,162:162,10/05/24 08:55:55,STABLE BEAMS,6800,483527.841706237,459716.382081582,63.1,HFET
386604:10200,163:163,10/05/24 08:56:18,STABLE BEAMS,6800,483228.260898112,459822.781801508,63.0,HFET
386604:10200,164:164,10/05/24 08:56:41,STABLE BEAMS,6800,486632.499470291,462048.825998903,63.6,HFET
386604:10200,165:165,10/05/24 08:57:05,STABLE BEAMS,6800,485125.676725600,460769.327640494,63.3,HFET
386604:10200,166:166,10/05/24 08:57:28,STABLE BEAMS,6800,484672.163187974,459777.071694856,63.2,HFET
386604:10200,167:167,10/05/24 08:57:51,STABLE BEAMS,6800,483714.829120440,460273.199667675,63.1,HFET
386604:10200,168:168,10/05/24 08:58:15,STABLE BEAMS,6800,483040.681390121,459712.556782738,63.1,HFET
386604:10200,169:169,10/05/24 08:58:38,STABLE BEAMS,6800,488530.507391567,460136.568198390,62.9,HFET
386604:10200,170:170,10/05/24 08:59:01,STABLE BEAMS,6800,489867.371246156,462679.809159643,63.9,HFET
386604:10200,171:171,10/05/24 08:59:25,STABLE BEAMS,6800,490132.850715599,464271.361924050,63.9,HFET
386604:10200,172:172,10/05/24 08:59:48,STABLE BEAMS,6800,490019.210667698,464260.389540348,63.9,HFET
386604:10200,173:173,10/05/24 09:00:11,STABLE BEAMS,6800,489960.933720056,454129.807022739,63.8,HFET
386604:10200,174:174,10/05/24 09:00:34,STABLE BEAMS,6800,490145.233401434,463843.436628595,64.0,HFET
386604:10200,175:175,10/05/24 09:00:58,STABLE BEAMS,6800,490344.514920512,464297.768374565,63.8,HFET
386604:10200,176:176,10/05/24 09:01:21,STABLE BEAMS,6800,491089.639310903,463055.968208047,64.0,HFET
386604:10200,177:177,10/05/24 09:01:44,STABLE BEAMS,6800,490934.067833634,464628.445761952,64.0,HFET
386604:10200,178:178,10/05/24 09:02:08,STABLE BEAMS,6800,491382.618506399,464671.288642780,64.1,HFET
386604:10200,179:179,10/05/24 09:02:31,STABLE BEAMS,6800,492099.697698507,464409.723053141,64.1,HFET
386604:10200,180:180,10/05/24 09:02:54,STABLE BEAMS,6800,492133.708125151,465226.649305182,64.2,HFET
386604:10200,181:181,10/05/24 09:03:18,STABLE BEAMS,6800,492429.507924913,464953.794305246,64.2,HFET
386604:10200,182:182,10/05/24 09:03:41,STABLE BEAMS,6800,492344.232432967,464928.070860557,64.3,HFET
386604:10200,183:183,10/05/24 09:04:04,STABLE BEAMS,6800,490724.133288528,427179.770119424,64.1,HFET
386604:10200,184:184,10/05/24 09:04:28,STABLE BEAMS,6800,489810.642134244,462638.651648141,64.0,HFET
386604:10200,185:185,10/05/24 09:04:51,STABLE BEAMS,6800,488394.603218588,125013.898232123,63.8,HFET
386604:10200,186:186,10/05/24 09:05:14,STABLE BEAMS,6800,488015.893970956,462427.898894689,63.7,HFET
386604:10200,187:187,10/05/24 09:05:38,STABLE BEAMS,6800,487933.532326393,454218.269098181,63.6,HFET
386604:10200,188:188,10/05/24 09:06:01,STABLE BEAMS,6800,487069.394753528,461802.787719193,63.6,HFET
386604:10200,189:189,10/05/24 09:06:24,STABLE BEAMS,6800,486017.542470153,461661.874059796,63.4,HFET
386604:10200,190:190,10/05/24 09:06:47,STABLE BEAMS,6800,485322.452335929,461297.871582670,63.3,HFET
386604:10200,191:191,10/05/24 09:07:11,STABLE BEAMS,6800,484645.665825420,459430.734126099,63.3,HFET
386604:10200,192:192,10/05/24 09:07:34,STABLE BEAMS,6800,484434.048242066,459821.506701893,63.1,HFET
386604:10200,193:193,10/05/24 09:07:57,STABLE BEAMS,6800,484622.264134325,436837.899091424,63.2,HFET
386604:10200,194:194,10/05/24 09:08:21,STABLE BEAMS,6800,484575.642576212,268929.422783871,63.2,HFET
386604:10200,195:195,10/05/24 09:08:44,STABLE BEAMS,6800,484874.174399279,460675.583342518,63.3,HFET
386604:10200,196:196,10/05/24 09:09:07,STABLE BEAMS,6800,484662.603437483,459536.905400390,63.3,HFET
386604:10200,197:197,10/05/24 09:09:31,STABLE BEAMS,6800,485021.962407421,461077.239721054,63.3,HFET
386604:10200,198:198,10/05/24 09:09:54,STABLE BEAMS,6800,485065.306469999,460914.199470176,63.2,HFET
386604:10200,199:199,10/05/24 09:10:17,STABLE BEAMS,6800,485332.606511286,460714.556634023,63.3,HFET
386604:10200,200:200,10/05/24 09:10:41,STABLE BEAMS,6800,485166.151231276,453139.418270503,63.3,HFET
386604:10200,201:201,10/05/24 09:11:04,STABLE BEAMS,6800,485155.952765438,460762.861230384,63.3,HFET
386604:10200,202:202,10/05/24 09:11:27,STABLE BEAMS,6800,484705.399696753,460490.099473564,63.3,HFET
386604:10200,203:203,10/05/24 09:11:50,STABLE BEAMS,6800,483569.090129778,458912.022670529,63.1,HFET
386604:10200,204:204,10/05/24 09:12:14,STABLE BEAMS,6800,485740.999704969,460890.161394812,63.0,HFET
386604:10200,205:205,10/05/24 09:12:37,STABLE BEAMS,6800,493385.478311872,464762.617944046,64.4,HFET
386604:10200,206:206,10/05/24 09:13:00,STABLE BEAMS,6800,492080.347420812,464653.668024891,64.2,HFET
386604:10200,207:207,10/05/24 09:13:24,STABLE BEAMS,6800,491838.589000137,462472.380523285,64.2,HFET
386604:10200,208:208,10/05/24 09:13:47,STABLE BEAMS,6800,490880.662838815,463569.945244390,64.1,HFET
386604:10200,209:209,10/05/24 09:14:10,STABLE BEAMS,6800,489873.245562478,462406.590511553,63.9,HFET
386604:10200,210:210,10/05/24 09:14:34,STABLE BEAMS,6800,489403.705864251,463243.093155847,63.9,HFET
386604:10200,211:211,10/05/24 09:14:57,STABLE BEAMS,6800,488449.465137098,388631.571650349,63.8,HFET
386604:10200,212:212,10/05/24 09:15:20,STABLE BEAMS,6800,488135.909516929,426646.170069271,63.7,HFET
386604:10200,213:213,10/05/24 09:15:44,STABLE BEAMS,6800,487915.503769870,456030.500345762,63.6,HFET
386604:10200,214:214,10/05/24 09:16:07,STABLE BEAMS,6800,486908.405851206,460613.937987302,63.6,HFET
386604:10200,215:215,10/05/24 09:16:30,STABLE BEAMS,6800,486747.869177999,461919.977998745,63.5,HFET
386604:10200,216:216,10/05/24 09:16:54,STABLE BEAMS,6800,487078.681767904,461908.732878928,63.5,HFET
386604:10200,217:217,10/05/24 09:17:17,STABLE BEAMS,6800,486564.662772158,461242.918752121,63.5,HFET
386604:10200,218:218,10/05/24 09:17:40,STABLE BEAMS,6800,486536.934600470,462512.444759250,63.5,HFET
386604:10200,219:219,10/05/24 09:18:03,STABLE BEAMS,6800,486080.964106732,461309.072412006,63.4,HFET
386604:10200,220:220,10/05/24 09:18:27,STABLE BEAMS,6800,485900.123744966,461664.151522909,63.3,HFET
386604:10200,221:221,10/05/24 09:18:50,STABLE BEAMS,6800,486214.635107077,461941.969387707,63.4,HFET
386604:10200,222:222,10/05/24 09:19:13,STABLE BEAMS,6800,485394.843960289,461180.089209330,63.4,HFET
386604:10200,223:223,10/05/24 09:19:37,STABLE BEAMS,6800,484766.089310027,461292.181421502,63.2,HFET
386604:10200,224:224,10/05/24 09:20:00,STABLE BEAMS,6800,484216.556342389,460398.996286854,63.2,HFET
386604:10200,225:225,10/05/24 09:20:23,STABLE BEAMS,6800,482985.318289861,460416.752107262,63.1,HFET
386604:10200,226:226,10/05/24 09:20:47,STABLE BEAMS,6800,484760.625263416,453072.763428868,62.9,HFET
386604:10200,227:227,10/05/24 09:21:10,STABLE BEAMS,6800,491888.854033017,463549.548312715,64.2,HFET
386604:10200,228:228,10/05/24 09:21:33,STABLE BEAMS,6800,491938.524641031,463325.545712448,64.1,HFET
386604:10200,229:229,10/05/24 09:21:57,STABLE BEAMS,6800,492018.520241520,464388.326089045,64.2,HFET
386604:10200,230:230,10/05/24 09:22:20,STABLE BEAMS,6800,492066.232744093,461089.121225139,64.1,HFET
386604:10200,231:231,10/05/24 09:22:43,STABLE BEAMS,6800,492136.302614860,465405.578183066,64.2,HFET
386604:10200,232:232,10/05/24 09:23:07,STABLE BEAMS,6800,492706.777986402,464626.897926222,64.2,HFET
386604:10200,233:233,10/05/24 09:23:30,STABLE BEAMS,6800,492842.500335304,465836.188880268,64.3,HFET
386604:10200,234:234,10/05/24 09:23:53,STABLE BEAMS,6800,492936.288923761,465161.861656950,64.3,HFET
386604:10200,235:235,10/05/24 09:24:16,STABLE BEAMS,6800,493194.166748153,465872.749506141,64.3,HFET
386604:10200,236:236,10/05/24 09:24:40,STABLE BEAMS,6800,492952.907178150,464735.938757416,64.3,HFET
386604:10200,237:237,10/05/24 09:25:03,STABLE BEAMS,6800,492696.124960374,464475.468774392,64.2,HFET
386604:10200,238:238,10/05/24 09:25:26,STABLE BEAMS,6800,492803.802110992,463873.530844357,64.2,HFET
386604:10200,239:239,10/05/24 09:25:50,STABLE BEAMS,6800,492455.641639313,456748.581901369,64.3,HFET
386604:10200,240:240,10/05/24 09:26:13,STABLE BEAMS,6800,492695.441954547,465022.360630763,64.2,HFET
386604:10200,241:241,10/05/24 09:26:36,STABLE BEAMS,6800,492839.451285404,464322.081517121,64.3,HFET
386604:10200,242:242,10/05/24 09:27:00,STABLE BEAMS,6800,492595.734759288,465194.550362421,64.2,HFET
386604:10200,243:243,10/05/24 09:27:23,STABLE BEAMS,6800,492396.499861768,465372.476876805,64.2,HFET
386604:10200,244:244,10/05/24 09:27:46,STABLE BEAMS,6800,491692.395449283,464696.739351354,64.1,HFET
386604:10200,245:245,10/05/24 09:28:10,STABLE BEAMS,6800,489726.322384240,463686.179782000,64.0,HFET
386604:10200,246:246,10/05/24 09:28:33,STABLE BEAMS,6800,489007.285086691,462637.695906199,63.8,HFET
386604:10200,247:247,10/05/24 09:28:56,STABLE BEAMS,6800,489658.439064549,463615.473526966,63.9,HFET
386604:10200,248:248,10/05/24 09:29:19,STABLE BEAMS,6800,489452.511642362,462857.553849950,63.8,HFET
386604:10200,249:249,10/05/24 09:29:43,STABLE BEAMS,6800,489368.830607705,462953.347165406,63.9,HFET
386604:10200,250:250,10/05/24 09:30:06,STABLE BEAMS,6800,488730.651409470,463595.668689079,63.7,HFET
386604:10200,251:251,10/05/24 09:30:29,STABLE BEAMS,6800,487774.410617474,461648.670834538,63.7,HFET
386604:10200,252:252,10/05/24 09:30:53,STABLE BEAMS,6800,486768.312731231,455086.187679409,63.6,HFET
386604:10200,253:253,10/05/24 09:31:16,STABLE BEAMS,6800,493110.620916014,461184.686094960,63.4,HFET
386604:10200,254:254,10/05/24 09:31:39,STABLE BEAMS,6800,498068.667439152,467383.078192003,64.8,HFET
386604:10200,255:255,10/05/24 09:32:03,STABLE BEAMS,6800,495099.913848076,466241.987584243,64.6,HFET
386604:10200,256:256,10/05/24 09:32:26,STABLE BEAMS,6800,495692.198784504,465848.890923776,64.6,HFET
386604:10200,257:257,10/05/24 09:32:49,STABLE BEAMS,6800,496733.579865926,467444.679256738,64.8,HFET
386604:10200,258:258,10/05/24 09:33:13,STABLE BEAMS,6800,496084.976087297,467394.733581531,64.8,HFET
386604:10200,259:259,10/05/24 09:33:36,STABLE BEAMS,6800,495694.655740616,466901.974016285,64.6,HFET
386604:10200,260:260,10/05/24 09:33:59,STABLE BEAMS,6800,496198.751337717,467161.215521253,64.8,HFET
386604:10200,261:261,10/05/24 09:34:23,STABLE BEAMS,6800,494630.737798002,466787.196402366,64.6,HFET
386604:10200,262:262,10/05/24 09:34:46,STABLE BEAMS,6800,494296.328354888,465227.968695277,64.6,HFET
386604:10200,263:263,10/05/24 09:35:09,STABLE BEAMS,6800,494263.639649417,465255.058151619,64.4,HFET
386604:10200,264:264,10/05/24 09:35:32,STABLE BEAMS,6800,493945.347278943,358087.439203750,64.4,HFET
386604:10200,265:265,10/05/24 09:35:56,STABLE BEAMS,6800,492798.247152343,457420.086189343,64.3,HFET
386604:10200,266:266,10/05/24 09:36:19,STABLE BEAMS,6800,491727.953711656,463133.914791057,64.2,HFET
386604:10200,267:267,10/05/24 09:36:42,STABLE BEAMS,6800,490754.775307598,463785.614241145,64.1,HFET
386604:10200,268:268,10/05/24 09:37:06,STABLE BEAMS,6800,490095.014990112,462891.655188632,64.0,HFET
386604:10200,269:269,10/05/24 09:37:29,STABLE BEAMS,6800,488247.955107543,462153.815416696,63.9,HFET
386604:10200,270:270,10/05/24 09:37:52,STABLE BEAMS,6800,487284.383075534,461933.409669637,63.6,HFET
386604:10200,271:271,10/05/24 09:38:16,STABLE BEAMS,6800,486572.856510997,460863.664032259,63.5,HFET
386604:10200,272:272,10/05/24 09:38:39,STABLE BEAMS,6800,486438.593416864,461928.309271180,63.4,HFET
386604:10200,273:273,10/05/24 09:39:02,STABLE BEAMS,6800,485968.505915329,462098.587518955,63.4,HFET
386604:10200,274:274,10/05/24 09:39:26,STABLE BEAMS,6800,485088.025155267,461802.832009674,63.3,HFET
386604:10200,275:275,10/05/24 09:39:49,STABLE BEAMS,6800,485325.184359234,461525.790393819,63.3,HFET
386604:10200,276:276,10/05/24 09:40:12,STABLE BEAMS,6800,484398.489979693,459714.605800217,63.3,HFET
386604:10200,277:277,10/05/24 09:40:36,STABLE BEAMS,6800,483092.676082807,460013.046711246,63.1,HFET
386604:10200,278:278,10/05/24 09:40:59,STABLE BEAMS,6800,489033.192686535,456209.792871798,63.0,HFET
386604:10200,279:279,10/05/24 09:41:22,STABLE BEAMS,6800,489391.777738608,462101.182008664,63.9,HFET
386604:10200,280:280,10/05/24 09:41:45,STABLE BEAMS,6800,488847.753108061,463581.372188284,63.8,HFET
386604:10200,281:281,10/05/24 09:42:09,STABLE BEAMS,6800,487512.390467643,462789.808063856,63.4,HFET
386604:10200,282:282,10/05/24 09:42:32,STABLE BEAMS,6800,486777.145185416,462779.700510057,63.6,HFET
386604:10200,283:283,10/05/24 09:42:55,STABLE BEAMS,6800,485527.151280059,462002.111197673,63.4,HFET
386604:10200,284:284,10/05/24 09:43:19,STABLE BEAMS,6800,484796.321059386,461041.133655373,63.2,HFET
386604:10200,285:285,10/05/24 09:43:42,STABLE BEAMS,6800,484011.722195740,459708.232633223,63.2,HFET
386604:10200,286:286,10/05/24 09:44:05,STABLE BEAMS,6800,484209.089899857,459403.779872276,63.1,HFET
386604:10200,287:287,10/05/24 09:44:29,STABLE BEAMS,6800,484455.946387912,460861.841129336,63.2,HFET
386604:10200,288:288,10/05/24 09:44:52,STABLE BEAMS,6800,484062.896349003,460954.858131006,63.2,HFET
386604:10200,289:289,10/05/24 09:45:15,STABLE BEAMS,6800,483487.001221330,460582.568671926,63.1,HFET
386604:10200,290:290,10/05/24 09:45:39,STABLE BEAMS,6800,483373.041815755,459884.245332647,63.0,HFET
386604:10200,291:291,10/05/24 09:46:02,STABLE BEAMS,6800,483700.714443721,453818.570825085,63.1,HFET
386604:10200,292:292,10/05/24 09:46:25,STABLE BEAMS,6800,484200.940451499,460350.460913780,63.1,HFET
386604:10200,293:293,10/05/24 09:46:48,STABLE BEAMS,6800,483984.495205802,459941.202890194,63.1,HFET
386604:10200,294:294,10/05/24 09:47:12,STABLE BEAMS,6800,483793.365466160,460919.299868633,63.1,HFET
386604:10200,295:295,10/05/24 09:47:35,STABLE BEAMS,6800,483668.753034557,461387.972405880,63.1,HFET
386604:10200,296:296,10/05/24 09:47:58,STABLE BEAMS,6800,483474.982183648,459661.611075110,63.1,HFET
386604:10200,297:297,10/05/24 09:48:22,STABLE BEAMS,6800,486370.071381827,460868.398451485,63.0,HFET
386604:10200,298:298,10/05/24 09:48:45,STABLE BEAMS,6800,492525.119416292,465578.131562877,64.3,HFET
386604:10200,299:299,10/05/24 09:49:08,STABLE BEAMS,6800,492476.859110410,465117.198204278,64.2,HFET
386604:10200,300:300,10/05/24 09:49:32,STABLE BEAMS,6800,492631.111197584,464067.984701092,64.3,HFET
386604:10200,301:301,10/05/24 09:49:55,STABLE BEAMS,6800,492438.613115212,465708.208041091,64.3,HFET
386604:10200,302:302,10/05/24 09:50:18,STABLE BEAMS,6800,492677.914579774,465453.563421754,64.2,HFET
386604:10200,303:303,10/05/24 09:50:42,STABLE BEAMS,6800,491126.426051332,464724.693637599,64.2,HFET
386604:10200,304:304,10/05/24 09:51:05,STABLE BEAMS,6800,490004.550518749,457860.760149865,63.9,HFET
386604:10200,305:305,10/05/24 09:51:28,STABLE BEAMS,6800,488697.508143807,463819.671289346,63.9,HFET
386604:10200,306:306,10/05/24 09:51:52,STABLE BEAMS,6800,487188.727293674,460259.677084744,63.6,HFET
386604:10200,307:307,10/05/24 09:52:15,STABLE BEAMS,6800,486621.300972032,461454.536335476,63.5,HFET
386604:10200,308:308,10/05/24 09:52:38,STABLE BEAMS,6800,486217.413751941,461981.579063480,63.5,HFET
386604:10200,309:309,10/05/24 09:53:01,STABLE BEAMS,6800,484609.060909067,460521.422167382,63.3,HFET
386604:10200,310:310,10/05/24 09:53:25,STABLE BEAMS,6800,483747.608737950,460902.634992686,63.1,HFET
386604:10200,311:311,10/05/24 09:53:48,STABLE BEAMS,6800,483888.976957539,458676.455592772,63.0,HFET
386604:10200,312:312,10/05/24 09:54:11,STABLE BEAMS,6800,491930.603638308,464850.762992893,64.3,HFET
386604:10200,313:313,10/05/24 09:54:35,STABLE BEAMS,6800,490795.750995024,463776.007869095,64.1,HFET
386604:10200,314:314,10/05/24 09:54:58,STABLE BEAMS,6800,489583.816598633,464051.639182817,63.9,HFET
386604:10200,315:315,10/05/24 09:55:21,STABLE BEAMS,6800,489039.474941491,463428.667936839,63.8,HFET
386604:10200,316:316,10/05/24 09:55:45,STABLE BEAMS,6800,487708.984253895,462728.297911159,63.7,HFET
386604:10200,317:317,10/05/24 09:56:08,STABLE BEAMS,6800,486425.343570048,455624.930087422,63.5,HFET
386604:10200,318:318,10/05/24 09:56:31,STABLE BEAMS,6800,486915.280199950,459842.768463471,63.5,HFET
386604:10200,319:319,10/05/24 09:56:55,STABLE BEAMS,6800,487331.048924127,462677.305581972,63.5,HFET
386604:10200,320:320,10/05/24 09:57:18,STABLE BEAMS,6800,487447.875555526,463182.494454611,63.5,HFET
386604:10200,321:321,10/05/24 09:57:41,STABLE BEAMS,6800,488328.587092300,462619.529816080,63.7,HFET
386604:10200,322:322,10/05/24 09:58:04,STABLE BEAMS,6800,488990.258893668,462858.691415968,63.7,HFET
386604:10200,323:323,10/05/24 09:58:28,STABLE BEAMS,6800,488519.989568056,462686.000502560,63.8,HFET
386604:10200,324:324,10/05/24 09:58:51,STABLE BEAMS,6800,488999.499286486,462995.416128369,63.7,HFET
386604:10200,325:325,10/05/24 09:59:14,STABLE BEAMS,6800,488921.282298439,463221.556327076,63.8,HFET
386604:10200,326:326,10/05/24 09:59:38,STABLE BEAMS,6800,488948.644490896,462920.383392742,63.8,HFET
386604:10200,327:327,10/05/24 10:00:01,STABLE BEAMS,6800,489267.619867196,463655.083202739,63.8,HFET
386604:10200,328:328,10/05/24 10:00:24,STABLE BEAMS,6800,488470.500784119,463761.984104415,63.8,HFET
386604:10200,329:329,10/05/24 10:00:48,STABLE BEAMS,6800,488025.092404371,462147.530830663,63.7,HFET
386604:10200,330:330,10/05/24 10:01:11,STABLE BEAMS,6800,487637.140432843,456533.367464806,63.6,HFET
386604:10200,331:331,10/05/24 10:01:34,STABLE BEAMS,6800,488666.728591140,463396.023521848,63.6,HFET
386604:10200,332:332,10/05/24 10:01:58,STABLE BEAMS,6800,488898.745437247,463824.086350900,63.7,HFET
386604:10200,333:333,10/05/24 10:02:21,STABLE BEAMS,6800,487679.526422401,462526.787881603,63.7,HFET
386604:10200,334:334,10/05/24 10:02:44,STABLE BEAMS,6800,486092.300138587,461653.316672804,63.5,HFET
386604:10200,335:335,10/05/24 10:03:08,STABLE BEAMS,6800,484735.948472707,461194.840270317,63.3,HFET
386604:10200,336:336,10/05/24 10:03:31,STABLE BEAMS,6800,484238.272664158,460533.441205064,63.2,HFET
386604:10200,337:337,10/05/24 10:03:54,STABLE BEAMS,6800,483865.666178482,461468.240742483,63.1,HFET
386604:10200,338:338,10/05/24 10:04:17,STABLE BEAMS,6800,483272.015230401,461259.763121068,63.0,HFET
386604:10200,339:339,10/05/24 10:04:41,STABLE BEAMS,6800,485503.248407215,394309.203274344,63.0,HFET
386604:10200,340:340,10/05/24 10:05:04,STABLE BEAMS,6800,492501.990461311,465999.364333665,64.2,HFET
386604:10200,341:341,10/05/24 10:05:27,STABLE BEAMS,6800,492352.883063075,465578.632744627,64.2,HFET
386604:10200,342:342,10/05/24 10:05:51,STABLE BEAMS,6800,491686.658666557,465803.591086835,64.2,HFET
386604:10200,343:343,10/05/24 10:06:14,STABLE BEAMS,6800,491852.293407145,457670.404328088,64.1,HFET
386604:10200,344:344,10/05/24 10:06:37,STABLE BEAMS,6800,492245.117331496,465575.809809283,64.2,HFET
386604:10200,345:345,10/05/24 10:07:01,STABLE BEAMS,6800,491378.655673959,465883.630977804,64.2,HFET
386604:10200,346:346,10/05/24 10:07:24,STABLE BEAMS,6800,491242.525386424,465499.047413849,64.0,HFET
386604:10200,347:347,10/05/24 10:07:47,STABLE BEAMS,6800,491573.475509926,465595.477113573,64.1,HFET
386604:10200,348:348,10/05/24 10:08:11,STABLE BEAMS,6800,491334.174045363,463155.085640596,64.1,HFET
386604:10200,349:349,10/05/24 10:08:34,STABLE BEAMS,6800,491156.156618941,464222.556145939,64.0,HFET
386604:10200,350:350,10/05/24 10:08:57,STABLE BEAMS,6800,491339.183531783,464704.613732520,64.1,HFET
386604:10200,351:351,10/05/24 10:09:21,STABLE BEAMS,6800,490996.624640311,464149.982697502,64.0,HFET
386604:10200,352:352,10/05/24 10:09:44,STABLE BEAMS,6800,490858.307801700,462047.049717539,64.0,HFET
386604:10200,353:353,10/05/24 10:10:07,STABLE BEAMS,6800,490878.613821336,464543.853275833,64.0,HFET
386604:10200,354:354,10/05/24 10:10:30,STABLE BEAMS,6800,491251.677198282,463903.032966331,64.1,HFET
386604:10200,355:355,10/05/24 10:10:54,STABLE BEAMS,6800,491928.780735385,465958.251112643,64.1,HFET
386604:10200,356:356,10/05/24 10:11:17,STABLE BEAMS,6800,491572.701592061,458509.592374129,64.2,HFET
386604:10200,357:357,10/05/24 10:11:40,STABLE BEAMS,6800,490975.999263002,461765.089527303,64.1,HFET
386604:10200,358:358,10/05/24 10:12:04,STABLE BEAMS,6800,490048.393431999,355096.148751482,64.0,HFET
386604:10200,359:359,10/05/24 10:12:27,STABLE BEAMS,6800,489459.295079068,464434.355553370,63.8,HFET
386604:10200,360:360,10/05/24 10:12:50,STABLE BEAMS,6800,489610.633318860,463703.616244735,63.8,HFET
386604:10200,361:361,10/05/24 10:13:14,STABLE BEAMS,6800,488910.536029294,464215.726087675,63.8,HFET
386604:10200,362:362,10/05/24 10:13:37,STABLE BEAMS,6800,488966.265108785,463988.399370314,63.8,HFET
386604:10200,363:363,10/05/24 10:14:00,STABLE BEAMS,6800,489255.782653591,464177.981274227,63.8,HFET
386604:10200,364:364,10/05/24 10:14:24,STABLE BEAMS,6800,488572.576354530,463592.663929659,63.8,HFET
386604:10200,365:365,10/05/24 10:14:47,STABLE BEAMS,6800,488481.291343745,464713.539429820,63.7,HFET
386604:10200,366:366,10/05/24 10:15:10,STABLE BEAMS,6800,486829.456904697,463024.507980632,63.6,HFET
386604:10200,367:367,10/05/24 10:15:34,STABLE BEAMS,6800,485673.570945470,461811.529261340,63.4,HFET
386604:10200,368:368,10/05/24 10:15:57,STABLE BEAMS,6800,485870.892028029,462124.266673164,63.3,HFET
386604:10200,369:369,10/05/24 10:16:20,STABLE BEAMS,6800,485123.490174524,455484.608521812,63.3,HFET
386604:10200,370:370,10/05/24 10:16:44,STABLE BEAMS,6800,484450.801698974,461851.458294786,63.2,HFET
386604:10200,371:371,10/05/24 10:17:07,STABLE BEAMS,6800,484072.549342610,461426.810494866,63.2,HFET
386604:10200,372:372,10/05/24 10:17:30,STABLE BEAMS,6800,483123.271480319,461331.108091449,63.1,HFET
386604:10200,373:373,10/05/24 10:17:53,STABLE BEAMS,6800,488878.483708091,462573.271906120,63.0,HFET
386604:10200,374:374,10/05/24 10:18:17,STABLE BEAMS,6800,490870.918933170,354533.752895960,64.1,HFET
386604:10200,375:375,10/05/24 10:18:40,STABLE BEAMS,6800,489565.242569880,464870.020027472,63.9,HFET
386604:10200,376:376,10/05/24 10:19:03,STABLE BEAMS,6800,489088.280719602,460748.247702993,63.8,HFET
386604:10200,377:377,10/05/24 10:19:27,STABLE BEAMS,6800,488231.336853153,463964.270382913,63.7,HFET
386604:10200,378:378,10/05/24 10:19:50,STABLE BEAMS,6800,487248.778191602,463356.504758113,63.6,HFET
386604:10200,379:379,10/05/24 10:20:13,STABLE BEAMS,6800,486649.026812642,462085.340003217,63.5,HFET
386604:10200,380:380,10/05/24 10:20:37,STABLE BEAMS,6800,485923.751550618,462014.223478471,63.4,HFET
386604:10200,381:381,10/05/24 10:21:00,STABLE BEAMS,6800,484973.520277463,460156.417326757,63.3,HFET
386604:10200,382:382,10/05/24 10:21:23,STABLE BEAMS,6800,484806.792261338,455417.727565621,63.2,HFET
386604:10200,383:383,10/05/24 10:21:46,STABLE BEAMS,6800,484017.230532831,461706.402309950,63.2,HFET
386604:10200,384:384,10/05/24 10:22:10,STABLE BEAMS,6800,483226.759683941,460983.222686963,63.1,HFET
386604:10200,385:385,10/05/24 10:22:33,STABLE BEAMS,6800,482878.962860415,460729.170161413,63.0,HFET
386604:10200,386:386,10/05/24 10:22:56,STABLE BEAMS,6800,482042.644371276,460139.116066541,62.9,HFET
386604:10200,387:387,10/05/24 10:23:20,STABLE BEAMS,6800,484403.769871149,460930.363164374,62.8,HFET
386604:10200,388:388,10/05/24 10:23:43,STABLE BEAMS,6800,477759.379631648,456295.250187820,62.9,HFET
386604:10200,389:389,10/05/24 10:24:06,STABLE BEAMS,6800,485327.459491270,462119.121984226,62.2,HFET
386604:10200,390:390,10/05/24 10:24:30,STABLE BEAMS,6800,488117.652514772,464116.426831050,63.7,HFET
386604:10200,391:391,10/05/24 10:24:53,STABLE BEAMS,6800,486506.294912478,462819.629543503,63.6,HFET
386604:10200,392:392,10/05/24 10:25:16,STABLE BEAMS,6800,486139.285344854,460964.919063247,63.3,HFET
386604:10200,393:393,10/05/24 10:25:40,STABLE BEAMS,6800,487205.662574659,264363.174510807,63.4,HFET
386604:10200,394:394,10/05/24 10:26:03,STABLE BEAMS,6800,487373.663359321,107234.614593093,63.6,HFET
386604:10200,395:395,10/05/24 10:26:26,STABLE BEAMS,6800,487321.214106443,462052.376230553,63.5,HFET
386604:10200,396:396,10/05/24 10:26:50,STABLE BEAMS,6800,488383.859280521,457630.566206680,63.6,HFET
386604:10200,397:397,10/05/24 10:27:13,STABLE BEAMS,6800,488440.040589126,463418.970652751,63.8,HFET
386604:10200,398:398,10/05/24 10:27:36,STABLE BEAMS,6800,488354.037800874,464118.704294164,63.7,HFET
386604:10200,399:399,10/05/24 10:27:59,STABLE BEAMS,6800,488404.438036273,463931.262319769,63.7,HFET
386604:10200,400:400,10/05/24 10:28:23,STABLE BEAMS,6800,487533.015844952,462793.950389294,63.7,HFET
386604:10200,401:401,10/05/24 10:28:46,STABLE BEAMS,6800,486998.143026263,462691.692994806,63.5,HFET
386604:10200,402:402,10/05/24 10:29:09,STABLE BEAMS,6800,486864.789052513,462248.697280691,63.5,HFET
386604:10200,403:403,10/05/24 10:29:33,STABLE BEAMS,6800,486702.340895423,462963.044449493,63.5,HFET
386604:10200,404:404,10/05/24 10:29:56,STABLE BEAMS,6800,486278.877283079,209137.207135319,63.4,HFET
386604:10200,406:406,10/05/24 10:30:43,STABLE BEAMS,6800,485162.600999625,326101.432505067,63.3,HFET
386604:10200,407:407,10/05/24 10:31:06,STABLE BEAMS,6800,484883.235299098,462071.043502422,63.2,HFET
386604:10200,408:408,10/05/24 10:31:29,STABLE BEAMS,6800,484013.360943508,461159.235386386,63.2,HFET
386604:10200,409:409,10/05/24 10:31:53,STABLE BEAMS,6800,483662.878718234,459599.508828625,63.0,HFET
386604:10200,410:410,10/05/24 10:32:16,STABLE BEAMS,6800,483022.016449330,460981.490696079,63.1,HFET
386604:10200,411:411,10/05/24 10:32:39,STABLE BEAMS,6800,488539.659203425,456509.236146327,62.9,HFET
386604:10200,412:412,10/05/24 10:33:02,STABLE BEAMS,6800,490482.011219700,187614.836176233,64.0,HFET
386604:10200,413:413,10/05/24 10:33:26,STABLE BEAMS,6800,490100.434746243,463926.117630831,64.0,HFET
386604:10200,414:414,10/05/24 10:33:49,STABLE BEAMS,6800,489736.840207750,464676.796979871,63.8,HFET
386604:10200,415:415,10/05/24 10:34:12,STABLE BEAMS,6800,490183.843044786,463455.165299393,63.9,HFET
386604:10200,416:416,10/05/24 10:34:36,STABLE BEAMS,6800,489441.949528372,463959.398430090,63.9,HFET
386604:10200,417:417,10/05/24 10:34:59,STABLE BEAMS,6800,489811.735409782,464334.464202956,63.8,HFET
386604:10200,418:418,10/05/24 10:35:22,STABLE BEAMS,6800,490391.045566587,464750.827352000,63.9,HFET
386604:10200,419:419,10/05/24 10:35:46,STABLE BEAMS,6800,490280.000008394,464716.998749432,63.9,HFET
386604:10200,420:420,10/05/24 10:36:09,STABLE BEAMS,6800,490220.492251619,465173.335222402,63.8,HFET
386604:10200,421:421,10/05/24 10:36:32,STABLE BEAMS,6800,490450.504370727,463783.520933185,64.0,HFET
386604:10200,422:422,10/05/24 10:36:56,STABLE BEAMS,6800,489770.713100798,462225.204677557,63.9,HFET
386604:10200,423:423,10/05/24 10:37:19,STABLE BEAMS,6800,489359.177614097,462841.756134984,63.8,HFET
386604:10200,424:424,10/05/24 10:37:42,STABLE BEAMS,6800,489074.576312594,456515.110462649,63.8,HFET
386604:10200,425:425,10/05/24 10:38:06,STABLE BEAMS,6800,488709.436269450,464024.367902399,63.7,HFET
386604:10200,426:426,10/05/24 10:38:29,STABLE BEAMS,6800,488604.810499810,457567.053658062,63.7,HFET
386604:10200,427:427,10/05/24 10:38:52,STABLE BEAMS,6800,488408.398537634,462846.945114402,63.7,HFET
386604:10200,428:428,10/05/24 10:39:15,STABLE BEAMS,6800,489248.087765425,464264.123927153,63.7,HFET
386604:10200,429:429,10/05/24 10:39:39,STABLE BEAMS,6800,488667.320684928,464379.129986707,63.7,HFET
386604:10200,430:430,10/05/24 10:40:02,STABLE BEAMS,6800,488128.032804686,463750.603782079,63.7,HFET
386604:10200,431:431,10/05/24 10:40:25,STABLE BEAMS,6800,488399.337637815,464127.126478637,63.7,HFET
386604:10200,432:432,10/05/24 10:40:49,STABLE BEAMS,6800,488495.359398905,463662.414442752,63.8,HFET
386604:10200,433:433,10/05/24 10:41:12,STABLE BEAMS,6800,488273.951288347,463720.008384567,63.7,HFET
386604:10200,434:434,10/05/24 10:41:35,STABLE BEAMS,6800,488879.714517226,464078.092254891,63.7,HFET
386604:10200,435:435,10/05/24 10:41:59,STABLE BEAMS,6800,489916.361179422,464857.728253676,63.9,HFET
386604:10200,436:436,10/05/24 10:42:22,STABLE BEAMS,6800,490009.695207687,464996.546274036,63.9,HFET
386604:10200,437:437,10/05/24 10:42:45,STABLE BEAMS,6800,490217.806849871,456362.678947319,63.9,HFET
386604:10200,438:438,10/05/24 10:43:09,STABLE BEAMS,6800,489901.199848723,464958.209366799,63.9,HFET
386604:10200,439:439,10/05/24 10:43:32,STABLE BEAMS,6800,489756.917781752,464044.811455632,63.9,HFET
386604:10200,440:440,10/05/24 10:43:55,STABLE BEAMS,6800,490118.736038880,465077.269170831,63.9,HFET
386604:10200,441:441,10/05/24 10:44:19,STABLE BEAMS,6800,490389.404487741,464633.634741370,64.0,HFET
386604:10200,442:442,10/05/24 10:44:42,STABLE BEAMS,6800,489454.015187611,463452.890167357,63.9,HFET
386604:10200,443:443,10/05/24 10:45:05,STABLE BEAMS,6800,488791.660380417,464286.022072999,63.8,HFET
386604:10200,444:444,10/05/24 10:45:28,STABLE BEAMS,6800,487785.383001176,461339.485985442,63.7,HFET
386604:10200,445:445,10/05/24 10:45:52,STABLE BEAMS,6800,486974.375355937,462267.772491193,63.6,HFET
386604:10200,446:446,10/05/24 10:46:15,STABLE BEAMS,6800,487061.154393131,462485.355302908,63.5,HFET
386604:10200,447:447,10/05/24 10:46:38,STABLE BEAMS,6800,486995.138266842,462850.588589168,63.5,HFET
386604:10200,448:448,10/05/24 10:47:02,STABLE BEAMS,6800,486716.546484180,462929.262468484,63.5,HFET
386604:10200,449:449,10/05/24 10:47:25,STABLE BEAMS,6800,486268.632195684,463246.279739344,63.5,HFET
386604:10200,450:450,10/05/24 10:47:48,STABLE BEAMS,6800,485151.127434174,455226.460292382,63.4,HFET
386604:10200,451:451,10/05/24 10:48:12,STABLE BEAMS,6800,484425.989705746,460528.387428164,63.2,HFET
386604:10200,452:452,10/05/24 10:48:35,STABLE BEAMS,6800,484163.787731838,461624.632759175,63.1,HFET
386604:10200,453:453,10/05/24 10:48:58,STABLE BEAMS,6800,483965.827933933,460848.183343887,63.2,HFET
386604:10200,454:454,10/05/24 10:49:22,STABLE BEAMS,6800,483372.405431487,460948.573544973,63.1,HFET
386604:10200,455:455,10/05/24 10:49:45,STABLE BEAMS,6800,485070.859097570,460820.683617834,63.0,HFET
386604:10200,456:456,10/05/24 10:50:08,STABLE BEAMS,6800,492475.901037391,463951.521717847,64.3,HFET
386604:10200,457:457,10/05/24 10:50:31,STABLE BEAMS,6800,491783.771372108,464011.574946853,64.1,HFET
386604:10200,458:458,10/05/24 10:50:55,STABLE BEAMS,6800,491244.802849538,465552.317206150,64.1,HFET
386604:10200,459:459,10/05/24 10:51:18,STABLE BEAMS,6800,490417.405395544,465171.239583365,64.0,HFET
386604:10200,460:460,10/05/24 10:51:41,STABLE BEAMS,6800,490067.515264059,465281.420311654,64.0,HFET
386604:10200,461:461,10/05/24 10:52:05,STABLE BEAMS,6800,490081.902676893,464838.014327827,63.9,HFET
386604:10200,462:462,10/05/24 10:52:28,STABLE BEAMS,6800,490002.182143597,462026.652785864,64.0,HFET
386604:10200,463:463,10/05/24 10:52:51,STABLE BEAMS,6800,489055.820459765,458361.214603277,63.8,HFET
386604:10200,464:464,10/05/24 10:53:15,STABLE BEAMS,6800,488651.341145885,464660.269637520,63.7,HFET
386604:10200,465:465,10/05/24 10:53:38,STABLE BEAMS,6800,488438.767820589,464402.622589840,63.7,HFET
386604:10200,466:466,10/05/24 10:54:01,STABLE BEAMS,6800,487304.278825458,463506.658810329,63.6,HFET
386604:10200,467:467,10/05/24 10:54:25,STABLE BEAMS,6800,487032.971661251,463003.747400804,63.5,HFET
386604:10200,468:468,10/05/24 10:54:48,STABLE BEAMS,6800,487715.905224197,462144.162423089,63.6,HFET
386604:10200,469:469,10/05/24 10:55:11,STABLE BEAMS,6800,487379.901323796,462913.555665556,63.6,HFET
386604:10200,470:470,10/05/24 10:55:35,STABLE BEAMS,6800,487569.210491594,464025.095198706,63.6,HFET
386604:10200,471:471,10/05/24 10:55:58,STABLE BEAMS,6800,488432.301410479,464558.739539339,63.6,HFET
386604:10200,472:472,10/05/24 10:56:21,STABLE BEAMS,6800,488167.642480459,462648.668289901,63.7,HFET
386604:10200,473:473,10/05/24 10:56:44,STABLE BEAMS,6800,488142.420217520,462968.370962508,63.7,HFET
386604:10200,474:474,10/05/24 10:57:08,STABLE BEAMS,6800,488139.322214983,464111.829945420,63.7,HFET
386604:10200,475:475,10/05/24 10:57:31,STABLE BEAMS,6800,485482.121848155,463017.771165485,63.0,HFET
386604:10200,476:476,10/05/24 10:57:54,STABLE BEAMS,6800,489912.582502137,458587.175308985,63.7,HFET
386604:10200,477:477,10/05/24 10:58:18,STABLE BEAMS,6800,491138.172352899,466422.417676297,64.1,HFET
386604:10200,478:478,10/05/24 10:58:41,STABLE BEAMS,6800,489393.917668125,465091.929319780,63.9,HFET
386604:10200,479:479,10/05/24 10:59:04,STABLE BEAMS,6800,489391.549292973,464906.035181115,63.8,HFET
386604:10200,480:480,10/05/24 10:59:28,STABLE BEAMS,6800,488357.954011756,463069.036230786,63.8,HFET
386604:10200,481:481,10/05/24 10:59:51,STABLE BEAMS,6800,487591.747352786,463914.825889456,63.6,HFET
386604:10200,482:482,10/05/24 11:00:14,STABLE BEAMS,6800,488006.334220465,463274.597673742,63.6,HFET
386604:10200,483:483,10/05/24 11:00:38,STABLE BEAMS,6800,487379.355851566,462071.087792902,63.6,HFET
386604:10200,484:484,10/05/24 11:01:01,STABLE BEAMS,6800,487408.403413349,463772.912197637,63.5,HFET
386604:10200,485:485,10/05/24 11:01:24,STABLE BEAMS,6800,487332.825205491,463825.953544302,63.6,HFET
386604:10200,486:486,10/05/24 11:01:48,STABLE BEAMS,6800,486579.686569260,462980.937803497,63.5,HFET
386604:10200,487:487,10/05/24 11:02:11,STABLE BEAMS,6800,484590.302725161,460220.340145086,63.1,HFET
386604:10200,488:488,10/05/24 11:02:34,STABLE BEAMS,6800,483313.310275500,460504.393643281,63.1,HFET
386604:10200,489:489,10/05/24 11:02:57,STABLE BEAMS,6800,482724.894928396,452979.748758276,63.0,HFET
386604:10200,490:490,10/05/24 11:03:21,STABLE BEAMS,6800,479516.658048681,458994.340024612,62.9,HFET
386604:10200,491:491,10/05/24 11:03:44,STABLE BEAMS,6800,481737.874583733,460226.121218292,62.8,HFET
386604:10200,492:492,10/05/24 11:04:07,STABLE BEAMS,6800,481254.630478499,458903.372040422,62.8,HFET
386604:10200,493:493,10/05/24 11:04:31,STABLE BEAMS,6800,485525.738646848,463118.434102685,62.7,HFET
386604:10200,494:494,10/05/24 11:04:54,STABLE BEAMS,6800,492372.916346597,466871.970712562,63.8,HFET
386604:10200,495:495,10/05/24 11:05:17,STABLE BEAMS,6800,493206.411900392,467145.508718324,64.4,HFET
386604:10200,496:496,10/05/24 11:05:41,STABLE BEAMS,6800,493050.430153412,465019.309249785,64.3,HFET
386604:10200,497:497,10/05/24 11:06:04,STABLE BEAMS,6800,492446.718273090,467007.054346117,64.2,HFET
386604:10200,498:498,10/05/24 11:06:27,STABLE BEAMS,6800,492225.767053801,466524.129598556,64.2,HFET
386604:10200,499:499,10/05/24 11:06:51,STABLE BEAMS,6800,492768.651787253,466599.707806413,64.2,HFET
386604:10200,500:500,10/05/24 11:07:14,STABLE BEAMS,6800,491461.245764157,465730.288011014,64.1,HFET
386604:10200,501:501,10/05/24 11:07:37,STABLE BEAMS,6800,492093.277909955,466602.850099430,64.2,HFET
386604:10200,502:502,10/05/24 11:08:00,STABLE BEAMS,6800,492814.636961098,459588.398911327,64.2,HFET
386604:10200,503:503,10/05/24 11:08:24,STABLE BEAMS,6800,490821.747175828,466192.316976229,64.0,HFET
386604:10200,504:504,10/05/24 11:08:47,STABLE BEAMS,6800,490731.145170868,465072.215393932,64.0,HFET
386604:10200,505:505,10/05/24 11:09:10,STABLE BEAMS,6800,490225.730183673,464469.002364282,63.9,HFET
386604:10200,506:506,10/05/24 11:09:34,STABLE BEAMS,6800,490103.665620220,464855.315588043,63.9,HFET
386604:10200,507:507,10/05/24 11:09:57,STABLE BEAMS,6800,490335.225575058,465668.232386087,64.0,HFET
386604:10200,508:508,10/05/24 11:10:20,STABLE BEAMS,6800,489399.836274928,463343.163999259,63.9,HFET
386604:10200,509:509,10/05/24 11:10:44,STABLE BEAMS,6800,489190.130175456,464417.783920539,63.8,HFET
386604:10200,510:510,10/05/24 11:11:07,STABLE BEAMS,6800,488645.786187236,463779.285364631,63.8,HFET
386604:10200,511:511,10/05/24 11:11:30,STABLE BEAMS,6800,488589.103696882,463909.270930807,63.7,HFET
386604:10200,512:512,10/05/24 11:11:54,STABLE BEAMS,6800,487832.139761808,463388.421876798,63.6,HFET
386604:10200,513:513,10/05/24 11:12:17,STABLE BEAMS,6800,487599.805889105,462839.660495946,63.6,HFET
386604:10200,514:514,10/05/24 11:12:40,STABLE BEAMS,6800,486870.024653489,457071.790515146,63.6,HFET
386604:10200,515:515,10/05/24 11:13:04,STABLE BEAMS,6800,487539.435633504,355174.365739529,63.6,HFET
386604:10200,516:516,10/05/24 11:13:27,STABLE BEAMS,6800,486994.772287611,463270.865618015,63.5,HFET
386604:10200,517:517,10/05/24 11:13:50,STABLE BEAMS,6800,485638.604776885,461985.903212995,63.4,HFET
386604:10200,518:518,10/05/24 11:14:13,STABLE BEAMS,6800,485439.826770635,462476.387646205,63.3,HFET
386604:10200,519:519,10/05/24 11:14:37,STABLE BEAMS,6800,484639.609685021,456982.964791550,63.3,HFET
386604:10200,520:520,10/05/24 11:15:00,STABLE BEAMS,6800,484332.154495731,461318.678784056,63.2,HFET
386604:10200,521:521,10/05/24 11:15:23,STABLE BEAMS,6800,483932.910782827,461254.163871938,63.2,HFET
386604:10200,522:522,10/05/24 11:15:47,STABLE BEAMS,6800,485346.947302561,461606.557581094,63.0,HFET
386604:10200,523:523,10/05/24 11:16:10,STABLE BEAMS,6800,492658.473390041,466513.614106123,64.3,HFET
386604:10200,524:524,10/05/24 11:16:33,STABLE BEAMS,6800,492068.510207207,465846.249812509,64.2,HFET
386604:10200,525:525,10/05/24 11:16:57,STABLE BEAMS,6800,490584.224323707,465056.098321292,64.1,HFET
386604:10200,526:526,10/05/24 11:17:20,STABLE BEAMS,6800,490797.070385118,464979.107480224,64.0,HFET
386604:10200,527:527,10/05/24 11:17:43,STABLE BEAMS,6800,490526.401936257,464934.215581916,64.0,HFET
386604:10200,528:528,10/05/24 11:18:07,STABLE BEAMS,6800,489474.230295209,364296.164969148,63.9,HFET
386604:10200,529:529,10/05/24 11:18:30,STABLE BEAMS,6800,488652.205975788,311083.325564200,63.8,HFET
386604:10200,530:530,10/05/24 11:18:53,STABLE BEAMS,6800,487829.181623945,463921.562704603,63.7,HFET
386604:10200,531:531,10/05/24 11:19:17,STABLE BEAMS,6800,487075.404272368,462656.225644471,63.6,HFET
386604:10200,532:532,10/05/24 11:19:40,STABLE BEAMS,6800,487231.341728868,462807.974153975,63.5,HFET
386604:10200,533:533,10/05/24 11:20:03,STABLE BEAMS,6800,486033.202651523,461970.741882297,63.4,HFET
386604:10200,534:534,10/05/24 11:20:26,STABLE BEAMS,6800,485179.673814207,460985.817176672,63.3,HFET
386604:10200,535:535,10/05/24 11:20:50,STABLE BEAMS,6800,484162.330808147,461054.793771900,63.2,HFET
386604:10200,536:536,10/05/24 11:21:13,STABLE BEAMS,6800,483429.770927668,461182.912144674,63.1,HFET
386604:10200,537:537,10/05/24 11:21:36,STABLE BEAMS,6800,486594.666075882,439188.418186825,63.0,HFET
386604:10200,538:538,10/05/24 11:22:00,STABLE BEAMS,6800,492259.959304522,451336.201301183,64.3,HFET
386604:10200,539:539,10/05/24 11:22:23,STABLE BEAMS,6800,491757.730900823,466810.052621231,64.2,HFET
386604:10200,540:540,10/05/24 11:22:46,STABLE BEAMS,6800,491001.268147499,465993.126369190,64.1,HFET
386604:10200,541:541,10/05/24 11:23:10,STABLE BEAMS,6800,489262.384266220,385480.108173027,63.9,HFET
386604:10200,542:542,10/05/24 11:23:33,STABLE BEAMS,6800,488531.281309432,420632.991436145,63.8,HFET
386604:10200,543:543,10/05/24 11:23:56,STABLE BEAMS,6800,487437.313441535,464243.043989652,63.7,HFET
386604:10200,544:544,10/05/24 11:24:20,STABLE BEAMS,6800,485961.449742509,461889.154155598,63.4,HFET
386604:10200,545:545,10/05/24 11:24:43,STABLE BEAMS,6800,485182.769485665,462547.912109584,63.3,HFET
386604:10200,546:546,10/05/24 11:25:06,STABLE BEAMS,6800,484512.584587786,462796.272142888,63.2,HFET
386604:10200,547:547,10/05/24 11:25:29,STABLE BEAMS,6800,484105.375581678,460079.701552881,63.1,HFET
386604:10200,548:548,10/05/24 11:25:53,STABLE BEAMS,6800,484995.828693020,462166.743574761,63.1,HFET
386604:10200,549:549,10/05/24 11:26:16,STABLE BEAMS,6800,485287.031607152,461016.550107780,63.3,HFET
386604:10200,550:550,10/05/24 11:26:39,STABLE BEAMS,6800,485292.586565801,462507.756961581,63.3,HFET
386604:10200,551:551,10/05/24 11:27:03,STABLE BEAMS,6800,485762.305757027,461201.078234793,63.3,HFET
386604:10200,552:552,10/05/24 11:27:26,STABLE BEAMS,6800,485582.514380319,462894.569036014,63.3,HFET
386604:10200,553:553,10/05/24 11:27:49,STABLE BEAMS,6800,485972.149390095,463342.709439068,63.4,HFET
386604:10200,554:554,10/05/24 11:28:13,STABLE BEAMS,6800,486267.585541704,456702.233079371,63.4,HFET
386604:10200,555:555,10/05/24 11:28:36,STABLE BEAMS,6800,486096.078815873,462734.260808442,63.4,HFET
386604:10200,556:556,10/05/24 11:28:59,STABLE BEAMS,6800,486417.877127516,463138.740122322,63.4,HFET
386604:10200,557:557,10/05/24 11:29:23,STABLE BEAMS,6800,486716.091923989,462858.465301411,63.5,HFET
386604:10200,558:558,10/05/24 11:29:46,STABLE BEAMS,6800,487087.332398012,463877.356143200,63.5,HFET
386604:10200,559:559,10/05/24 11:30:09,STABLE BEAMS,6800,487449.106364660,463247.417305362,63.5,HFET
386604:10200,560:560,10/05/24 11:30:33,STABLE BEAMS,6800,486812.747738269,463211.677218912,63.5,HFET
386604:10200,561:561,10/05/24 11:30:56,STABLE BEAMS,6800,486982.753249930,462616.296611025,63.5,HFET
386604:10200,562:562,10/05/24 11:31:19,STABLE BEAMS,6800,486945.192591636,463119.709202300,63.5,HFET
386604:10200,563:563,10/05/24 11:31:42,STABLE BEAMS,6800,486420.061347514,463819.351931673,63.5,HFET
386604:10200,564:564,10/05/24 11:32:06,STABLE BEAMS,6800,486161.367645854,463247.918487111,63.4,HFET
386604:10200,565:565,10/05/24 11:32:29,STABLE BEAMS,6800,485714.045451146,461955.899909271,63.4,HFET
386604:10200,566:566,10/05/24 11:32:52,STABLE BEAMS,6800,485442.330348306,463002.428010710,63.3,HFET
386604:10200,567:567,10/05/24 11:33:16,STABLE BEAMS,6800,485253.613274296,456032.549363241,63.3,HFET
386604:10200,568:568,10/05/24 11:33:39,STABLE BEAMS,6800,484444.155795865,461101.778978167,63.2,HFET
386604:10200,569:569,10/05/24 11:34:02,STABLE BEAMS,6800,484332.655677481,462426.532883036,63.1,HFET
386604:10200,570:570,10/05/24 11:34:26,STABLE BEAMS,6800,484105.009602447,460400.133852872,63.2,HFET
386604:10200,571:571,10/05/24 11:34:49,STABLE BEAMS,6800,483014.638587759,460467.243254699,63.1,HFET
386604:10200,572:572,10/05/24 11:35:12,STABLE BEAMS,6800,486337.154230721,462407.683787091,62.9,HFET
386604:10200,573:573,10/05/24 11:35:36,STABLE BEAMS,6800,490809.728138146,466159.898675795,64.0,HFET
386604:10200,574:574,10/05/24 11:35:59,STABLE BEAMS,6800,490741.662994378,464862.963854652,64.0,HFET
386604:10200,575:575,10/05/24 11:36:22,STABLE BEAMS,6800,490627.249028612,465803.817201392,64.0,HFET
386604:10200,576:576,10/05/24 11:36:45,STABLE BEAMS,6800,489668.956888059,464612.053622119,63.9,HFET
386604:10200,577:577,10/05/24 11:37:09,STABLE BEAMS,6800,489014.068523397,464969.864756328,63.8,HFET
386604:10200,578:578,10/05/24 11:37:32,STABLE BEAMS,6800,487995.497039281,462834.926076720,63.7,HFET
386604:10200,579:579,10/05/24 11:37:55,STABLE BEAMS,6800,487156.810174990,462523.326230913,63.6,HFET
386604:10200,580:580,10/05/24 11:38:19,STABLE BEAMS,6800,487061.063481093,457421.316998478,63.5,HFET
386604:10200,581:581,10/05/24 11:38:42,STABLE BEAMS,6800,486578.229645569,462582.969190208,63.5,HFET
386604:10200,582:582,10/05/24 11:39:05,STABLE BEAMS,6800,485942.738180160,463626.264086591,63.4,HFET
386604:10200,583:583,10/05/24 11:39:29,STABLE BEAMS,6800,484687.371140231,462126.770250835,63.3,HFET
386604:10200,584:584,10/05/24 11:39:52,STABLE BEAMS,6800,483633.833487530,461665.517534562,62.9,HFET
386604:10200,585:585,10/05/24 11:40:15,STABLE BEAMS,6800,492592.592466271,467048.396012774,64.3,HFET
386604:10200,586:586,10/05/24 11:40:39,STABLE BEAMS,6800,493034.450614369,467484.652580664,64.3,HFET
386604:10200,587:587,10/05/24 11:41:02,STABLE BEAMS,6800,493296.058163410,467848.156207118,64.4,HFET
386604:10200,588:588,10/05/24 11:41:25,STABLE BEAMS,6800,493405.737709950,467125.475434803,64.3,HFET
386604:10200,589:589,10/05/24 11:41:49,STABLE BEAMS,6800,494590.899676594,468525.077920145,64.4,HFET
386604:10200,590:590,10/05/24 11:42:12,STABLE BEAMS,6800,495964.233245017,468832.717264590,64.6,HFET
386604:10200,591:591,10/05/24 11:42:35,STABLE BEAMS,6800,496695.107756171,469745.343588971,64.7,HFET
386604:10200,592:592,10/05/24 11:42:58,STABLE BEAMS,6800,497123.716057453,469270.659201806,64.8,HFET
386604:10200,593:593,10/05/24 11:43:22,STABLE BEAMS,6800,497656.950128375,462966.641302702,64.9,HFET
386604:10200,594:594,10/05/24 11:43:45,STABLE BEAMS,6800,498315.752372841,466700.463986730,64.9,HFET
386604:10200,595:595,10/05/24 11:44:08,STABLE BEAMS,6800,492337.495617820,467253.822253211,65.0,HFET
386604:10200,596:596,10/05/24 11:44:32,STABLE BEAMS,6800,489217.674191989,464705.024002231,63.8,HFET
386604:10200,597:597,10/05/24 11:44:55,STABLE BEAMS,6800,490024.765626347,466151.658315398,63.9,HFET
386604:10200,598:598,10/05/24 11:45:18,STABLE BEAMS,6800,490210.794967531,465418.189314535,63.9,HFET
386604:10200,599:599,10/05/24 11:45:42,STABLE BEAMS,6800,489759.104332827,466221.408828492,63.9,HFET
386604:10200,600:600,10/05/24 11:46:05,STABLE BEAMS,6800,489934.070378271,465216.632663422,63.8,HFET
386604:10200,601:601,10/05/24 11:46:28,STABLE BEAMS,6800,490003.867512923,465714.170938374,63.9,HFET
386604:10200,602:602,10/05/24 11:46:52,STABLE BEAMS,6800,490039.880335487,466127.892976150,63.9,HFET
386604:10200,603:603,10/05/24 11:47:15,STABLE BEAMS,6800,490451.688558303,464608.867038622,63.9,HFET
386604:10200,604:604,10/05/24 11:47:38,STABLE BEAMS,6800,490282.002404315,444638.723093459,63.9,HFET
386604:10200,605:605,10/05/24 11:48:02,STABLE BEAMS,6800,490353.118929062,430708.392677571,64.0,HFET
386604:10200,606:606,10/05/24 11:48:25,STABLE BEAMS,6800,489922.643434378,458931.009300071,63.9,HFET
386604:10200,607:607,10/05/24 11:48:48,STABLE BEAMS,6800,489340.694497383,465352.445924362,63.8,HFET
386604:10200,608:608,10/05/24 11:49:11,STABLE BEAMS,6800,489540.929427324,464667.416722379,63.8,HFET
386604:10200,609:609,10/05/24 11:49:35,STABLE BEAMS,6800,489320.250944150,464969.046547983,63.8,HFET
386604:10200,610:610,10/05/24 11:49:58,STABLE BEAMS,6800,488555.503539949,465509.019765130,63.7,HFET
386604:10200,611:611,10/05/24 11:50:21,STABLE BEAMS,6800,488381.355702851,463144.931465239,63.7,HFET
386604:10200,612:612,10/05/24 11:50:45,STABLE BEAMS,6800,487524.183390768,463693.054130744,63.7,HFET
386604:10200,613:613,10/05/24 11:51:08,STABLE BEAMS,6800,486748.552183825,463940.367510068,63.5,HFET
386604:10200,614:614,10/05/24 11:51:31,STABLE BEAMS,6800,486631.634640388,463677.983712084,63.5,HFET
386604:10200,615:615,10/05/24 11:51:55,STABLE BEAMS,6800,486383.183695046,463934.448903266,63.4,HFET
386604:10200,616:616,10/05/24 11:52:18,STABLE BEAMS,6800,488271.312508158,224272.641190011,63.6,HFET
386604:10200,617:617,10/05/24 11:52:41,STABLE BEAMS,6800,487829.680474617,461428.540154672,63.8,HFET
386604:10200,618:618,10/05/24 11:53:05,STABLE BEAMS,6800,485880.773467271,463689.002717344,63.5,HFET
386604:10200,619:619,10/05/24 11:53:28,STABLE BEAMS,6800,484642.523532403,455636.949125103,63.3,HFET
386604:10200,620:620,10/05/24 11:53:51,STABLE BEAMS,6800,483891.252089575,462004.115924672,63.1,HFET
386604:10200,621:621,10/05/24 11:54:14,STABLE BEAMS,6800,483221.477461407,462370.440155392,63.1,HFET
386604:10200,622:622,10/05/24 11:54:38,STABLE BEAMS,6800,487157.903450528,464346.849219869,63.0,HFET
386604:10200,623:623,10/05/24 11:55:01,STABLE BEAMS,6800,490834.495840894,464522.316447063,64.0,HFET
386604:10200,624:624,10/05/24 11:55:24,STABLE BEAMS,6800,490880.707129296,464876.805795256,64.0,HFET
386604:10200,625:625,10/05/24 11:55:48,STABLE BEAMS,6800,490597.336636927,465892.416810431,64.0,HFET
386604:10200,626:626,10/05/24 11:56:11,STABLE BEAMS,6800,489893.232224442,465627.165786623,63.9,HFET
386604:10200,627:627,10/05/24 11:56:34,STABLE BEAMS,6800,489240.483789296,465347.664883577,63.8,HFET
386604:10200,628:628,10/05/24 11:56:58,STABLE BEAMS,6800,488867.194297794,464561.017002452,63.8,HFET
386604:10200,629:629,10/05/24 11:57:21,STABLE BEAMS,6800,488728.830837625,465041.573374862,63.8,HFET
386604:10200,630:630,10/05/24 11:57:44,STABLE BEAMS,6800,488818.840748797,465077.861264619,63.7,HFET
386604:10200,631:631,10/05/24 11:58:08,STABLE BEAMS,6800,487170.924851709,464185.265892682,63.5,HFET
386604:10200,632:632,10/05/24 11:58:31,STABLE BEAMS,6800,486247.144319549,456759.008812841,63.4,HFET
386604:10200,633:633,10/05/24 11:58:54,STABLE BEAMS,6800,485685.727516748,462874.444840455,63.4,HFET
386604:10200,634:634,10/05/24 11:59:18,STABLE BEAMS,6800,485015.815354983,462700.070888799,63.3,HFET
386604:10200,635:635,10/05/24 11:59:41,STABLE BEAMS,6800,484661.920431656,462014.633748183,63.2,HFET
386604:10200,636:636,10/05/24 12:00:04,STABLE BEAMS,6800,483692.564995363,102312.363869167,63.2,HFET
386604:10200,637:637,10/05/24 12:00:27,STABLE BEAMS,6800,483080.293396972,173255.669479645,63.0,HFET
386604:10200,638:638,10/05/24 12:00:51,STABLE BEAMS,6800,482921.987565320,460971.520675876,63.0,HFET
386604:10200,639:639,10/05/24 12:01:14,STABLE BEAMS,6800,482307.666949450,460990.824332013,62.9,HFET
386604:10200,640:640,10/05/24 12:01:37,STABLE BEAMS,6800,482021.564433775,459943.979203979,62.9,HFET
386604:10200,641:641,10/05/24 12:02:01,STABLE BEAMS,6800,481488.148538777,460835.754036494,62.8,HFET
386604:10200,642:642,10/05/24 12:02:24,STABLE BEAMS,6800,483439.743278948,461281.616976433,62.7,HFET
386604:10200,643:643,10/05/24 12:02:47,STABLE BEAMS,6800,488825.761719099,465177.249102206,63.5,HFET
386604:10200,644:644,10/05/24 12:03:11,STABLE BEAMS,6800,488113.918127967,463817.484738271,63.7,HFET
386604:10200,645:645,10/05/24 12:03:34,STABLE BEAMS,6800,487090.201954914,463625.625371245,63.6,HFET
386604:10200,646:646,10/05/24 12:03:57,STABLE BEAMS,6800,486034.750487252,456684.113610810,63.5,HFET
386604:10200,647:647,10/05/24 12:04:21,STABLE BEAMS,6800,485151.854730480,461806.384572402,63.4,HFET
386604:10200,648:648,10/05/24 12:04:44,STABLE BEAMS,6800,485404.450332339,462956.897397056,63.3,HFET
386604:10200,649:649,10/05/24 12:05:07,STABLE BEAMS,6800,486558.606631759,461657.549910281,63.4,HFET
386604:10200,650:650,10/05/24 12:05:31,STABLE BEAMS,6800,486597.670835303,462589.752626913,63.5,HFET
386604:10200,651:651,10/05/24 12:05:54,STABLE BEAMS,6800,486517.220674622,463937.180926571,63.4,HFET
386604:10200,652:652,10/05/24 12:06:17,STABLE BEAMS,6800,486726.789240498,260972.980683009,63.5,HFET
386604:10200,653:653,10/05/24 12:06:40,STABLE BEAMS,6800,483160.330956863,379209.235870664,63.1,HFET
386604:10200,654:654,10/05/24 12:07:04,STABLE BEAMS,6800,499298.812216142,460708.227757509,63.3,HFET
386604:10200,655:655,10/05/24 12:07:27,STABLE BEAMS,6800,500155.163988802,469665.940082270,65.8,HFET
386604:10200,656:656,10/05/24 12:07:50,STABLE BEAMS,6800,495704.080288589,467800.077725314,64.5,HFET
386604:10200,657:657,10/05/24 12:08:14,STABLE BEAMS,6800,497640.513698062,468447.860964520,64.9,HFET
386604:10200,658:658,10/05/24 12:08:37,STABLE BEAMS,6800,497235.171885357,345472.256320683,64.9,HFET
386604:10200,659:659,10/05/24 12:09:00,STABLE BEAMS,6800,496999.695719638,450622.628050245,64.8,HFET
386604:10200,660:660,10/05/24 12:09:24,STABLE BEAMS,6800,496958.992768327,460775.108713700,64.9,HFET
386604:10200,661:661,10/05/24 12:09:47,STABLE BEAMS,6800,496606.417235094,468445.494920446,64.8,HFET
386604:10200,662:662,10/05/24 12:10:10,STABLE BEAMS,6800,496314.214288541,468336.680203809,64.7,HFET
386604:10200,663:663,10/05/24 12:10:34,STABLE BEAMS,6800,496829.599295939,417896.660298732,64.8,HFET
386604:10200,664:664,10/05/24 12:10:57,STABLE BEAMS,6800,497487.173062349,336510.285116587,64.9,HFET
386604:10200,665:665,10/05/24 12:11:20,STABLE BEAMS,6800,497062.888910582,465880.306860711,64.9,HFET
386604:10200,666:666,10/05/24 12:11:43,STABLE BEAMS,6800,497008.392971304,467956.332208409,64.8,HFET
386604:10200,667:667,10/05/24 12:12:07,STABLE BEAMS,6800,496242.095400295,468888.444013003,64.8,HFET
386604:10200,668:668,10/05/24 12:12:30,STABLE BEAMS,6800,495940.148548096,468700.547478417,64.7,HFET
386604:10200,669:669,10/05/24 12:12:53,STABLE BEAMS,6800,495976.298904257,325552.741056553,64.7,HFET
386604:10200,670:670,10/05/24 12:13:17,STABLE BEAMS,6800,495883.783084337,468088.730440217,64.7,HFET
386604:10200,671:671,10/05/24 12:13:40,STABLE BEAMS,6800,495693.518174598,468185.022606344,64.6,HFET
386604:10200,672:672,10/05/24 12:14:03,STABLE BEAMS,6800,495334.795588929,467623.834249178,64.6,HFET
386604:10200,673:673,10/05/24 12:14:27,STABLE BEAMS,6800,495229.486813462,461627.455694518,64.6,HFET
386604:10200,674:674,10/05/24 12:14:50,STABLE BEAMS,6800,495116.849129060,239890.886934985,64.6,HFET
386604:10200,675:675,10/05/24 12:15:13,STABLE BEAMS,6800,495218.607672877,468433.247437130,64.4,HFET
386604:10200,676:676,10/05/24 12:15:37,STABLE BEAMS,6800,494818.270684435,468356.848689849,64.6,HFET
386604:10200,677:677,10/05/24 12:16:00,STABLE BEAMS,6800,495002.572696891,467025.220436236,64.6,HFET
386604:10200,678:678,10/05/24 12:16:23,STABLE BEAMS,6800,493945.710927097,467158.711943582,64.5,HFET
386604:10200,679:679,10/05/24 12:16:47,STABLE BEAMS,6800,493743.562182195,467120.468279462,64.4,HFET
386604:10200,680:680,10/05/24 12:17:10,STABLE BEAMS,6800,493660.382329287,467710.431462296,64.4,HFET
386604:10200,681:681,10/05/24 12:17:33,STABLE BEAMS,6800,493624.367175644,466185.577830004,64.4,HFET
386604:10200,682:682,10/05/24 12:17:56,STABLE BEAMS,6800,493296.333230603,467185.983224000,64.4,HFET
386604:10200,683:683,10/05/24 12:18:20,STABLE BEAMS,6800,493146.678029059,467182.477282830,64.4,HFET
386604:10200,684:684,10/05/24 12:18:43,STABLE BEAMS,6800,492130.885189807,466261.428773976,64.2,HFET
386604:10200,685:685,10/05/24 12:19:06,STABLE BEAMS,6800,491524.940136852,466136.587896738,64.1,HFET
386604:10200,686:686,10/05/24 12:19:30,STABLE BEAMS,6800,491293.244979496,465710.483173127,64.1,HFET
386604:10200,687:687,10/05/24 12:19:53,STABLE BEAMS,6800,490363.454928495,459302.431598171,64.0,HFET
386604:10200,688:688,10/05/24 12:20:16,STABLE BEAMS,6800,489657.620856204,465744.857247924,63.8,HFET
386604:10200,689:689,10/05/24 12:20:40,STABLE BEAMS,6800,489694.316684595,465421.604343667,63.9,HFET
386604:10200,690:690,10/05/24 12:21:03,STABLE BEAMS,6800,489762.973922151,465560.692769065,63.9,HFET
386604:10200,691:691,10/05/24 12:21:26,STABLE BEAMS,6800,489968.080804915,464386.687341277,63.9,HFET
386604:10200,692:692,10/05/24 12:21:50,STABLE BEAMS,6800,489782.687847999,465620.883531667,63.9,HFET
386604:10200,693:693,10/05/24 12:22:13,STABLE BEAMS,6800,490017.252562257,463920.653584220,63.9,HFET
386604:10200,694:694,10/05/24 12:22:36,STABLE BEAMS,6800,490607.397569168,464388.326089045,64.0,HFET
386604:10200,695:695,10/05/24 12:23:00,STABLE BEAMS,6800,490789.240294433,465820.892347051,64.0,HFET
386604:10200,696:696,10/05/24 12:23:23,STABLE BEAMS,6800,490686.526008676,466354.079796415,64.0,HFET
386604:10200,697:697,10/05/24 12:23:46,STABLE BEAMS,6800,490363.270773341,466109.134792243,64.0,HFET
386604:10200,698:698,10/05/24 12:24:09,STABLE BEAMS,6800,489956.061767233,465973.004504708,63.9,HFET
386604:10200,699:699,10/05/24 12:24:33,STABLE BEAMS,6800,490249.996704671,466003.007808432,63.9,HFET
386604:10200,700:700,10/05/24 12:24:56,STABLE BEAMS,6800,489609.495752842,458167.352840330,64.0,HFET
386604:10200,701:701,10/05/24 12:25:19,STABLE BEAMS,6800,489088.646698833,463229.708106512,63.8,HFET
386604:10200,702:702,10/05/24 12:25:43,STABLE BEAMS,6800,489123.428712263,464314.113892840,63.8,HFET
386604:10200,703:703,10/05/24 12:26:06,STABLE BEAMS,6800,488467.997206448,463793.810311061,63.7,HFET
386604:10200,704:704,10/05/24 12:26:29,STABLE BEAMS,6800,488661.085051531,465418.825698804,63.7,HFET
386604:10200,705:705,10/05/24 12:26:53,STABLE BEAMS,6800,488493.401293464,465490.988877530,63.7,HFET
386604:10200,706:706,10/05/24 12:27:16,STABLE BEAMS,6800,488749.957396684,464604.314443472,63.7,HFET
386604:10200,707:707,10/05/24 12:27:39,STABLE BEAMS,6800,488725.189693937,465387.593917024,63.7,HFET
386604:10200,708:708,10/05/24 12:28:03,STABLE BEAMS,6800,488652.798069576,463915.098625571,63.7,HFET
386604:10200,709:709,10/05/24 12:28:26,STABLE BEAMS,6800,488660.264512108,465540.479992545,63.7,HFET
386604:10200,710:710,10/05/24 12:28:49,STABLE BEAMS,6800,488882.218094896,463348.082573640,63.8,HFET
386604:10200,711:711,10/05/24 12:29:12,STABLE BEAMS,6800,488084.597830069,463105.230877428,63.7,HFET
386604:10200,712:712,10/05/24 12:29:36,STABLE BEAMS,6800,488644.648621218,465171.421407441,63.7,HFET
386604:10200,713:713,10/05/24 12:29:59,STABLE BEAMS,6800,488028.050542234,458566.685134194,63.7,HFET
386604:10200,714:714,10/05/24 12:30:22,STABLE BEAMS,6800,487926.338619976,464231.113532931,63.6,HFET
386604:10200,715:715,10/05/24 12:30:46,STABLE BEAMS,6800,488203.109830794,464435.947679580,63.6,HFET
386604:10200,716:716,10/05/24 12:31:09,STABLE BEAMS,6800,488371.248149052,463764.079743452,63.7,HFET
386604:10200,717:717,10/05/24 12:31:32,STABLE BEAMS,6800,487920.967816481,465295.807724488,63.6,HFET
386604:10200,718:718,10/05/24 12:31:56,STABLE BEAMS,6800,488133.268405662,465076.038361697,63.7,HFET
386604:10200,719:719,10/05/24 12:32:19,STABLE BEAMS,6800,487812.927017709,464957.071800781,63.7,HFET
386604:10200,720:720,10/05/24 12:32:42,STABLE BEAMS,6800,487551.363759148,464740.992534315,63.6,HFET
386604:10200,721:721,10/05/24 12:33:06,STABLE BEAMS,6800,487044.354314665,463819.351931673,63.6,HFET
386604:10200,722:722,10/05/24 12:33:29,STABLE BEAMS,6800,486360.101361624,463428.940672954,63.5,HFET
386604:10200,723:723,10/05/24 12:33:52,STABLE BEAMS,6800,486442.873275899,463978.792998265,63.4,HFET
386604:10200,724:724,10/05/24 12:34:16,STABLE BEAMS,6800,485987.037984679,463350.541860831,63.5,HFET
386604:10200,725:725,10/05/24 12:34:39,STABLE BEAMS,6800,484823.319603689,463360.057320842,63.3,HFET
386604:10200,726:726,10/05/24 12:35:02,STABLE BEAMS,6800,484442.379514500,456179.425919921,63.2,HFET
386604:10200,727:727,10/05/24 12:35:25,STABLE BEAMS,6800,483924.852246507,462236.584999893,63.1,HFET
386604:10200,728:728,10/05/24 12:35:49,STABLE BEAMS,6800,483138.570344614,462407.637165533,63.1,HFET
386604:10200,729:729,10/05/24 12:36:12,STABLE BEAMS,6800,487428.208251235,464750.918264038,63.0,HFET
386604:10200,730:730,10/05/24 12:36:35,STABLE BEAMS,6800,487627.715884870,464697.967829411,63.6,HFET
386604:10200,731:731,10/05/24 12:36:59,STABLE BEAMS,6800,487010.572333656,464712.537066321,63.6,HFET
386604:10200,732:732,10/05/24 12:37:22,STABLE BEAMS,6800,486366.064258907,463899.436113123,63.5,HFET
386604:10200,733:733,10/05/24 12:37:45,STABLE BEAMS,6800,486274.005330256,463853.178203163,63.4,HFET
386604:10200,734:734,10/05/24 12:38:09,STABLE BEAMS,6800,485947.791957059,463978.019080401,63.4,HFET
386604:10200,735:735,10/05/24 12:38:32,STABLE BEAMS,6800,485440.325621307,463536.251844341,63.3,HFET
386604:10200,736:736,10/05/24 12:38:55,STABLE BEAMS,6800,484471.972548513,462695.380760053,63.2,HFET
386604:10200,737:737,10/05/24 12:39:19,STABLE BEAMS,6800,484065.264724155,462114.159119365,63.2,HFET
386604:10200,738:738,10/05/24 12:39:42,STABLE BEAMS,6800,483807.342609282,455825.757111151,63.1,HFET
386604:10200,739:739,10/05/24 12:40:05,STABLE BEAMS,6800,483624.133872364,460839.852071452,63.1,HFET
386604:10200,740:740,10/05/24 12:40:29,STABLE BEAMS,6800,483816.175063467,461550.602387046,63.1,HFET
386604:10200,741:741,10/05/24 12:40:52,STABLE BEAMS,6800,483482.038356468,462433.861791972,63.1,HFET
386604:10200,742:742,10/05/24 12:41:15,STABLE BEAMS,6800,483519.235366609,461518.640977882,63.1,HFET
386604:10200,743:743,10/05/24 12:41:38,STABLE BEAMS,6800,483597.501307292,461487.500108140,63.1,HFET
386604:10200,744:744,10/05/24 12:42:02,STABLE BEAMS,6800,483317.907161130,462235.312231356,63.1,HFET
386604:10200,745:745,10/05/24 12:42:25,STABLE BEAMS,6800,490201.144305001,466035.969250018,63.0,HFET
386604:10200,746:746,10/05/24 12:42:48,STABLE BEAMS,6800,492919.034285103,467373.289995877,64.3,HFET
386604:10200,747:747,10/05/24 12:43:12,STABLE BEAMS,6800,492462.152339904,466155.073344530,64.2,HFET
386604:10200,748:748,10/05/24 12:43:35,STABLE BEAMS,6800,492285.090655423,466626.934796351,64.2,HFET
386604:10200,749:749,10/05/24 12:43:58,STABLE BEAMS,6800,491919.540342567,466661.900964936,64.2,HFET
386604:10200,750:750,10/05/24 12:44:22,STABLE BEAMS,6800,491265.880455961,466734.518703854,64.1,HFET
386604:10200,751:751,10/05/24 12:44:45,STABLE BEAMS,6800,491275.395915972,459314.271142854,64.1,HFET
386604:10200,752:752,10/05/24 12:45:08,STABLE BEAMS,6800,491583.307996532,466647.103282391,64.1,HFET
386604:10200,753:753,10/05/24 12:45:32,STABLE BEAMS,6800,491702.549624640,466204.699662064,64.1,HFET
386604:10200,754:754,10/05/24 12:45:55,STABLE BEAMS,6800,491792.331090177,466345.293963788,64.1,HFET
386604:10200,755:755,10/05/24 12:46:18,STABLE BEAMS,6800,491814.867951369,466941.539401578,64.1,HFET
386604:10200,756:756,10/05/24 12:46:41,STABLE BEAMS,6800,492033.998598814,465763.797255908,64.2,HFET
386604:10200,757:757,10/05/24 12:47:05,STABLE BEAMS,6800,491829.938370029,465844.338328626,64.1,HFET
386604:10200,758:758,10/05/24 12:47:28,STABLE BEAMS,6800,495176.583000393,445720.762835712,64.4,HFET
386604:10200,759:759,10/05/24 12:47:52,STABLE BEAMS,6800,494520.421867194,442518.307029203,64.6,HFET
386604:10200,760:760,10/05/24 12:48:15,STABLE BEAMS,6800,492645.906549052,467433.797785074,64.3,HFET
386604:10200,761:761,10/05/24 12:48:38,STABLE BEAMS,6800,492241.928416921,467190.535819150,64.2,HFET
386604:10200,762:762,10/05/24 12:49:01,STABLE BEAMS,6800,492111.625824150,466414.268227939,64.2,HFET
386604:10200,763:763,10/05/24 12:49:25,STABLE BEAMS,6800,491008.872123627,466720.040378982,64.1,HFET
386604:10200,764:764,10/05/24 12:49:48,STABLE BEAMS,6800,491294.564369590,460270.148286696,64.0,HFET
386604:10200,765:765,10/05/24 12:50:11,STABLE BEAMS,6800,491570.151392832,466196.778659340,64.1,HFET
386604:10200,766:766,10/05/24 12:50:35,STABLE BEAMS,6800,491517.974876070,466499.452807846,64.1,HFET
386604:10200,767:767,10/05/24 12:50:58,STABLE BEAMS,6800,491319.012714665,465496.224478506,64.1,HFET
386604:10200,768:768,10/05/24 12:51:21,STABLE BEAMS,6800,491394.590922522,466529.913002839,64.1,HFET
386604:10200,769:769,10/05/24 12:51:45,STABLE BEAMS,6800,491762.055050338,466727.781888706,64.2,HFET
386604:10200,770:770,10/05/24 12:52:08,STABLE BEAMS,6800,492013.191397428,466539.337550812,64.1,HFET
386604:10200,771:771,10/05/24 12:52:31,STABLE BEAMS,6800,491968.210918160,466822.481928624,64.2,HFET
386604:10200,772:772,10/05/24 12:52:54,STABLE BEAMS,6800,491812.455285737,466231.334558214,64.2,HFET
386604:10200,773:773,10/05/24 12:53:18,STABLE BEAMS,6800,491622.008551922,467027.451277792,64.1,HFET
386604:10200,774:774,10/05/24 12:53:41,STABLE BEAMS,6800,490847.335417998,466183.256076410,64.1,HFET
386604:10200,775:775,10/05/24 12:54:04,STABLE BEAMS,6800,490396.598194158,466138.956271890,64.0,HFET
386604:10200,776:776,10/05/24 12:54:28,STABLE BEAMS,6800,489944.359756147,465354.357408245,64.0,HFET
386604:10200,777:777,10/05/24 12:54:51,STABLE BEAMS,6800,488974.731583739,457495.163215451,63.8,HFET
386604:10200,778:778,10/05/24 12:55:14,STABLE BEAMS,6800,489453.012824112,466050.629398967,63.9,HFET
386604:10200,779:779,10/05/24 12:55:38,STABLE BEAMS,6800,489406.071908326,321965.839219685,63.8,HFET
386604:10200,780:780,10/05/24 12:56:01,STABLE BEAMS,6800,489041.934228681,464552.410662825,63.8,HFET
386604:10200,781:781,10/05/24 12:56:24,STABLE BEAMS,6800,489175.924586699,465210.350408466,63.7,HFET
386604:10200,782:782,10/05/24 12:56:48,STABLE BEAMS,6800,488654.891377535,464924.837655502,63.8,HFET
386604:10200,783:783,10/05/24 12:57:11,STABLE BEAMS,6800,488273.177370482,464872.479314663,63.6,HFET
386604:10200,784:784,10/05/24 12:57:34,STABLE BEAMS,6800,488469.360887023,463830.186781779,63.7,HFET
386604:10200,785:785,10/05/24 12:57:58,STABLE BEAMS,6800,488327.265371127,465384.087975853,63.7,HFET
386604:10200,786:786,10/05/24 12:58:21,STABLE BEAMS,6800,487759.065131621,465193.457086884,63.6,HFET
386604:10200,787:787,10/05/24 12:58:44,STABLE BEAMS,6800,486375.899076591,464325.678370330,63.5,HFET
386604:10200,788:788,10/05/24 12:59:07,STABLE BEAMS,6800,485713.045418725,463629.541582126,63.4,HFET
386604:10200,789:789,10/05/24 12:59:31,STABLE BEAMS,6800,485045.909570746,463310.155936115,63.3,HFET
386604:10200,790:790,10/05/24 12:59:54,STABLE BEAMS,6800,484329.149736311,458062.682780210,63.2,HFET
386604:10200,791:791,10/05/24 13:00:17,STABLE BEAMS,6800,484378.274872095,459961.189552157,63.1,HFET
386604:10200,792:792,10/05/24 13:00:41,STABLE BEAMS,6800,484072.274275418,462514.083507017,63.2,HFET
386604:10200,793:793,10/05/24 13:01:04,STABLE BEAMS,6800,483541.089221975,461863.204596352,63.1,HFET
386604:10200,794:794,10/05/24 13:01:27,STABLE BEAMS,6800,483032.988833032,460910.875353082,63.0,HFET
386604:10200,795:795,10/05/24 13:01:51,STABLE BEAMS,6800,492643.857531573,465689.951038934,63.0,HFET
386604:10200,796:796,10/05/24 13:02:14,STABLE BEAMS,6800,493020.426849688,467594.241215165,64.4,HFET
386604:10200,797:797,10/05/24 13:02:37,STABLE BEAMS,6800,492862.577909306,466735.749512988,64.3,HFET
386604:10200,798:798,10/05/24 13:03:01,STABLE BEAMS,6800,492669.856043455,466937.303833024,64.2,HFET
386604:10200,799:799,10/05/24 13:03:24,STABLE BEAMS,6800,492230.091203316,465659.218107826,64.2,HFET
386604:10200,800:800,10/05/24 13:03:47,STABLE BEAMS,6800,491854.251512585,463965.317036893,64.2,HFET
386604:10200,801:801,10/05/24 13:04:10,STABLE BEAMS,6800,492057.491201947,0,64.2,HFET
386604:10200,802:802,10/05/24 13:04:34,STABLE BEAMS,6800,493124.551437578,394527.832740038,64.2,HFET
386604:10200,803:803,10/05/24 13:04:57,STABLE BEAMS,6800,493222.438060993,467852.981538383,64.3,HFET
386604:10200,804:804,10/05/24 13:05:20,STABLE BEAMS,6800,493237.235743538,467001.408475430,64.3,HFET
386604:10200,805:805,10/05/24 13:05:44,STABLE BEAMS,6800,492968.206042445,460644.167405583,64.3,HFET
386604:10200,806:806,10/05/24 13:06:07,STABLE BEAMS,6800,492709.556631266,467026.723981485,64.2,HFET
386604:10200,807:807,10/05/24 13:06:30,STABLE BEAMS,6800,493153.918357034,467186.029845559,64.3,HFET
386604:10200,808:808,10/05/24 13:06:54,STABLE BEAMS,6800,493007.041800354,466473.729363157,64.3,HFET
386604:10200,809:809,10/05/24 13:07:17,STABLE BEAMS,6800,492788.230510582,467109.722010316,64.3,HFET
386604:10200,810:810,10/05/24 13:07:40,STABLE BEAMS,6800,492722.941680600,466055.366149271,64.3,HFET
386604:10200,811:811,10/05/24 13:08:04,STABLE BEAMS,6800,492469.208512724,466248.817642507,64.3,HFET
386604:10200,812:812,10/05/24 13:08:27,STABLE BEAMS,6800,492016.972405791,466743.714806192,64.2,HFET
386604:10200,813:813,10/05/24 13:08:50,STABLE BEAMS,6800,491510.827791211,466782.779009735,64.1,HFET
386604:10200,814:814,10/05/24 13:09:14,STABLE BEAMS,6800,490105.670347219,464401.848671976,64.0,HFET
386604:10200,815:815,10/05/24 13:09:37,STABLE BEAMS,6800,489631.487141804,465701.923455058,63.9,HFET
386604:10200,816:816,10/05/24 13:10:00,STABLE BEAMS,6800,489296.394692864,465631.946827407,63.9,HFET
386604:10200,817:817,10/05/24 13:10:23,STABLE BEAMS,6800,488772.174900203,465060.103113134,63.8,HFET
386604:10200,818:818,10/05/24 13:10:47,STABLE BEAMS,6800,488649.884222194,458199.768809686,63.7,HFET
386604:10200,819:819,10/05/24 13:11:10,STABLE BEAMS,6800,488285.107827203,465253.510315889,63.7,HFET
386604:10200,820:820,10/05/24 13:11:33,STABLE BEAMS,6800,487541.757387099,465106.088286979,63.6,HFET
386604:10200,821:821,10/05/24 13:11:57,STABLE BEAMS,6800,487424.702310065,334491.627596148,63.6,HFET
386604:10200,822:822,10/05/24 13:12:20,STABLE BEAMS,6800,487000.646603933,425843.223291429,63.5,HFET
386604:10200,823:823,10/05/24 13:12:43,STABLE BEAMS,6800,486791.259862135,463572.266997984,63.5,HFET
386604:10200,824:824,10/05/24 13:13:07,STABLE BEAMS,6800,485615.613355501,462402.219740480,63.5,HFET
386604:10200,825:825,10/05/24 13:13:30,STABLE BEAMS,6800,485855.457961216,464340.520343355,63.3,HFET
386604:10200,826:826,10/05/24 13:13:53,STABLE BEAMS,6800,485923.751550618,464653.304376738,63.4,HFET
386604:10200,827:827,10/05/24 13:14:17,STABLE BEAMS,6800,486063.161664767,463186.182219858,63.4,HFET
386604:10200,828:828,10/05/24 13:14:40,STABLE BEAMS,6800,485446.109025591,462891.608567074,63.3,HFET
386604:10200,829:829,10/05/24 13:15:03,STABLE BEAMS,6800,486105.822721518,463093.713021496,63.3,HFET
386604:10200,830:830,10/05/24 13:15:26,STABLE BEAMS,6800,486515.080745105,464384.500790202,63.5,HFET
386604:10200,831:831,10/05/24 13:15:50,STABLE BEAMS,6800,485894.477874279,455627.205219458,63.4,HFET
386604:10200,832:832,10/05/24 13:16:13,STABLE BEAMS,6800,485063.166540481,463915.098625571,63.3,HFET
386604:10200,833:833,10/05/24 13:16:36,STABLE BEAMS,6800,484460.774050254,462481.532335143,63.2,HFET
386604:10200,834:834,10/05/24 13:17:00,STABLE BEAMS,6800,482189.383394360,459024.434240374,63.2,HFET
386604:10200,835:835,10/05/24 13:17:23,STABLE BEAMS,6800,490309.548751927,464980.473491876,62.5,HFET
386604:10200,836:836,10/05/24 13:17:46,STABLE BEAMS,6800,492647.410094301,468459.472063568,64.3,HFET
386604:10200,837:837,10/05/24 13:18:10,STABLE BEAMS,6800,491427.235337513,467606.896637115,64.1,HFET
386604:10200,838:838,10/05/24 13:18:33,STABLE BEAMS,6800,490721.949068530,467315.968790176,64.1,HFET
386604:10200,839:839,10/05/24 13:18:56,STABLE BEAMS,6800,489444.089457889,466659.441677746,63.9,HFET
386604:10200,840:840,10/05/24 13:19:20,STABLE BEAMS,6800,489303.087217531,464983.252136740,63.8,HFET
386604:10200,841:841,10/05/24 13:19:43,STABLE BEAMS,6800,488865.737374103,464797.038640401,63.8,HFET
386604:10200,842:842,10/05/24 13:20:06,STABLE BEAMS,6800,488110.183741162,464986.210274602,63.7,HFET
386604:10200,843:843,10/05/24 13:20:30,STABLE BEAMS,6800,488091.563090852,465748.318898614,63.6,HFET
386604:10200,844:844,10/05/24 13:20:53,STABLE BEAMS,6800,488097.663521731,459099.238530367,63.6,HFET
386604:10200,845:845,10/05/24 13:21:16,STABLE BEAMS,6800,487677.386492884,464149.936075944,63.6,HFET
386604:10200,846:846,10/05/24 13:21:39,STABLE BEAMS,6800,486990.767495769,464784.108151259,63.6,HFET
386604:10200,847:847,10/05/24 13:22:03,STABLE BEAMS,6800,486780.105654356,463956.757318823,63.4,HFET
386604:10200,848:848,10/05/24 13:22:26,STABLE BEAMS,6800,484253.207880300,463395.023489427,63.3,HFET
386604:10200,849:849,10/05/24 13:22:49,STABLE BEAMS,6800,483493.784658035,462746.373089239,63.0,HFET
386604:10200,850:850,10/05/24 13:23:13,STABLE BEAMS,6800,485443.104266170,388314.873737163,63.0,HFET
386604:10200,851:851,10/05/24 13:23:36,STABLE BEAMS,6800,488695.913686519,334519.400058316,63.9,HFET
386604:10200,852:852,10/05/24 13:23:59,STABLE BEAMS,6800,492789.323786120,467796.571784144,64.2,HFET
386604:10200,853:853,10/05/24 13:24:23,STABLE BEAMS,6800,492686.381054728,467643.184526873,64.3,HFET
386604:10200,854:854,10/05/24 13:24:46,STABLE BEAMS,6800,492511.778657437,467418.135272626,64.2,HFET
386604:10200,855:855,10/05/24 13:25:09,STABLE BEAMS,6800,492072.608242165,467380.392790255,64.2,HFET
386604:10200,856:856,10/05/24 13:25:33,STABLE BEAMS,6800,492229.454819048,466148.926292093,64.2,HFET
386604:10200,857:857,10/05/24 13:25:56,STABLE BEAMS,6800,491816.052138945,459661.336007917,64.2,HFET
386604:10200,858:858,10/05/24 13:26:19,STABLE BEAMS,6800,491869.729869879,466815.197310169,64.1,HFET
386604:10200,859:859,10/05/24 13:26:43,STABLE BEAMS,6800,492175.184994326,467602.982757312,64.2,HFET
386604:10200,860:860,10/05/24 13:27:06,STABLE BEAMS,6800,491204.689660937,466036.015871576,64.3,HFET
386604:10200,861:861,10/05/24 13:27:29,STABLE BEAMS,6800,490483.239697756,467338.323827292,64.0,HFET
386604:10200,862:862,10/05/24 13:27:52,STABLE BEAMS,6800,490774.123254215,467359.403764793,64.0,HFET
386604:10200,863:863,10/05/24 13:28:16,STABLE BEAMS,6800,490624.015823557,467164.266902231,64.0,HFET
386604:10200,864:864,10/05/24 13:28:39,STABLE BEAMS,6800,490736.881953594,466473.957808792,64.0,HFET
386604:10200,865:865,10/05/24 13:29:02,STABLE BEAMS,6800,490743.255120588,466747.358280958,64.0,HFET
386604:10200,866:866,10/05/24 13:29:26,STABLE BEAMS,6800,490630.661726666,466900.106822883,64.0,HFET
386604:10200,867:867,10/05/24 13:29:49,STABLE BEAMS,6800,490085.956421371,465068.161649454,64.0,HFET
386604:10200,868:868,10/05/24 13:30:12,STABLE BEAMS,6800,489749.222893585,466084.003441342,63.9,HFET
386604:10200,869:869,10/05/24 13:30:36,STABLE BEAMS,6800,489779.363730906,466640.182312089,63.9,HFET
386604:10200,870:870,10/05/24 13:30:59,STABLE BEAMS,6800,489759.421359423,458823.877621682,63.9,HFET
386604:10200,871:871,10/05/24 13:31:22,STABLE BEAMS,6800,489637.540951125,424591.180368594,63.9,HFET
386604:10200,873:873,10/05/24 13:32:09,STABLE BEAMS,6800,488411.951100362,193503.960670914,63.8,HFET
386604:10200,874:874,10/05/24 13:32:32,STABLE BEAMS,6800,487935.080162122,461144.029765207,63.7,HFET
386604:10200,875:875,10/05/24 13:32:55,STABLE BEAMS,6800,487353.996055031,464694.415266682,63.6,HFET
386604:10200,876:876,10/05/24 13:33:19,STABLE BEAMS,6800,486801.549240010,464655.397684697,63.5,HFET
386604:10200,877:877,10/05/24 13:33:42,STABLE BEAMS,6800,486254.930119754,464050.273171165,63.5,HFET
386604:10200,878:878,10/05/24 13:34:05,STABLE BEAMS,6800,487188.818205713,463740.221161088,63.2,HFET
386604:10200,879:879,10/05/24 13:34:29,STABLE BEAMS,6800,489721.587965014,466252.414495715,63.7,HFET
386604:10200,880:880,10/05/24 13:34:52,STABLE BEAMS,6800,489438.124229529,466184.440263986,63.9,HFET
386604:10200,881:881,10/05/24 13:35:15,STABLE BEAMS,6800,488601.213646602,465001.098869186,63.8,HFET
386604:10200,882:882,10/05/24 13:35:39,STABLE BEAMS,6800,488922.510776496,465779.415477876,63.7,HFET
386604:10200,883:883,10/05/24 13:36:02,STABLE BEAMS,6800,488876.390400132,465683.120980671,63.8,HFET
386604:10200,884:884,10/05/24 13:36:25,STABLE BEAMS,6800,488350.669393300,458221.349928937,63.7,HFET
386604:10200,885:885,10/05/24 13:36:49,STABLE BEAMS,6800,488508.972893874,465417.823335304,63.7,HFET
386604:10200,886:886,10/05/24 13:37:12,STABLE BEAMS,6800,488425.928243485,465291.255129338,63.7,HFET
386604:10200,887:887,10/05/24 13:37:35,STABLE BEAMS,6800,488202.380203409,465294.805360988,63.7,HFET
386604:10200,888:888,10/05/24 13:37:59,STABLE BEAMS,6800,488665.954673276,465146.245766060,63.7,HFET
386604:10200,889:889,10/05/24 13:38:22,STABLE BEAMS,6800,488647.835204715,465916.729952987,63.8,HFET
386604:10200,890:890,10/05/24 13:38:45,STABLE BEAMS,6800,488522.950036997,464570.760908098,63.7,HFET
386604:10200,891:891,10/05/24 13:39:08,STABLE BEAMS,6800,488591.698186591,465528.687069420,63.8,HFET
386604:10200,892:892,10/05/24 13:39:32,STABLE BEAMS,6800,488280.098340784,465358.317909606,63.7,HFET
386604:10200,893:893,10/05/24 13:39:55,STABLE BEAMS,6800,486780.970484259,463890.923016611,63.7,HFET
386604:10200,894:894,10/05/24 13:40:18,STABLE BEAMS,6800,483308.256498601,462101.683190414,63.2,HFET
386604:10200,895:895,10/05/24 13:40:42,STABLE BEAMS,6800,484707.175978117,462407.865611168,62.8,HFET
386604:10200,896:896,10/05/24 13:41:05,STABLE BEAMS,6800,492014.331294524,467397.418983278,64.3,HFET
386604:10200,897:897,10/05/24 13:41:28,STABLE BEAMS,6800,490972.539943390,460648.857534329,64.1,HFET
386604:10200,898:898,10/05/24 13:41:52,STABLE BEAMS,6800,490903.973617872,466490.939711335,64.0,HFET
386604:10200,899:899,10/05/24 13:42:15,STABLE BEAMS,6800,490979.777940287,466567.291837057,64.0,HFET
386604:10200,900:900,10/05/24 13:42:38,STABLE BEAMS,6800,490578.396628943,465719.453160908,64.0,HFET
386604:10200,901:901,10/05/24 13:43:02,STABLE BEAMS,6800,490530.133991984,466101.167167961,64.0,HFET
386604:10200,902:902,10/05/24 13:43:25,STABLE BEAMS,6800,489636.857945298,465304.549266634,63.9,HFET
386604:10200,903:903,10/05/24 13:43:48,STABLE BEAMS,6800,489500.818569801,465016.169287846,63.8,HFET
386604:10200,904:904,10/05/24 13:44:12,STABLE BEAMS,6800,489335.640720484,466041.570830225,63.8,HFET
386604:10200,905:905,10/05/24 13:44:35,STABLE BEAMS,6800,488730.059315682,465741.260394716,63.7,HFET
386604:10200,906:906,10/05/24 13:44:58,STABLE BEAMS,6800,488767.030211266,466112.277085260,63.8,HFET
386604:10200,907:907,10/05/24 13:45:21,STABLE BEAMS,6800,487930.756012607,465881.353514691,63.7,HFET
386604:10200,908:908,10/05/24 13:45:45,STABLE BEAMS,6800,486567.576619541,464276.553234546,63.5,HFET
386604:10200,909:909,10/05/24 13:46:08,STABLE BEAMS,6800,485914.236090607,457353.706414902,63.4,HFET
386604:10200,910:910,10/05/24 13:46:31,STABLE BEAMS,6800,485349.861149944,462208.586423168,63.4,HFET
386604:10200,911:911,10/05/24 13:46:55,STABLE BEAMS,6800,484774.103555867,463003.609867208,63.3,HFET
386604:10200,912:912,10/05/24 13:47:18,STABLE BEAMS,6800,484282.938447909,463330.235841194,63.2,HFET
386604:10200,913:913,10/05/24 13:47:41,STABLE BEAMS,6800,483887.018852098,462904.357232140,63.1,HFET
386604:10200,914:914,10/05/24 13:48:05,STABLE BEAMS,6800,482824.191853943,458339.815308103,63.0,HFET
386604:10200,915:915,10/05/24 13:48:28,STABLE BEAMS,6800,490668.359918557,466742.532949693,63.0,HFET
386604:10200,916:916,10/05/24 13:48:51,STABLE BEAMS,6800,490920.589541184,466381.761346545,64.1,HFET
386604:10200,917:917,10/05/24 13:49:15,STABLE BEAMS,6800,490007.828014284,465754.829599205,64.0,HFET
386604:10200,918:918,10/05/24 13:49:38,STABLE BEAMS,6800,489860.587809451,465337.328884144,63.9,HFET
386604:10200,919:919,10/05/24 13:50:01,STABLE BEAMS,6800,489285.785957315,466230.742464426,63.9,HFET
386604:10200,920:920,10/05/24 13:50:24,STABLE BEAMS,6800,488503.963407455,464449.516884069,63.7,HFET
386604:10200,921:921,10/05/24 13:50:48,STABLE BEAMS,6800,488001.963449391,465243.540295687,63.7,HFET
386604:10200,922:922,10/05/24 13:51:11,STABLE BEAMS,6800,487846.618086680,457943.622976177,63.6,HFET
386604:10200,923:923,10/05/24 13:51:34,STABLE BEAMS,6800,487719.000895656,465248.456538990,63.6,HFET
386604:10200,924:924,10/05/24 13:51:58,STABLE BEAMS,6800,487230.975749637,464097.395911028,63.5,HFET
386604:10200,925:925,10/05/24 13:52:21,STABLE BEAMS,6800,487447.376704854,464948.376880193,63.6,HFET
386604:10200,926:926,10/05/24 13:52:44,STABLE BEAMS,6800,487972.734063532,465118.289148737,63.6,HFET
386604:10200,927:927,10/05/24 13:53:08,STABLE BEAMS,6800,487961.577524676,464218.092131750,63.7,HFET
386604:10200,928:928,10/05/24 13:53:31,STABLE BEAMS,6800,487996.452781222,465007.061766469,63.6,HFET
386604:10200,929:929,10/05/24 13:53:54,STABLE BEAMS,6800,487455.752267769,464306.691740788,63.6,HFET
386604:10200,930:930,10/05/24 13:54:18,STABLE BEAMS,6800,487750.141765398,465039.298242826,63.5,HFET
386604:10200,931:931,10/05/24 13:54:41,STABLE BEAMS,6800,482465.424977794,461706.630755584,63.8,HFET
386604:10200,932:932,10/05/24 13:55:04,STABLE BEAMS,6800,485065.441672517,461959.314938403,62.3,HFET
386604:10200,933:933,10/05/24 13:55:28,STABLE BEAMS,6800,490120.102050533,466342.878967078,64.0,HFET
386604:10200,934:934,10/05/24 13:55:51,STABLE BEAMS,6800,489938.487770902,465486.345370341,63.9,HFET
386604:10200,935:935,10/05/24 13:56:14,STABLE BEAMS,6800,488952.786816335,457115.999407627,63.8,HFET
386604:10200,936:936,10/05/24 13:56:37,STABLE BEAMS,6800,488695.277302251,464892.193240511,63.7,HFET
386604:10200,937:937,10/05/24 13:57:01,STABLE BEAMS,6800,488738.756567348,465330.864805111,63.8,HFET
386604:10200,938:938,10/05/24 13:57:24,STABLE BEAMS,6800,488163.863803174,464112.739065803,63.7,HFET
386604:10200,939:939,10/05/24 13:57:47,STABLE BEAMS,6800,488088.740155508,464403.305595667,63.7,HFET
386604:10200,940:940,10/05/24 13:58:11,STABLE BEAMS,6800,488306.185433627,464741.083446354,63.6,HFET
386604:10200,941:941,10/05/24 13:58:34,STABLE BEAMS,6800,489266.664125255,464703.748902617,63.8,HFET
386604:10200,942:942,10/05/24 13:58:57,STABLE BEAMS,6800,488825.169625311,465356.951897954,63.8,HFET
386604:10200,943:943,10/05/24 13:59:21,STABLE BEAMS,6800,487065.252428089,464785.110514758,63.7,HFET
386604:10200,944:944,10/05/24 13:59:44,STABLE BEAMS,6800,484975.112403672,462349.178393815,63.4,HFET
386604:10200,945:945,10/05/24 14:00:07,STABLE BEAMS,6800,484052.378525493,463806.239618454,63.2,HFET
386604:10200,946:946,10/05/24 14:00:31,STABLE BEAMS,6800,483206.087685073,462647.756838440,63.1,HFET
386604:10200,947:947,10/05/24 14:00:54,STABLE BEAMS,6800,490515.975024785,466441.131569724,63.0,HFET
386604:10200,948:948,10/05/24 14:01:17,STABLE BEAMS,6800,494193.206130497,462244.007151945,64.4,HFET
386604:10200,949:949,10/05/24 14:01:41,STABLE BEAMS,6800,493836.168914154,466884.446641513,64.4,HFET
386604:10200,950:950,10/05/24 14:02:04,STABLE BEAMS,6800,493988.052626175,467010.240929614,64.4,HFET
386604:10200,951:951,10/05/24 14:02:27,STABLE BEAMS,6800,492876.464140390,468227.821196692,64.3,HFET
386604:10200,952:952,10/05/24 14:02:50,STABLE BEAMS,6800,491897.595575163,466602.302296122,64.2,HFET
386604:10200,953:953,10/05/24 14:03:14,STABLE BEAMS,6800,491339.409646340,466702.830030804,64.1,HFET
386604:10200,954:954,10/05/24 14:03:37,STABLE BEAMS,6800,490937.573774805,466697.321693713,64.1,HFET
386604:10200,955:955,10/05/24 14:04:00,STABLE BEAMS,6800,490027.360116056,466635.494514421,64.0,HFET
386604:10200,956:956,10/05/24 14:04:24,STABLE BEAMS,6800,489603.122585848,466432.571851655,63.9,HFET
386604:10200,957:957,10/05/24 14:04:47,STABLE BEAMS,6800,488431.665026211,466070.709304046,63.8,HFET
386604:10200,958:958,10/05/24 14:05:10,STABLE BEAMS,6800,488006.243308426,465845.203158530,63.6,HFET
386604:10200,959:959,10/05/24 14:05:34,STABLE BEAMS,6800,487550.452307687,465379.216023031,63.6,HFET
386604:10200,960:960,10/05/24 14:05:57,STABLE BEAMS,6800,486652.260017698,465141.509015756,63.5,HFET
386604:10200,961:961,10/05/24 14:06:20,STABLE BEAMS,6800,486244.731653917,456618.461132675,63.4,HFET
386604:10200,962:962,10/05/24 14:06:44,STABLE BEAMS,6800,485819.034868940,464424.840093359,63.4,HFET
386604:10200,963:963,10/05/24 14:07:07,STABLE BEAMS,6800,485130.320232788,463971.144731657,63.3,HFET
386604:10200,964:964,10/05/24 14:07:30,STABLE BEAMS,6800,484801.920308515,464042.715816595,63.2,HFET
386604:10200,965:965,10/05/24 14:07:53,STABLE BEAMS,6800,484376.864569962,463732.162624768,63.2,HFET
386604:10200,966:966,10/05/24 14:08:17,STABLE BEAMS,6800,483779.250789441,462621.031030252,63.1,HFET
386604:10200,967:967,10/05/24 14:08:40,STABLE BEAMS,6800,483481.721329873,462281.567810239,63.1,HFET
386604:10200,968:968,10/05/24 14:09:03,STABLE BEAMS,6800,485558.245528243,463404.583239918,63.0,HFET
386604:10200,969:969,10/05/24 14:09:27,STABLE BEAMS,6800,491280.769050544,467811.959229399,64.1,HFET
386604:10200,970:970,10/05/24 14:09:50,STABLE BEAMS,6800,490884.896076292,467415.039601167,64.0,HFET
386604:10200,971:971,10/05/24 14:10:13,STABLE BEAMS,6800,490636.855400662,467444.632635180,64.0,HFET
386604:10200,972:972,10/05/24 14:10:37,STABLE BEAMS,6800,490225.364204441,467016.252779533,63.9,HFET
386604:10200,973:973,10/05/24 14:11:00,STABLE BEAMS,6800,490564.645600378,467105.670596916,63.9,HFET
386604:10200,974:974,10/05/24 14:11:23,STABLE BEAMS,6800,489152.203537931,459498.570824232,63.8,HFET
386604:10200,975:975,10/05/24 14:11:47,STABLE BEAMS,6800,488685.169748452,466152.159497148,63.7,HFET
386604:10200,976:976,10/05/24 14:12:10,STABLE BEAMS,6800,487481.932603727,465593.292893576,63.7,HFET
386604:10200,977:977,10/05/24 14:12:33,STABLE BEAMS,6800,483699.530256145,463100.314634125,63.1,HFET
386604:10200,978:978,10/05/24 14:12:57,STABLE BEAMS,6800,490506.415274294,465611.503274175,63.6,HFET
386604:10200,979:979,10/05/24 14:13:20,STABLE BEAMS,6800,488775.270571662,465144.422863138,64.0,HFET
386604:10200,980:980,10/05/24 14:13:43,STABLE BEAMS,6800,488544.531156247,465586.509456870,63.6,HFET
386604:10200,981:981,10/05/24 14:14:06,STABLE BEAMS,6800,488889.229977237,466070.616060930,63.8,HFET
386604:10200,982:982,10/05/24 14:14:30,STABLE BEAMS,6800,488876.618845767,466420.370989896,63.8,HFET
386604:10200,983:983,10/05/24 14:14:53,STABLE BEAMS,6800,488660.583869781,466440.767921571,63.7,HFET
386604:10200,984:984,10/05/24 14:15:16,STABLE BEAMS,6800,488511.429849987,464988.713852273,63.8,HFET
386604:10200,985:985,10/05/24 14:15:40,STABLE BEAMS,6800,487976.330916741,465568.979751019,63.6,HFET
386604:10200,986:986,10/05/24 14:16:03,STABLE BEAMS,6800,487930.665100569,464791.255236117,63.7,HFET
386604:10200,987:987,10/05/24 14:16:26,STABLE BEAMS,6800,488182.302629408,459318.185022657,63.7,HFET
386604:10200,988:988,10/05/24 14:16:50,STABLE BEAMS,6800,488146.017070728,465932.527667954,63.6,HFET
386604:10200,989:989,10/05/24 14:17:13,STABLE BEAMS,6800,488402.069661120,465514.346278144,63.7,HFET
386604:10200,990:990,10/05/24 14:17:36,STABLE BEAMS,6800,488639.823289953,466175.106628051,63.7,HFET
386604:10200,991:991,10/05/24 14:18:00,STABLE BEAMS,6800,488401.477567332,465162.362838700,63.7,HFET
386604:10200,992:992,10/05/24 14:18:23,STABLE BEAMS,6800,488773.540911856,465402.254065972,63.7,HFET
386604:10200,993:993,10/05/24 14:18:46,STABLE BEAMS,6800,488316.885081213,465409.310238793,63.7,HFET
386604:10200,994:994,10/05/24 14:19:10,STABLE BEAMS,6800,487998.319974625,465306.915310708,63.6,HFET
386604:10200,995:995,10/05/24 14:19:33,STABLE BEAMS,6800,488131.401212259,465479.242575963,63.7,HFET
386604:10200,996:996,10/05/24 14:19:56,STABLE BEAMS,6800,487799.541968375,465224.418463627,63.7,HFET
386604:10200,997:997,10/05/24 14:20:19,STABLE BEAMS,6800,487598.803525606,464077.910430814,63.5,HFET
386604:10200,998:998,10/05/24 14:20:43,STABLE BEAMS,6800,487139.690738851,464026.645365513,63.6,HFET
386604:10200,999:999,10/05/24 14:21:06,STABLE BEAMS,6800,486837.699596171,464658.903625867,63.5,HFET
386604:10200,1000:1000,10/05/24 14:21:29,STABLE BEAMS,6800,485698.429560256,455954.194841597,63.4,HFET
386604:10200,1001:1001,10/05/24 14:21:53,STABLE BEAMS,6800,485413.602144196,461663.969698833,63.4,HFET
386604:10200,1002:1002,10/05/24 14:22:16,STABLE BEAMS,6800,484926.670273715,463204.210776380,63.3,HFET
386604:10200,1003:1003,10/05/24 14:22:39,STABLE BEAMS,6800,484718.558631530,462041.585670928,63.2,HFET
386604:10200,1004:1004,10/05/24 14:23:03,STABLE BEAMS,6800,484554.791084346,462736.992831747,63.2,HFET
386604:10200,1005:1005,10/05/24 14:23:26,STABLE BEAMS,6800,484222.202213076,462889.606171153,63.2,HFET
386604:10200,1006:1006,10/05/24 14:23:49,STABLE BEAMS,6800,484156.367910864,462463.000265793,63.1,HFET
386604:10200,1007:1007,10/05/24 14:24:13,STABLE BEAMS,6800,484106.785883811,462006.619502343,63.2,HFET
386604:10200,1008:1008,10/05/24 14:24:36,STABLE BEAMS,6800,484023.559409345,462576.048219906,63.1,HFET
386604:10200,1009:1009,10/05/24 14:24:59,STABLE BEAMS,6800,484019.643198463,463004.840676342,63.1,HFET
386604:10200,1010:1010,10/05/24 14:25:22,STABLE BEAMS,6800,483824.872315133,462191.921547220,63.1,HFET
386604:10200,1011:1011,10/05/24 14:25:46,STABLE BEAMS,6800,483397.536782388,462418.609549235,63.0,HFET
386604:10200,1012:1012,10/05/24 14:26:09,STABLE BEAMS,6800,491943.806863565,467527.539751973,64.2,HFET
386604:10200,1013:1013,10/05/24 14:26:32,STABLE BEAMS,6800,491824.019763227,460884.151875972,64.2,HFET
386604:10200,1014:1014,10/05/24 14:26:56,STABLE BEAMS,6800,491567.328457488,465962.167323524,64.1,HFET
386604:10200,1015:1015,10/05/24 14:27:19,STABLE BEAMS,6800,491148.645885929,466552.904424223,64.1,HFET
386604:10200,1016:1016,10/05/24 14:27:42,STABLE BEAMS,6800,490612.861615779,467270.804155754,64.0,HFET
386604:10200,1017:1017,10/05/24 14:28:06,STABLE BEAMS,6800,490392.866138431,465573.259610054,64.0,HFET
386604:10200,1018:1018,10/05/24 14:28:29,STABLE BEAMS,6800,489718.855941708,466343.107412713,63.9,HFET
386604:10200,1019:1019,10/05/24 14:28:52,STABLE BEAMS,6800,489494.261247653,466108.132428744,63.8,HFET
386604:10200,1020:1020,10/05/24 14:29:16,STABLE BEAMS,6800,488969.088044129,465154.849774610,63.9,HFET
386604:10200,1021:1021,10/05/24 14:29:39,STABLE BEAMS,6800,488657.670022399,464894.013812355,63.7,HFET
386604:10200,1022:1022,10/05/24 14:30:02,STABLE BEAMS,6800,488919.186659402,465226.693595663,63.8,HFET
386604:10200,1023:1023,10/05/24 14:30:26,STABLE BEAMS,6800,489361.727813326,466256.284085038,63.8,HFET
386604:10200,1024:1024,10/05/24 14:30:49,STABLE BEAMS,6800,489426.196103885,465880.488684788,63.8,HFET
386604:10200,1025:1025,10/05/24 14:31:12,STABLE BEAMS,6800,490050.761807151,465823.988018510,63.9,HFET
386604:10200,1026:1026,10/05/24 14:31:35,STABLE BEAMS,6800,490425.100283711,460648.356352579,63.9,HFET
386604:10200,1027:1027,10/05/24 14:31:59,STABLE BEAMS,6800,490904.155441949,466631.897661212,64.0,HFET
386604:10200,1028:1028,10/05/24 14:32:22,STABLE BEAMS,6800,491169.268932161,466568.476024633,64.1,HFET
386604:10200,1029:1029,10/05/24 14:32:45,STABLE BEAMS,6800,491230.597260781,466885.220559377,64.1,HFET
386604:10200,1030:1030,10/05/24 14:33:09,STABLE BEAMS,6800,491051.486558821,466843.697068644,64.0,HFET
386604:10200,1031:1031,10/05/24 14:33:32,STABLE BEAMS,6800,491613.402212294,468015.655810030,64.1,HFET
386604:10200,1032:1032,10/05/24 14:33:55,STABLE BEAMS,6800,491580.258946631,467860.266156838,64.1,HFET
386604:10200,1033:1033,10/05/24 14:34:19,STABLE BEAMS,6800,491629.337460857,466384.220633735,64.1,HFET
386604:10200,1034:1034,10/05/24 14:34:42,STABLE BEAMS,6800,491428.647970724,467198.640977028,64.1,HFET
386604:10200,1035:1035,10/05/24 14:35:05,STABLE BEAMS,6800,491100.066222375,466418.275350859,64.1,HFET
386604:10200,1036:1036,10/05/24 14:35:29,STABLE BEAMS,6800,491156.156618941,466983.517452504,64.1,HFET
386604:10200,1037:1037,10/05/24 14:35:52,STABLE BEAMS,6800,490955.192061616,464760.979196279,64.0,HFET
386604:10200,1038:1038,10/05/24 14:36:15,STABLE BEAMS,6800,490375.655790254,466889.362884816,64.0,HFET
386604:10200,1039:1039,10/05/24 14:36:39,STABLE BEAMS,6800,490311.688681444,276398.023893869,63.9,HFET
386604:10200,1040:1040,10/05/24 14:37:02,STABLE BEAMS,6800,489717.536551614,444663.262350572,63.9,HFET
386604:10200,1041:1041,10/05/24 14:37:25,STABLE BEAMS,6800,489301.856408397,466264.023263685,63.8,HFET
386604:10200,1042:1042,10/05/24 14:37:48,STABLE BEAMS,6800,489181.889815059,465646.334240241,63.8,HFET
386604:10200,1043:1043,10/05/24 14:38:12,STABLE BEAMS,6800,488715.856058002,464792.075775540,63.8,HFET
386604:10200,1044:1044,10/05/24 14:38:35,STABLE BEAMS,6800,488549.811047704,466079.996318422,63.7,HFET
386604:10200,1045:1045,10/05/24 14:38:58,STABLE BEAMS,6800,488405.804047925,464763.210037834,63.7,HFET
386604:10200,1046:1046,10/05/24 14:39:22,STABLE BEAMS,6800,488761.202516501,465946.824168749,63.7,HFET
386604:10200,1047:1047,10/05/24 14:39:45,STABLE BEAMS,6800,488839.738862221,464891.782970799,63.8,HFET
386604:10200,1048:1048,10/05/24 14:40:08,STABLE BEAMS,6800,488342.063053673,465713.989114297,63.7,HFET
386604:10200,1049:1049,10/05/24 14:40:32,STABLE BEAMS,6800,488454.064353806,466017.075863592,63.7,HFET
386604:10200,1050:1050,10/05/24 14:40:55,STABLE BEAMS,6800,488590.150350861,464535.111733687,63.8,HFET
386604:10200,1051:1051,10/05/24 14:41:18,STABLE BEAMS,6800,488307.870802952,465080.092106175,63.7,HFET
386604:10200,1052:1052,10/05/24 14:41:42,STABLE BEAMS,6800,487917.280051234,458474.215935832,63.6,HFET
386604:10200,1053:1053,10/05/24 14:42:05,STABLE BEAMS,6800,487664.001443550,465155.987340628,63.6,HFET
386604:10200,1054:1054,10/05/24 14:42:28,STABLE BEAMS,6800,487064.886448858,382999.787666604,63.5,HFET
386604:10200,1055:1055,10/05/24 14:42:51,STABLE BEAMS,6800,486713.313279125,344766.604072468,63.5,HFET
386604:10200,1056:1056,10/05/24 14:43:15,STABLE BEAMS,6800,485934.178462090,464253.741306161,63.4,HFET
386604:10200,1057:1057,10/05/24 14:43:38,STABLE BEAMS,6800,481696.805653191,461551.147859276,63.0,HFET
386604:10200,1058:1058,10/05/24 14:44:01,STABLE BEAMS,6800,477567.294150065,457980.775695838,62.5,HFET
386604:10200,1059:1059,10/05/24 14:44:25,STABLE BEAMS,6800,474893.065259137,457004.317465166,62.1,HFET
386604:10200,1060:1060,10/05/24 14:44:48,STABLE BEAMS,6800,472167.161033196,454628.713640421,61.7,HFET
386604:10200,1061:1061,10/05/24 14:45:11,STABLE BEAMS,6800,471150.864681116,453774.455175721,61.5,HFET
386604:10200,1062:1062,10/05/24 14:45:35,STABLE BEAMS,6800,474183.314975964,455138.135750537,61.3,HFET
386604:10200,1063:1063,10/05/24 14:45:58,STABLE BEAMS,6800,478257.008818639,457600.245876361,63.1,HFET
386604:10200,1064:1064,10/05/24 14:46:21,STABLE BEAMS,6800,481699.675210093,459993.470318995,62.0,HFET
386604:10200,1065:1065,10/05/24 14:46:45,STABLE BEAMS,6800,486488.128822360,457667.446190226,63.4,HFET
386604:10200,1066:1066,10/05/24 14:47:08,STABLE BEAMS,6800,486598.307219571,464760.979196279,63.4,HFET
386604:10200,1067:1067,10/05/24 14:47:31,STABLE BEAMS,6800,485909.319847304,464527.918027270,63.5,HFET
386604:10200,1068:1068,10/05/24 14:47:55,STABLE BEAMS,6800,487067.072999933,464805.097176721,63.5,HFET
386604:10200,1069:1069,10/05/24 14:48:18,STABLE BEAMS,6800,486742.862022657,464314.524162551,63.5,HFET
386604:10200,1070:1070,10/05/24 14:48:41,STABLE BEAMS,6800,486904.125992171,465149.250525481,63.5,HFET
386604:10200,1071:1071,10/05/24 14:49:04,STABLE BEAMS,6800,487273.135624639,465494.632352296,63.5,HFET
386604:10200,1072:1072,10/05/24 14:49:28,STABLE BEAMS,6800,487348.760454054,464903.939542077,63.6,HFET
386604:10200,1073:1073,10/05/24 14:49:51,STABLE BEAMS,6800,487229.702981100,362771.131843858,63.5,HFET
386604:10200,1075:1075,10/05/24 14:50:38,STABLE BEAMS,6800,487566.616001885,227573.620470418,63.6,HFET
386604:10200,1076:1076,10/05/24 14:51:01,STABLE BEAMS,6800,487294.080359621,465339.058543950,63.6,HFET
386604:10200,1077:1077,10/05/24 14:51:24,STABLE BEAMS,6800,487616.561677091,464845.981952109,63.6,HFET
386604:10200,1078:1078,10/05/24 14:51:48,STABLE BEAMS,6800,487511.388104143,465440.770466208,63.6,HFET
386604:10200,1079:1079,10/05/24 14:52:11,STABLE BEAMS,6800,487383.316352928,456895.230012415,63.5,HFET
386604:10200,1080:1080,10/05/24 14:52:34,STABLE BEAMS,6800,486818.120872842,465089.425742109,63.5,HFET
386604:10200,1081:1081,10/05/24 14:52:58,STABLE BEAMS,6800,487348.622920458,464854.723494255,63.5,HFET
386604:10200,1082:1082,10/05/24 14:53:21,STABLE BEAMS,6800,486919.513437427,464847.711611915,63.6,HFET
386604:10200,1083:1083,10/05/24 14:53:44,STABLE BEAMS,6800,485924.935738194,463966.137576315,63.4,HFET
386604:10200,1084:1084,10/05/24 14:54:07,STABLE BEAMS,6800,485872.395573278,464157.677585668,63.4,HFET
386604:10200,1085:1085,10/05/24 14:54:31,STABLE BEAMS,6800,484387.790332106,463650.120337878,63.3,HFET
386604:10200,1086:1086,10/05/24 14:54:54,STABLE BEAMS,6800,482748.296619491,461661.601323681,63.0,HFET
386604:10200,1087:1087,10/05/24 14:55:17,STABLE BEAMS,6800,490951.958856560,466572.254701918,62.9,HFET
386604:10200,1088:1088,10/05/24 14:55:41,STABLE BEAMS,6800,490516.839854688,466669.640143583,64.1,HFET
386604:10200,1089:1089,10/05/24 14:56:04,STABLE BEAMS,6800,490211.160946762,466841.102578935,63.9,HFET
386604:10200,1090:1090,10/05/24 14:56:27,STABLE BEAMS,6800,489568.018883666,466647.331728026,63.9,HFET
386604:10200,1091:1091,10/05/24 14:56:51,STABLE BEAMS,6800,488651.795706077,465935.259691259,63.8,HFET
386604:10200,1092:1092,10/05/24 14:57:14,STABLE BEAMS,6800,488744.173992400,457278.400943159,63.7,HFET
386604:10200,1093:1093,10/05/24 14:57:37,STABLE BEAMS,6800,488669.689060081,465353.264132707,63.8,HFET
386604:10200,1094:1094,10/05/24 14:58:01,STABLE BEAMS,6800,488695.867064961,466251.640577850,63.7,HFET
386604:10200,1095:1095,10/05/24 14:58:24,STABLE BEAMS,6800,488773.676114375,465790.795800211,63.7,HFET
386604:10200,1096:1096,10/05/24 14:58:47,STABLE BEAMS,6800,488624.433513620,466602.577363315,63.8,HFET
386604:10200,1097:1097,10/05/24 14:59:11,STABLE BEAMS,6800,488457.798740611,466010.791277559,63.7,HFET
386604:10200,1098:1098,10/05/24 14:59:34,STABLE BEAMS,6800,488936.352717100,466412.447656095,63.7,HFET
386604:10200,1099:1099,10/05/24 14:59:57,STABLE BEAMS,6800,488497.909598134,466104.808311650,63.8,HFET
386604:10200,1100:1100,10/05/24 15:00:20,STABLE BEAMS,6800,488740.075957442,465317.388843738,63.7,HFET
386604:10200,1101:1101,10/05/24 15:00:44,STABLE BEAMS,6800,489265.843585832,466168.276569788,63.8,HFET
386604:10200,1102:1102,10/05/24 15:01:07,STABLE BEAMS,6800,489165.224939112,465463.580063515,63.8,HFET
386604:10200,1103:1103,10/05/24 15:01:30,STABLE BEAMS,6800,488871.973007501,466315.288328987,63.8,HFET
386604:10200,1104:1104,10/05/24 15:01:54,STABLE BEAMS,6800,488336.689919100,466455.472361000,63.7,HFET
386604:10200,1105:1105,10/05/24 15:02:17,STABLE BEAMS,6800,488300.450981979,458478.451504387,63.7,HFET
386604:10200,1106:1106,10/05/24 15:02:40,STABLE BEAMS,6800,488266.575757853,466096.204303100,63.7,HFET
386604:10200,1107:1107,10/05/24 15:03:04,STABLE BEAMS,6800,487773.543456493,465525.591397961,63.6,HFET
386604:10200,1108:1108,10/05/24 15:03:27,STABLE BEAMS,6800,487658.856754612,465543.801778560,63.6,HFET
386604:10200,1109:1109,10/05/24 15:03:50,STABLE BEAMS,6800,488493.902475214,465570.937856460,63.7,HFET
386604:10200,1110:1110,10/05/24 15:04:14,STABLE BEAMS,6800,487945.597985632,465020.311613284,63.6,HFET
386604:10200,1111:1111,10/05/24 15:04:37,STABLE BEAMS,6800,488487.937246854,465498.273495985,63.7,HFET
386604:10200,1112:1112,10/05/24 15:05:00,STABLE BEAMS,6800,488283.695193993,465173.244310364,63.7,HFET
386604:10200,1113:1113,10/05/24 15:05:23,STABLE BEAMS,6800,487839.424380263,464098.717632200,63.7,HFET
386604:10200,1114:1114,10/05/24 15:05:47,STABLE BEAMS,6800,487643.240863722,464385.594065739,63.6,HFET
386604:10200,1115:1115,10/05/24 15:06:10,STABLE BEAMS,6800,487176.705924915,465327.722512094,63.6,HFET
386604:10200,1116:1116,10/05/24 15:06:33,STABLE BEAMS,6800,486600.904040358,464487.669636151,63.5,HFET
386604:10200,1117:1117,10/05/24 15:06:57,STABLE BEAMS,6800,486642.926381763,464069.350712745,63.5,HFET
386604:10200,1118:1118,10/05/24 15:07:20,STABLE BEAMS,6800,485953.346915708,456929.650708770,63.4,HFET
386604:10200,1119:1119,10/05/24 15:07:43,STABLE BEAMS,6800,485689.459572475,463192.555386852,63.4,HFET
386604:10200,1120:1120,10/05/24 15:08:07,STABLE BEAMS,6800,485830.965325661,461845.446444867,63.3,HFET
386604:10200,1121:1121,10/05/24 15:08:30,STABLE BEAMS,6800,485100.135104987,463695.149769781,63.4,HFET
386604:10200,1122:1122,10/05/24 15:08:53,STABLE BEAMS,6800,484776.243485384,462693.695390727,63.2,HFET
386604:10200,1123:1123,10/05/24 15:09:17,STABLE BEAMS,6800,484244.237892519,461928.675250411,63.2,HFET
386604:10200,1124:1124,10/05/24 15:09:40,STABLE BEAMS,6800,483660.738788717,317167.187141581,63.1,HFET
386604:10200,1125:1125,10/05/24 15:10:03,STABLE BEAMS,6800,483615.075303623,461616.436689258,63.1,HFET
386604:10200,1126:1126,10/05/24 15:10:27,STABLE BEAMS,6800,482784.854914285,461747.149551741,63.0,HFET
386604:10200,1127:1127,10/05/24 15:10:50,STABLE BEAMS,6800,490671.821569247,464945.964214561,62.9,HFET
386604:10200,1128:1128,10/05/24 15:11:13,STABLE BEAMS,6800,491693.125076668,466039.747927303,64.2,HFET
386604:10200,1129:1129,10/05/24 15:11:36,STABLE BEAMS,6800,491071.836868937,466944.315715364,64.1,HFET
386604:10200,1130:1130,10/05/24 15:12:00,STABLE BEAMS,6800,490726.455042122,466183.939082236,64.0,HFET
386604:10200,1131:1131,10/05/24 15:12:23,STABLE BEAMS,6800,490465.665701425,458800.841909819,64.0,HFET
386604:10200,1132:1132,10/05/24 15:12:46,STABLE BEAMS,6800,489866.096146542,465845.384982606,63.9,HFET
386604:10200,1133:1133,10/05/24 15:13:10,STABLE BEAMS,6800,489531.276433717,464385.092883990,63.9,HFET
386604:10200,1134:1134,10/05/24 15:13:33,STABLE BEAMS,6800,488904.936780165,465074.446235488,63.8,HFET
386604:10200,1135:1135,10/05/24 15:13:56,STABLE BEAMS,6800,488289.021707007,465258.109532597,63.7,HFET
386604:10200,1136:1136,10/05/24 15:14:20,STABLE BEAMS,6800,488128.487364877,464981.294031299,63.7,HFET
386604:10200,1137:1137,10/05/24 15:14:43,STABLE BEAMS,6800,487441.092118820,464823.216645282,63.6,HFET
386604:10200,1138:1138,10/05/24 15:15:06,STABLE BEAMS,6800,487117.062965620,365.428210995,63.5,HFET
386604:10200,1139:1139,10/05/24 15:15:30,STABLE BEAMS,6800,486587.015478196,277821.007090605,63.5,HFET
386604:10200,1140:1140,10/05/24 15:15:53,STABLE BEAMS,6800,486192.872163750,464012.530688794,63.4,HFET
386604:10200,1141:1141,10/05/24 15:16:16,STABLE BEAMS,6800,485581.647219338,462617.070528890,63.3,HFET
386604:10200,1142:1142,10/05/24 15:16:40,STABLE BEAMS,6800,485242.230620883,463472.830207762,63.3,HFET
386604:10200,1143:1143,10/05/24 15:17:03,STABLE BEAMS,6800,484592.442654678,461919.432526515,63.2,HFET
386604:10200,1144:1144,10/05/24 15:17:26,STABLE BEAMS,6800,484201.758659844,462131.870649292,63.2,HFET
386604:10200,1145:1145,10/05/24 15:17:49,STABLE BEAMS,6800,483809.620072396,456127.249403158,63.1,HFET
386604:10200,1146:1146,10/05/24 15:18:13,STABLE BEAMS,6800,483375.410190907,461025.517764483,63.1,HFET
386604:10200,1147:1147,10/05/24 15:18:36,STABLE BEAMS,6800,484333.520507384,462812.934687758,63.0,HFET
386604:10200,1148:1148,10/05/24 15:18:59,STABLE BEAMS,6800,490417.270193026,445913.622235160,64.0,HFET
386604:10200,1149:1149,10/05/24 15:19:23,STABLE BEAMS,6800,490071.021205229,459950.217168455,63.9,HFET
386604:10200,1150:1150,10/05/24 15:19:46,STABLE BEAMS,6800,489178.108806696,466328.127906091,63.9,HFET
386604:10200,1151:1151,10/05/24 15:20:09,STABLE BEAMS,6800,488698.282061672,466189.538331365,63.7,HFET
386604:10200,1152:1152,10/05/24 15:20:33,STABLE BEAMS,6800,488645.103181410,465612.734083309,63.7,HFET
386604:10200,1153:1153,10/05/24 15:20:56,STABLE BEAMS,6800,488835.141976591,463371.393352697,63.8,HFET
386604:10200,1154:1154,10/05/24 15:21:19,STABLE BEAMS,6800,488494.266123367,466343.107412713,63.7,HFET
386604:10200,1155:1155,10/05/24 15:21:43,STABLE BEAMS,6800,489147.560030743,464925.247925213,63.8,HFET
386604:10200,1156:1156,10/05/24 15:22:06,STABLE BEAMS,6800,489004.643975424,465805.092301007,63.8,HFET
386604:10200,1157:1157,10/05/24 15:22:29,STABLE BEAMS,6800,488380.716987504,465088.514290648,63.7,HFET
386604:10200,1158:1158,10/05/24 15:22:53,STABLE BEAMS,6800,488445.050075545,458922.130224328,63.7,HFET
386604:10200,1159:1159,10/05/24 15:23:16,STABLE BEAMS,6800,488092.929102504,465365.374082427,63.7,HFET
386604:10200,1160:1160,10/05/24 15:23:39,STABLE BEAMS,6800,488531.143775835,465319.801509371,63.7,HFET
386604:10200,1161:1161,10/05/24 15:24:03,STABLE BEAMS,6800,488701.694759725,465933.665233972,63.7,HFET
386604:10200,1162:1162,10/05/24 15:24:26,STABLE BEAMS,6800,489111.318762543,15348.103467018,63.8,HFET
386604:10200,1163:1163,10/05/24 15:24:49,STABLE BEAMS,6800,489771.897288374,388919.769805061,63.8,HFET
386604:10200,1164:1164,10/05/24 15:25:12,STABLE BEAMS,6800,489599.159753408,465029.416803584,63.9,HFET
386604:10200,1165:1165,10/05/24 15:25:36,STABLE BEAMS,6800,489150.884147836,466084.912561725,63.8,HFET
386604:10200,1166:1166,10/05/24 15:25:59,STABLE BEAMS,6800,489087.096532025,465518.260157948,63.8,HFET
386604:10200,1167:1167,10/05/24 15:26:22,STABLE BEAMS,6800,488845.475644947,465744.493599771,63.8,HFET
386604:10200,1168:1168,10/05/24 15:26:46,STABLE BEAMS,6800,488603.717224272,465900.293522674,63.7,HFET
386604:10200,1169:1169,10/05/24 15:27:09,STABLE BEAMS,6800,488330.363373664,465089.197296475,63.7,HFET
386604:10200,1170:1170,10/05/24 15:27:32,STABLE BEAMS,6800,488216.403968090,464444.735843284,63.7,HFET
386604:10200,1171:1171,10/05/24 15:27:56,STABLE BEAMS,6800,488167.278832306,465124.890761366,63.7,HFET
386604:10200,1172:1172,10/05/24 15:28:19,STABLE BEAMS,6800,488159.765768216,458670.082425778,63.7,HFET
386604:10200,1173:1173,10/05/24 15:28:42,STABLE BEAMS,6800,487714.401678948,463985.030962741,63.7,HFET
386604:10200,1174:1174,10/05/24 15:29:05,STABLE BEAMS,6800,487049.088733891,464684.855516191,63.5,HFET
386604:10200,1175:1175,10/05/24 15:29:29,STABLE BEAMS,6800,486694.191447065,464243.225813728,63.5,HFET
386604:10200,1176:1176,10/05/24 15:29:52,STABLE BEAMS,6800,486398.799585936,464047.450235821,63.5,HFET
386604:10200,1177:1177,10/05/24 15:30:15,STABLE BEAMS,6800,486027.374956759,463561.112790205,63.4,HFET
386604:10200,1178:1178,10/05/24 15:30:39,STABLE BEAMS,6800,485680.491915772,463402.534222439,63.4,HFET
386604:10200,1179:1179,10/05/24 15:31:02,STABLE BEAMS,6800,485548.911892309,462833.650977106,63.3,HFET
386604:10200,1180:1180,10/05/24 15:31:25,STABLE BEAMS,6800,485564.893762430,462401.718558730,63.3,HFET
386604:10200,1181:1181,10/05/24 15:31:49,STABLE BEAMS,6800,485240.911230788,463860.919712887,63.3,HFET
386604:10200,1182:1182,10/05/24 15:32:12,STABLE BEAMS,6800,485095.034706530,463413.916875852,63.3,HFET
386604:10200,1183:1183,10/05/24 15:32:35,STABLE BEAMS,6800,484470.744070457,463378.267701441,63.2,HFET
386604:10200,1184:1184,10/05/24 15:32:59,STABLE BEAMS,6800,483884.559564908,461978.937952213,63.1,HFET
386604:10200,1185:1185,10/05/24 15:33:22,STABLE BEAMS,6800,483547.690834604,455956.243859076,63.1,HFET
386604:10200,1186:1186,10/05/24 15:33:45,STABLE BEAMS,6800,483427.630998150,462328.599638063,63.1,HFET
386604:10200,1187:1187,10/05/24 15:34:09,STABLE BEAMS,6800,483864.936551098,462447.748023056,63.0,HFET
386604:10200,1188:1188,10/05/24 15:34:32,STABLE BEAMS,6800,488811.602751900,465437.721416307,64.0,HFET
386604:10200,1189:1189,10/05/24 15:34:55,STABLE BEAMS,6800,487951.971152626,465014.302094443,63.6,HFET
386604:10200,1190:1190,10/05/24 15:35:18,STABLE BEAMS,6800,489191.358653512,465645.513700818,63.7,HFET
386604:10200,1191:1191,10/05/24 15:35:42,STABLE BEAMS,6800,489250.456140577,466707.566781108,63.8,HFET
386604:10200,1192:1192,10/05/24 15:36:05,STABLE BEAMS,6800,488684.029851356,465889.412051011,63.8,HFET
386604:10200,1193:1193,10/05/24 15:36:28,STABLE BEAMS,6800,488388.048227518,466156.712092298,63.7,HFET
386604:10200,1194:1194,10/05/24 15:36:52,STABLE BEAMS,6800,487749.367847533,465801.131799645,63.7,HFET
386604:10200,1195:1195,10/05/24 15:37:15,STABLE BEAMS,6800,487216.271310208,463918.194297029,63.6,HFET
386604:10200,1196:1196,10/05/24 15:37:38,STABLE BEAMS,6800,487636.639251093,465457.752368750,63.5,HFET
386604:10200,1197:1197,10/05/24 15:38:02,STABLE BEAMS,6800,486051.005093489,463977.792965844,63.5,HFET
386604:10200,1198:1198,10/05/24 15:38:25,STABLE BEAMS,6800,485632.275900371,457570.149329521,63.3,HFET
386604:10200,1199:1199,10/05/24 15:38:48,STABLE BEAMS,6800,485435.180932369,463432.173878009,63.3,HFET
386604:10200,1200:1200,10/05/24 15:39:12,STABLE BEAMS,6800,484784.026954511,462843.166437116,63.3,HFET
386604:10200,1201:1201,10/05/24 15:39:35,STABLE BEAMS,6800,484399.718457749,461816.990976873,63.2,HFET
386604:10200,1202:1202,10/05/24 15:39:58,STABLE BEAMS,6800,483707.952440618,462434.544797798,63.2,HFET
386604:10200,1203:1203,10/05/24 15:40:21,STABLE BEAMS,6800,483972.930728312,462572.043428064,63.0,HFET
386604:10200,1204:1204,10/05/24 15:40:45,STABLE BEAMS,6800,483653.228055705,462696.474035591,63.4,HFET
386604:10200,1205:1205,10/05/24 15:41:08,STABLE BEAMS,6800,487305.735749150,464365.197134065,62.9,HFET
386604:10200,1206:1206,10/05/24 15:41:31,STABLE BEAMS,6800,489913.309798443,466504.779320861,64.0,HFET
386604:10200,1207:1207,10/05/24 15:41:55,STABLE BEAMS,6800,488358.727929620,465463.626685073,63.9,HFET
386604:10200,1208:1208,10/05/24 15:42:18,STABLE BEAMS,6800,486297.316109313,463325.636624486,63.4,HFET
386604:10200,1209:1209,10/05/24 15:42:41,STABLE BEAMS,6800,487892.966908678,464897.018571776,63.5,HFET
386604:10200,1210:1210,10/05/24 15:43:05,STABLE BEAMS,6800,488379.215773333,454498.455338131,63.7,HFET
386604:10200,1211:1211,10/05/24 15:43:28,STABLE BEAMS,6800,487946.600349132,250682.388315799,63.7,HFET
386604:10200,1212:1212,10/05/24 15:43:51,STABLE BEAMS,6800,487315.295499641,353919.795928243,63.6,HFET
386604:10200,1213:1213,10/05/24 15:44:15,STABLE BEAMS,6800,486496.413473236,464362.192374644,63.5,HFET
386604:10200,1214:1214,10/05/24 15:44:38,STABLE BEAMS,6800,485891.426493300,462584.973917207,63.4,HFET
386604:10200,1215:1215,10/05/24 15:45:01,STABLE BEAMS,6800,486914.186924412,464980.473491876,63.5,HFET
386604:10200,1216:1216,10/05/24 15:45:25,STABLE BEAMS,6800,486366.975710368,462392.886104546,63.7,HFET
386604:10200,1217:1217,10/05/24 15:45:48,STABLE BEAMS,6800,484158.370306786,463446.789736478,63.2,HFET
386604:10200,1218:1218,10/05/24 15:46:11,STABLE BEAMS,6800,484251.475889416,463583.556408281,64.5,HFET
386604:10200,1219:1219,10/05/24 15:46:34,STABLE BEAMS,6800,485738.039236029,464167.193045679,63.0,HFET
386604:10200,1220:1220,10/05/24 15:46:58,STABLE BEAMS,6800,490284.051421795,465942.954579426,64.0,HFET
386604:10200,1221:1221,10/05/24 15:47:21,STABLE BEAMS,6800,490126.340015009,466698.186523616,63.9,HFET
386604:10200,1222:1222,10/05/24 15:47:44,STABLE BEAMS,6800,490480.691829605,466320.479639483,63.9,HFET
386604:10200,1223:1223,10/05/24 15:48:08,STABLE BEAMS,6800,491029.952061128,467279.182049747,64.0,HFET
386604:10200,1224:1224,10/05/24 15:48:31,STABLE BEAMS,6800,491382.480972802,467251.864147770,64.1,HFET
386604:10200,1225:1225,10/05/24 15:48:54,STABLE BEAMS,6800,491698.815237835,461229.577993267,64.1,HFET
386604:10200,1226:1226,10/05/24 15:49:18,STABLE BEAMS,6800,492284.363359116,468163.441487094,64.2,HFET
386604:10200,1227:1227,10/05/24 15:49:41,STABLE BEAMS,6800,492482.912919731,468444.355023350,64.2,HFET
386604:10200,1228:1228,10/05/24 15:50:04,STABLE BEAMS,6800,493330.115211612,468070.881376693,64.3,HFET
386604:10200,1229:1229,10/05/24 15:50:28,STABLE BEAMS,6800,493607.065915429,469029.401962881,64.4,HFET
386604:10200,1230:1230,10/05/24 15:50:51,STABLE BEAMS,6800,493903.187403941,469002.221594501,64.4,HFET
386604:10200,1231:1231,10/05/24 15:51:14,STABLE BEAMS,6800,493872.316939237,467376.795937047,64.4,HFET
386604:10200,1232:1232,10/05/24 15:51:38,STABLE BEAMS,6800,493780.213720106,468078.986534571,64.4,HFET
386604:10200,1233:1233,10/05/24 15:52:01,STABLE BEAMS,6800,493776.344130782,467951.278431509,64.4,HFET
386604:10200,1234:1234,10/05/24 15:52:24,STABLE BEAMS,6800,493840.539685227,468974.812780486,64.4,HFET
386604:10200,1235:1235,10/05/24 15:52:47,STABLE BEAMS,6800,493801.701596240,468926.505853047,64.4,HFET
386604:10200,1236:1236,10/05/24 15:53:11,STABLE BEAMS,6800,493823.921430837,468493.890428846,64.4,HFET
386604:10200,1237:1237,10/05/24 15:53:34,STABLE BEAMS,6800,493733.592161993,468182.791764789,64.4,HFET
386604:10200,1238:1238,10/05/24 15:53:57,STABLE BEAMS,6800,493407.786727429,460601.371146313,64.4,HFET
386604:10200,1239:1239,10/05/24 15:54:21,STABLE BEAMS,6800,493213.423782732,467867.870132967,64.3,HFET
386604:10200,1240:1240,10/05/24 15:54:44,STABLE BEAMS,6800,492933.831967648,466945.136254787,64.3,HFET
386604:10200,1241:1241,10/05/24 15:55:07,STABLE BEAMS,6800,492853.199982891,468245.987286811,64.3,HFET
386604:10200,1242:1242,10/05/24 15:55:31,STABLE BEAMS,6800,492711.195379034,466803.495299082,64.3,HFET
386604:10200,1243:1243,10/05/24 15:55:54,STABLE BEAMS,6800,492531.765319401,466160.308945506,64.3,HFET
386604:10200,1244:1244,10/05/24 15:56:17,STABLE BEAMS,6800,492439.387033077,467889.996724447,64.2,HFET
386604:10200,1245:1245,10/05/24 15:56:41,STABLE BEAMS,6800,492378.242859611,468063.233110085,64.2,HFET
386604:10200,1246:1246,10/05/24 15:57:04,STABLE BEAMS,6800,492034.499780563,467878.933428707,64.2,HFET
386604:10200,1247:1247,10/05/24 15:57:27,STABLE BEAMS,6800,492476.085192546,467728.823666971,64.2,HFET
386604:10200,1248:1248,10/05/24 15:57:50,STABLE BEAMS,6800,491194.036634908,466058.051551018,64.1,HFET
386604:10200,1249:1249,10/05/24 15:58:14,STABLE BEAMS,6800,490711.522157058,465662.495603361,64.0,HFET
386604:10200,1250:1250,10/05/24 15:58:37,STABLE BEAMS,6800,490561.778374554,466530.048205358,64.0,HFET
386604:10200,1251:1251,10/05/24 15:59:00,STABLE BEAMS,6800,490333.085645540,460260.131644936,64.0,HFET
386604:10200,1252:1252,10/05/24 15:59:24,STABLE BEAMS,6800,490035.281118779,465708.709222841,63.9,HFET
386604:10200,1253:1253,10/05/24 15:59:47,STABLE BEAMS,6800,489862.135645180,465896.377311793,63.9,HFET
386604:10200,1254:1254,10/05/24 16:00:10,STABLE BEAMS,6800,489527.544377990,465441.863741745,63.9,HFET
386604:10200,1255:1255,10/05/24 16:00:34,STABLE BEAMS,6800,489219.632297430,464983.478251297,63.8,HFET
386604:10200,1256:1256,10/05/24 16:00:57,STABLE BEAMS,6800,488944.683989535,465399.202684994,63.8,HFET
386604:10200,1257:1257,10/05/24 16:01:20,STABLE BEAMS,6800,488411.449918613,464962.808583507,63.7,HFET
386604:10200,1258:1258,10/05/24 16:01:44,STABLE BEAMS,6800,488061.240429455,465373.206504190,63.7,HFET
386604:10200,1259:1259,10/05/24 16:02:07,STABLE BEAMS,6800,487794.306367399,464062.793390596,63.6,HFET
386604:10200,1260:1260,10/05/24 16:02:30,STABLE BEAMS,6800,487402.620009065,465064.520505765,63.6,HFET
386604:10200,1261:1261,10/05/24 16:02:54,STABLE BEAMS,6800,487117.883505043,465082.639974326,63.6,HFET
386604:10200,1262:1262,10/05/24 16:03:17,STABLE BEAMS,6800,486644.383305454,463309.929821558,63.5,HFET
386604:10200,1263:1263,10/05/24 16:03:40,STABLE BEAMS,6800,486227.612217778,457500.718174100,63.5,HFET
386604:10200,1264:1264,10/05/24 16:04:03,STABLE BEAMS,6800,485755.795056437,463275.555746761,63.4,HFET
386604:10200,1265:1265,10/05/24 16:04:27,STABLE BEAMS,6800,485428.763474895,464011.891973448,63.3,HFET
386604:10200,1266:1266,10/05/24 16:04:50,STABLE BEAMS,6800,485234.808468831,462896.618053493,63.3,HFET
386604:10200,1267:1267,10/05/24 16:05:13,STABLE BEAMS,6800,484736.769012130,463128.040474735,63.3,HFET
386604:10200,1268:1268,10/05/24 16:05:37,STABLE BEAMS,6800,484367.164954796,463034.480331913,63.2,HFET
386604:10200,1269:1269,10/05/24 16:06:00,STABLE BEAMS,6800,483941.426210417,463045.361803576,63.1,HFET
386604:10200,1270:1270,10/05/24 16:06:23,STABLE BEAMS,6800,483452.263498379,460079.065168613,63.1,HFET
386604:10200,1271:1271,10/05/24 16:06:47,STABLE BEAMS,6800,483325.282691624,306461.896014953,63.0,HFET
386604:10200,1272:1272,10/05/24 16:07:10,STABLE BEAMS,6800,486444.236956474,411864.087097431,63.5,HFET
386604:10200,1273:1273,10/05/24 16:07:33,STABLE BEAMS,6800,486070.446283222,464605.452009490,63.4,HFET
386604:10200,1274:1274,10/05/24 16:07:57,STABLE BEAMS,6800,485907.315120305,463383.957862608,63.4,HFET
386604:10200,1275:1275,10/05/24 16:08:20,STABLE BEAMS,6800,485486.448328748,463375.535678135,63.4,HFET
386604:10200,1276:1276,10/05/24 16:08:43,STABLE BEAMS,6800,485145.572475525,463781.516206186,63.3,HFET
386604:10200,1277:1277,10/05/24 16:09:07,STABLE BEAMS,6800,484808.249185029,456855.757870238,63.3,HFET
386604:10200,1278:1278,10/05/24 16:09:30,STABLE BEAMS,6800,484463.823100155,463021.775957327,63.2,HFET
386604:10200,1279:1279,10/05/24 16:09:53,STABLE BEAMS,6800,484048.828293842,463433.950159373,63.2,HFET
386604:10200,1280:1280,10/05/24 16:10:16,STABLE BEAMS,6800,483763.362162436,462832.923680799,63.1,HFET
386604:10200,1281:1281,10/05/24 16:10:40,STABLE BEAMS,6800,483371.587223142,461180.180121368,63.1,HFET
386604:10200,1282:1282,10/05/24 16:11:03,STABLE BEAMS,6800,476983.249574034,458577.932585089,63.0,HFET
386604:10200,1283:1283,10/05/24 16:11:26,STABLE BEAMS,6800,481248.756162176,460976.073271026,61.7,HFET
386604:10200,1284:1284,10/05/24 16:11:50,STABLE BEAMS,6800,482457.093705359,460295.235347117,62.9,HFET
386604:10200,1285:1285,10/05/24 16:12:13,STABLE BEAMS,6800,482018.240316682,461723.475124531,62.9,HFET
386604:10200,1286:1286,10/05/24 16:12:36,STABLE BEAMS,6800,481695.486263097,461552.879850160,62.8,HFET
386604:10200,1287:1287,10/05/24 16:13:00,STABLE BEAMS,6800,481263.143575010,461317.494596480,62.8,HFET
386604:10200,1288:1288,10/05/24 16:13:23,STABLE BEAMS,6800,480853.703727347,460209.596207019,62.7,HFET
386604:10200,1289:1289,10/05/24 16:13:46,STABLE BEAMS,6800,480409.843183329,461007.216471846,62.7,HFET
386604:10200,1290:1290,10/05/24 16:14:10,STABLE BEAMS,6800,480006.184408871,452558.788723603,62.6,HFET
386604:10200,1291:1291,10/05/24 16:14:33,STABLE BEAMS,6800,479775.671108013,459534.082465047,62.6,HFET
386604:10200,1292:1292,10/05/24 16:14:56,STABLE BEAMS,6800,479277.312293638,459017.422358034,62.5,HFET
386604:10200,1293:1293,10/05/24 16:15:19,STABLE BEAMS,6800,479083.040260980,457131.251650364,62.5,HFET
386604:10200,1294:1294,10/05/24 16:15:43,STABLE BEAMS,6800,478563.328772989,459807.620470809,62.4,HFET
386604:10200,1295:1295,10/05/24 16:16:06,STABLE BEAMS,6800,478267.981202341,458564.272468562,62.4,HFET
386604:10200,1296:1296,10/05/24 16:16:29,STABLE BEAMS,6800,477863.732665174,458216.524597672,62.4,HFET
386604:10200,1297:1297,10/05/24 16:16:53,STABLE BEAMS,6800,477442.635096904,458629.924946697,62.3,HFET
386604:10200,1298:1298,10/05/24 16:17:16,STABLE BEAMS,6800,477072.849215494,298733.347083383,62.3,HFET
386604:10200,1299:1299,10/05/24 16:17:39,STABLE BEAMS,6800,476595.115778429,457232.916951064,62.2,HFET
386604:10200,1300:1300,10/05/24 16:18:03,STABLE BEAMS,6800,476138.369035748,457780.675968415,62.1,HFET
386604:10200,1301:1301,10/05/24 16:18:26,STABLE BEAMS,6800,475748.824938009,457327.710234098,62.0,HFET
386604:10200,1302:1302,10/05/24 16:18:49,STABLE BEAMS,6800,475284.294726201,456659.847089812,62.0,HFET
386604:10200,1303:1303,10/05/24 16:19:13,STABLE BEAMS,6800,474937.500266175,448322.781926357,61.9,HFET
386604:10200,1304:1304,10/05/24 16:19:36,STABLE BEAMS,6800,474731.801289623,456054.268016088,61.9,HFET
386604:10200,1305:1305,10/05/24 16:19:59,STABLE BEAMS,6800,474269.728033928,456602.479262553,61.9,HFET
386604:10200,1306:1306,10/05/24 16:20:23,STABLE BEAMS,6800,474124.856204246,455955.971122962,61.8,HFET
386604:10200,1307:1307,10/05/24 16:20:46,STABLE BEAMS,6800,473867.526183161,455957.882606844,61.8,HFET
386604:10200,1308:1308,10/05/24 16:21:09,STABLE BEAMS,6800,473388.972206673,456098.383665453,61.7,HFET
386604:10200,1309:1309,10/05/24 16:21:32,STABLE BEAMS,6800,473072.318583967,455641.821077926,61.7,HFET
386604:10200,1310:1310,10/05/24 16:21:56,STABLE BEAMS,6800,472666.792616107,455557.729773557,61.7,HFET
386604:10200,1311:1311,10/05/24 16:22:19,STABLE BEAMS,6800,472439.377317786,455444.907934001,61.6,HFET
386604:10200,1312:1312,10/05/24 16:22:42,STABLE BEAMS,6800,472393.301231903,455217.993817429,61.6,HFET
386604:10200,1313:1313,10/05/24 16:23:06,STABLE BEAMS,6800,472444.612918762,455428.471503688,61.6,HFET
386604:10200,1314:1314,10/05/24 16:23:29,STABLE BEAMS,6800,472739.321774064,455142.732636167,61.6,HFET
386604:10200,1315:1315,10/05/24 16:23:52,STABLE BEAMS,6800,473146.213753577,455611.952976721,61.7,HFET
386604:10200,1316:1316,10/05/24 16:24:16,STABLE BEAMS,6800,473288.444471991,449050.243739457,61.7,HFET
386604:10200,1317:1317,10/05/24 16:24:39,STABLE BEAMS,6800,473613.247543055,436871.179890683,61.7,HFET
386604:10200,1318:1318,10/05/24 16:25:02,STABLE BEAMS,6800,473756.890894680,364613.091327969,61.8,HFET
386604:10200,1319:1319,10/05/24 16:25:26,STABLE BEAMS,6800,473852.364852463,455743.304554549,61.8,HFET
386604:10200,1320:1320,10/05/24 16:25:49,STABLE BEAMS,6800,473737.041766314,456436.117225660,61.8,HFET
386604:10200,1321:1321,10/05/24 16:26:12,STABLE BEAMS,6800,473620.532161511,455585.865883878,61.8,HFET
386604:10200,1322:1322,10/05/24 16:26:36,STABLE BEAMS,6800,473658.367886997,455934.844563902,61.8,HFET
386604:10200,1323:1323,10/05/24 16:26:59,STABLE BEAMS,6800,473519.321421002,456331.857435251,61.8,HFET
386604:10200,1324:1324,10/05/24 16:27:22,STABLE BEAMS,6800,473430.495697407,455649.149986862,61.7,HFET
386604:10200,1325:1325,10/05/24 16:27:45,STABLE BEAMS,6800,473086.342348647,456048.757347919,61.7,HFET
386604:10200,1326:1326,10/05/24 16:28:09,STABLE BEAMS,6800,472924.122637192,455844.424383019,61.7,HFET
386604:10200,1327:1327,10/05/24 16:28:32,STABLE BEAMS,6800,472519.461499235,455455.563291107,61.7,HFET
386604:10200,1328:1328,10/05/24 16:28:56,STABLE BEAMS,6800,472373.997575766,455177.789716790,61.6,HFET
386604:10200,1329:1329,10/05/24 16:29:19,STABLE BEAMS,6800,471584.755204932,446345.144383823,61.5,HFET
386604:10200,1330:1330,10/05/24 16:29:42,STABLE BEAMS,6800,471512.228378053,452560.655917005,61.5,HFET
386604:10200,1331:1331,10/05/24 16:30:05,STABLE BEAMS,6800,471818.909649479,445216.394502496,61.6,HFET
386604:10200,1332:1332,10/05/24 16:30:29,STABLE BEAMS,6800,471426.041434647,446621.824682603,61.5,HFET
386604:10200,1333:1333,10/05/24 16:30:52,STABLE BEAMS,6800,471908.192264343,447427.139835596,61.4,HFET
386604:10200,1334:1334,10/05/24 16:31:15,STABLE BEAMS,6800,471276.661300296,446380.793558235,61.6,HFET
386604:10200,1335:1335,10/05/24 16:31:39,STABLE BEAMS,6800,469882.839888159,446256.591396343,61.3,HFET
386604:10200,1336:1336,10/05/24 16:32:02,STABLE BEAMS,6800,469994.932100331,445609.579743923,61.3,HFET
386604:10200,1337:1337,10/05/24 16:32:25,STABLE BEAMS,6800,470247.709526266,445391.952641728,61.4,HFET
386604:10200,1338:1338,10/05/24 16:32:48,STABLE BEAMS,6800,469843.321124424,445651.557794849,61.3,HFET
386604:10200,1339:1339,10/05/24 16:33:12,STABLE BEAMS,6800,469634.890124567,446221.807051834,61.2,HFET
386604:10200,1340:1340,10/05/24 16:33:35,STABLE BEAMS,6800,469442.165927638,446253.404812846,61.2,HFET
386604:10200,1341:1341,10/05/24 16:33:58,STABLE BEAMS,6800,469278.671116568,445224.907599008,61.2,HFET
386604:10200,1342:1342,10/05/24 16:34:22,STABLE BEAMS,6800,468907.384020987,439140.794265213,61.2,HFET
386604:10200,1343:1343,10/05/24 16:34:45,STABLE BEAMS,6800,468573.429138065,443769.622655733,61.1,HFET
386604:10200,1344:1344,10/05/24 16:35:08,STABLE BEAMS,6800,468287.827804140,443860.816754480,61.1,HFET
386604:10200,1345:1345,10/05/24 16:35:32,STABLE BEAMS,6800,467848.200497599,443993.487722403,61.0,HFET
386604:10200,1346:1346,10/05/24 16:35:55,STABLE BEAMS,6800,466858.448129631,444363.774785563,61.0,HFET
386604:10200,1347:1347,10/05/24 16:36:18,STABLE BEAMS,6800,466668.957137757,444532.367664013,60.9,HFET
386604:10200,1348:1348,10/05/24 16:36:42,STABLE BEAMS,6800,467130.256475587,445206.879042485,60.9,HFET
386604:10200,1349:1349,10/05/24 16:37:05,STABLE BEAMS,6800,466151.248045687,444417.953698247,60.8,HFET
386604:10200,1350:1350,10/05/24 16:37:28,STABLE BEAMS,6800,465113.827465626,443051.405897607,60.7,HFET
386604:10200,1351:1351,10/05/24 16:37:52,STABLE BEAMS,6800,465250.960116661,443634.583312657,60.6,HFET
386604:10200,1352:1352,10/05/24 16:38:15,STABLE BEAMS,6800,465990.487589000,442937.355579994,60.8,HFET
386604:10200,1353:1353,10/05/24 16:38:38,STABLE BEAMS,6800,465840.014179112,443630.669432854,60.7,HFET
386604:10200,1354:1354,10/05/24 16:39:01,STABLE BEAMS,6800,465733.749661704,444219.539340150,60.8,HFET
386604:10200,1355:1355,10/05/24 16:39:25,STABLE BEAMS,6800,465558.872197220,437277.435485927,60.7,HFET
386604:10200,1356:1356,10/05/24 16:39:48,STABLE BEAMS,6800,465379.397847107,443738.209049876,60.7,HFET
386604:10200,1357:1357,10/05/24 16:40:11,STABLE BEAMS,6800,465175.475151919,443510.744798919,60.7,HFET
386604:10200,1358:1358,10/05/24 16:40:35,STABLE BEAMS,6800,465036.475307482,443064.427298788,60.7,HFET
386604:10200,1359:1359,10/05/24 16:40:58,STABLE BEAMS,6800,464595.391077249,442733.204439171,60.6,HFET
386604:10200,1360:1360,10/05/24 16:41:21,STABLE BEAMS,6800,464504.106066463,442643.147906441,60.6,HFET
386604:10200,1361:1361,10/05/24 16:41:45,STABLE BEAMS,6800,464583.964133356,442507.108530945,60.6,HFET
386604:10200,1362:1362,10/05/24 16:42:08,STABLE BEAMS,6800,464188.590009775,441230.251283803,60.6,HFET
386604:10200,1363:1363,10/05/24 16:42:31,STABLE BEAMS,6800,463745.867031775,442434.898730661,60.5,HFET
386604:10200,1364:1364,10/05/24 16:42:55,STABLE BEAMS,6800,463423.523247901,441955.298100193,60.5,HFET
386604:10200,1365:1365,10/05/24 16:43:18,STABLE BEAMS,6800,462809.246922511,441598.897268117,60.4,HFET
386604:10200,1366:1366,10/05/24 16:43:41,STABLE BEAMS,6800,462279.474502279,441496.276225476,60.3,HFET
386604:10200,1367:1367,10/05/24 16:44:05,STABLE BEAMS,6800,461451.804312170,440121.485733361,60.2,HFET
386604:10200,1368:1368,10/05/24 16:44:28,STABLE BEAMS,6800,461465.189361505,433106.535694586,60.1,HFET
386604:10200,1369:1369,10/05/24 16:44:51,STABLE BEAMS,6800,461317.084326768,440714.090027462,60.2,HFET
386604:10200,1370:1370,10/05/24 16:45:14,STABLE BEAMS,6800,460452.263748077,439907.499774855,60.2,HFET
386604:10200,1371:1371,10/05/24 16:45:38,STABLE BEAMS,6800,460209.367761384,439504.887654377,60.0,HFET
386604:10200,1372:1372,10/05/24 16:46:01,STABLE BEAMS,6800,460946.843885167,440589.612798378,60.0,HFET
386604:10200,1373:1373,10/05/24 16:46:24,STABLE BEAMS,6800,460873.953410134,438647.169870064,60.1,HFET
386604:10200,1374:1374,10/05/24 16:46:48,STABLE BEAMS,6800,460810.666976073,440017.179321394,60.1,HFET
386604:10200,1375:1375,10/05/24 16:47:11,STABLE BEAMS,6800,460679.863201552,439771.278575281,60.1,HFET
386604:10200,1376:1376,10/05/24 16:47:34,STABLE BEAMS,6800,460310.942150046,439985.991830094,60.1,HFET
386604:10200,1377:1377,10/05/24 16:47:58,STABLE BEAMS,6800,459856.381958440,409489.665129184,60.0,HFET
386604:10200,1378:1378,10/05/24 16:48:21,STABLE BEAMS,6800,459716.563905658,216122.382316005,60.0,HFET
386604:10200,1379:1379,10/05/24 16:48:44,STABLE BEAMS,6800,459294.100325736,435432.240465682,59.9,HFET
386604:10200,1380:1380,10/05/24 16:49:08,STABLE BEAMS,6800,458904.828964113,438388.702282961,59.9,HFET
386604:10200,1381:1381,10/05/24 16:49:31,STABLE BEAMS,6800,458698.628805811,432303.633207225,59.8,HFET
386604:10200,1382:1382,10/05/24 16:49:54,STABLE BEAMS,6800,458636.526559326,438998.561215720,59.8,HFET
386604:10200,1383:1383,10/05/24 16:50:17,STABLE BEAMS,6800,458458.737578538,329672.396762293,59.8,HFET
386604:10200,1384:1384,10/05/24 16:50:41,STABLE BEAMS,6800,458447.947018913,197948.306390440,59.8,HFET
386604:10200,1385:1385,10/05/24 16:51:04,STABLE BEAMS,6800,458138.533724182,434369.823737239,59.8,HFET
386604:10200,1386:1386,10/05/24 16:51:27,STABLE BEAMS,6800,457926.048979847,437506.717977651,59.7,HFET
386604:10200,1387:1387,10/05/24 16:51:51,STABLE BEAMS,6800,457388.080489699,437513.729859991,59.7,HFET
386604:10200,1388:1388,10/05/24 16:52:14,STABLE BEAMS,6800,457099.336862757,437463.145469438,59.6,HFET
386604:10200,1389:1389,10/05/24 16:52:37,STABLE BEAMS,6800,457219.305787172,309797.202282383,59.7,HFET
386604:10200,1390:1390,10/05/24 16:53:01,STABLE BEAMS,6800,456794.567075214,431851.942572521,59.6,HFET
386604:10200,1391:1391,10/05/24 16:53:24,STABLE BEAMS,6800,455983.878787648,434888.124923097,59.5,HFET
386604:10200,1392:1392,10/05/24 16:53:47,STABLE BEAMS,6800,455952.509472272,436475.852388660,59.4,HFET
386604:10200,1393:1393,10/05/24 16:54:11,STABLE BEAMS,6800,456183.796690994,436356.249443476,59.5,HFET
386604:10200,1394:1394,10/05/24 16:54:34,STABLE BEAMS,6800,455814.784727449,323839.920957337,59.5,HFET
386604:10200,1395:1395,10/05/24 16:54:57,STABLE BEAMS,6800,455414.813718238,428516.223704301,59.4,HFET
386604:10200,1396:1396,10/05/24 16:55:21,STABLE BEAMS,6800,455309.369740253,436798.105260496,59.3,HFET
386604:10200,1397:1397,10/05/24 16:55:44,STABLE BEAMS,6800,455242.304628907,435392.675080389,59.4,HFET
386604:10200,1398:1398,10/05/24 16:56:07,STABLE BEAMS,6800,454756.375121925,436261.230045885,59.3,HFET
386604:10200,1399:1399,10/05/24 16:56:30,STABLE BEAMS,6800,454570.753719375,436566.729460813,59.3,HFET
386604:10200,1400:1400,10/05/24 16:56:54,STABLE BEAMS,6800,454702.468945357,435856.342793372,59.3,HFET
386604:10200,1401:1401,10/05/24 16:57:17,STABLE BEAMS,6800,454521.355847476,435601.381147440,59.3,HFET
386604:10200,1402:1402,10/05/24 16:57:40,STABLE BEAMS,6800,454158.901206079,435026.441761707,59.3,HFET
386604:10200,1403:1403,10/05/24 16:58:04,STABLE BEAMS,6800,453977.967601197,435739.332006819,59.2,HFET
386604:10200,1404:1404,10/05/24 16:58:27,STABLE BEAMS,6800,453304.276762147,435209.785701144,59.1,HFET
386604:10200,1405:1405,10/05/24 16:58:50,STABLE BEAMS,6800,453048.725353505,433728.003395315,59.1,HFET
386604:10200,1406:1406,10/05/24 16:59:14,STABLE BEAMS,6800,452028.104851910,433533.731362657,59.0,HFET
386604:10200,1407:1407,10/05/24 16:59:37,STABLE BEAMS,6800,452037.893048036,434260.190812257,58.9,HFET
386604:10200,1408:1408,10/05/24 17:00:00,STABLE BEAMS,6800,452214.817198920,427865.799353828,59.0,HFET
386604:10200,1409:1409,10/05/24 17:00:24,STABLE BEAMS,6800,451597.354290033,433281.366537511,58.9,HFET
386604:10200,1410:1410,10/05/24 17:00:47,STABLE BEAMS,6800,451462.590014150,434226.863391440,58.8,HFET
386604:10200,1411:1411,10/05/24 17:01:10,STABLE BEAMS,6800,449264.092164367,432120.242646230,58.8,HFET
386604:10200,1412:1412,10/05/24 17:01:33,STABLE BEAMS,6800,446739.471853424,430227.379413892,58.4,HFET
386604:10200,1413:1413,10/05/24 17:01:57,STABLE BEAMS,6800,446808.903008845,430019.768953458,58.1,HFET
386604:10200,1414:1414,10/05/24 17:02:20,STABLE BEAMS,6800,445948.497491706,428571.677716599,58.2,HFET
386604:10200,1415:1415,10/05/24 17:02:43,STABLE BEAMS,6800,445105.850126054,428923.661156044,58.1,HFET
386604:10200,1416:1416,10/05/24 17:03:07,STABLE BEAMS,6800,444952.416247225,427971.287622293,58.0,HFET
386604:10200,1417:1417,10/05/24 17:03:30,STABLE BEAMS,6800,445153.746783781,428225.750417554,58.1,HFET
386604:10200,1418:1418,10/05/24 17:03:53,STABLE BEAMS,6800,444920.820817291,428878.769257736,58.0,HFET
386604:10200,1419:1419,10/05/24 17:04:17,STABLE BEAMS,6800,444662.171406112,427922.892113894,58.0,HFET
386604:10200,1420:1420,10/05/24 17:04:40,STABLE BEAMS,6800,444490.890794837,427516.911585842,58.0,HFET
386604:10200,1421:1421,10/05/24 17:05:03,STABLE BEAMS,6800,444050.081631797,421628.890856550,57.9,HFET
386604:10200,1422:1422,10/05/24 17:05:27,STABLE BEAMS,6800,443522.127452332,427971.562689486,57.9,HFET
386604:10200,1423:1423,10/05/24 17:05:50,STABLE BEAMS,6800,443402.433595109,427170.389861931,57.9,HFET
386604:10200,1424:1424,10/05/24 17:06:13,STABLE BEAMS,6800,442265.350110270,426737.047141423,57.8,HFET
386604:10200,1425:1425,10/05/24 17:06:37,STABLE BEAMS,6800,441854.222562203,425787.041982825,57.6,HFET
386604:10200,1426:1426,10/05/24 17:07:00,STABLE BEAMS,6800,442421.331857250,420646.376485479,57.6,HFET
386604:10200,1427:1427,10/05/24 17:07:23,STABLE BEAMS,6800,442260.888427158,420379.759450018,57.7,HFET
386604:10200,1428:1428,10/05/24 17:07:46,STABLE BEAMS,6800,442197.692905136,420254.373100550,57.7,HFET
386604:10200,1429:1429,10/05/24 17:08:10,STABLE BEAMS,6800,442176.885703750,420356.996474270,57.7,HFET
386604:10200,1430:1430,10/05/24 17:08:33,STABLE BEAMS,6800,441670.741089170,419873.479632920,57.6,HFET
386604:10200,1431:1431,10/05/24 17:08:56,STABLE BEAMS,6800,441339.292114996,419668.188595001,57.6,HFET
386604:10200,1432:1432,10/05/24 17:09:20,STABLE BEAMS,6800,440996.232041775,419855.541988436,57.5,HFET
386604:10200,1433:1433,10/05/24 17:09:43,STABLE BEAMS,6800,441248.051394691,420012.614679876,57.5,HFET
386604:10200,1434:1434,10/05/24 17:10:06,STABLE BEAMS,6800,441540.939678148,413862.713665427,57.6,HFET
386604:10200,1435:1435,10/05/24 17:10:30,STABLE BEAMS,6800,441267.630118020,419799.994733022,57.6,HFET
386604:10200,1436:1436,10/05/24 17:10:53,STABLE BEAMS,6800,440889.557254656,420081.090093355,57.5,HFET
386604:10200,1437:1437,10/05/24 17:11:16,STABLE BEAMS,6800,440604.046832769,419779.917159020,57.5,HFET
386604:10200,1438:1438,10/05/24 17:11:40,STABLE BEAMS,6800,440339.112835556,419772.450716488,57.4,HFET
386604:10200,1439:1439,10/05/24 17:12:03,STABLE BEAMS,6800,439641.565745220,418881.950983588,57.4,HFET
386604:10200,1440:1440,10/05/24 17:12:26,STABLE BEAMS,6800,439209.724238883,417574.454048454,57.3,HFET
386604:10200,1441:1441,10/05/24 17:12:50,STABLE BEAMS,6800,439209.996974998,418600.354441505,57.3,HFET
386604:10200,1442:1442,10/05/24 17:13:13,STABLE BEAMS,6800,438804.426716658,418113.741928697,57.3,HFET
386604:10200,1443:1443,10/05/24 17:13:36,STABLE BEAMS,6800,437708.775810514,417169.382640786,57.1,HFET
386604:10200,1444:1444,10/05/24 17:13:59,STABLE BEAMS,6800,437692.383670681,417408.865929425,57.1,HFET
386604:10200,1445:1445,10/05/24 17:14:23,STABLE BEAMS,6800,438120.584033329,417925.707860514,57.2,HFET
386604:10200,1446:1446,10/05/24 17:14:46,STABLE BEAMS,6800,437767.097048636,416919.339569235,57.1,HFET
386604:10200,1447:1447,10/05/24 17:15:09,STABLE BEAMS,6800,437284.673482824,410214.210763824,57.0,HFET
386604:10200,1448:1448,10/05/24 17:15:33,STABLE BEAMS,6800,437373.909476131,417888.147202220,57.0,HFET
386604:10200,1449:1449,10/05/24 17:15:56,STABLE BEAMS,6800,437650.270417237,417893.930606504,57.1,HFET
386604:10200,1450:1450,10/05/24 17:16:19,STABLE BEAMS,6800,437344.269820560,417176.303611088,57.1,HFET
386604:10200,1451:1451,10/05/24 17:16:43,STABLE BEAMS,6800,436999.752823648,417389.879299883,57.0,HFET
386604:10200,1452:1452,10/05/24 17:17:06,STABLE BEAMS,6800,436253.033975969,415983.402465797,57.0,HFET
386604:10200,1453:1453,10/05/24 17:17:29,STABLE BEAMS,6800,435851.696955106,416667.245149126,56.8,HFET
386604:10200,1454:1454,10/05/24 17:17:53,STABLE BEAMS,6800,436605.837954836,417181.676745661,56.9,HFET
386604:10200,1455:1455,10/05/24 17:18:16,STABLE BEAMS,6800,436510.000348901,416942.876462848,56.9,HFET
386604:10200,1456:1456,10/05/24 17:18:39,STABLE BEAMS,6800,436667.483310052,417302.874148132,56.9,HFET
386604:10200,1457:1457,10/05/24 17:19:03,STABLE BEAMS,6800,437082.753183557,417744.641384191,56.9,HFET
386604:10200,1458:1458,10/05/24 17:19:26,STABLE BEAMS,6800,436147.226349831,417089.298459337,56.9,HFET
386604:10200,1459:1459,10/05/24 17:19:49,STABLE BEAMS,6800,435704.547662311,415414.428308426,56.9,HFET
386604:10200,1460:1460,10/05/24 17:20:12,STABLE BEAMS,6800,435208.284486973,410285.509112647,56.8,HFET
386604:10200,1461:1461,10/05/24 17:20:36,STABLE BEAMS,6800,434842.004546733,416294.911399565,56.7,HFET
386604:10200,1462:1462,10/05/24 17:20:59,STABLE BEAMS,6800,434558.314696691,415944.566707889,56.7,HFET
386604:10200,1463:1463,10/05/24 17:21:22,STABLE BEAMS,6800,433568.835064838,415086.755680460,56.6,HFET
386604:10200,1464:1464,10/05/24 17:21:46,STABLE BEAMS,6800,432613.638595744,414389.481326238,56.4,HFET
386604:10200,1465:1465,10/05/24 17:22:09,STABLE BEAMS,6800,433458.290688396,414078.429283739,56.4,HFET
386604:10200,1466:1466,10/05/24 17:22:32,STABLE BEAMS,6800,433576.210595332,414463.283252732,56.6,HFET
386604:10200,1467:1467,10/05/24 17:22:56,STABLE BEAMS,6800,433264.200479814,414181.050326381,56.5,HFET
386604:10200,1468:1468,10/05/24 17:23:19,STABLE BEAMS,6800,432991.392101436,414573.009420829,56.5,HFET
386604:10200,1469:1469,10/05/24 17:23:42,STABLE BEAMS,6800,432382.078640907,414516.280308917,56.4,HFET
386604:10200,1470:1470,10/05/24 17:24:06,STABLE BEAMS,6800,432395.556933357,413796.604296022,56.4,HFET
386604:10200,1471:1471,10/05/24 17:24:29,STABLE BEAMS,6800,433335.680652713,414484.318899752,56.5,HFET
386604:10200,1472:1472,10/05/24 17:24:52,STABLE BEAMS,6800,433237.749738818,414638.480074888,56.5,HFET
386604:10200,1473:1473,10/05/24 17:25:15,STABLE BEAMS,6800,433105.624243125,408424.973268705,56.5,HFET
386604:10200,1474:1474,10/05/24 17:25:39,STABLE BEAMS,6800,432543.843792170,414645.899895862,56.5,HFET
386604:10200,1475:1475,10/05/24 17:26:02,STABLE BEAMS,6800,432001.504530949,413845.547607729,56.4,HFET
386604:10200,1476:1476,10/05/24 17:26:25,STABLE BEAMS,6800,431389.048777403,412904.966997104,56.3,HFET
386604:10200,1477:1477,10/05/24 17:26:49,STABLE BEAMS,6800,431201.606803008,412012.919428474,56.1,HFET
386604:10200,1478:1478,10/05/24 17:27:12,STABLE BEAMS,6800,431467.314718086,412923.088796742,56.3,HFET
386604:10200,1479:1479,10/05/24 17:27:35,STABLE BEAMS,6800,430997.001101994,413130.881081254,56.2,HFET
386604:10200,1480:1480,10/05/24 17:27:59,STABLE BEAMS,6800,429970.461993597,411558.496770465,56.2,HFET
386604:10200,1481:1481,10/05/24 17:28:22,STABLE BEAMS,6800,429568.351054869,412145.091545725,56.0,HFET
386604:10200,1482:1482,10/05/24 17:28:45,STABLE BEAMS,6800,429937.453930453,411252.088235155,56.1,HFET
386604:10200,1483:1483,10/05/24 17:29:09,STABLE BEAMS,6800,429572.994562057,410877.749758595,56.1,HFET
386604:10200,1484:1484,10/05/24 17:29:32,STABLE BEAMS,6800,428586.246953510,411401.377457467,55.9,HFET
386604:10200,1485:1485,10/05/24 17:29:55,STABLE BEAMS,6800,428747.191565351,410671.593890773,55.9,HFET
386604:10200,1486:1486,10/05/24 17:30:19,STABLE BEAMS,6800,429467.184604841,405450.662387902,56.0,HFET
386604:10200,1487:1487,10/05/24 17:30:42,STABLE BEAMS,6800,429471.464463876,411896.274621152,56.0,HFET
386604:10200,1488:1488,10/05/24 17:31:05,STABLE BEAMS,6800,429574.952667498,410960.111403158,56.0,HFET
386604:10200,1489:1489,10/05/24 17:31:28,STABLE BEAMS,6800,429341.478897700,411807.402275999,56.0,HFET
386604:10200,1490:1490,10/05/24 17:31:52,STABLE BEAMS,6800,429237.720289041,411702.914039955,56.0,HFET
386604:10200,1491:1491,10/05/24 17:32:15,STABLE BEAMS,6800,429484.805222730,410362.907892349,56.0,HFET
386604:10200,1492:1492,10/05/24 17:32:38,STABLE BEAMS,6800,428831.739760989,411404.608331444,56.0,HFET
386604:10200,1493:1493,10/05/24 17:33:02,STABLE BEAMS,6800,428223.927514632,411348.608846917,55.9,HFET
386604:10200,1494:1494,10/05/24 17:33:25,STABLE BEAMS,6800,428153.587238828,410196.044673705,55.8,HFET
386604:10200,1495:1495,10/05/24 17:33:48,STABLE BEAMS,6800,427208.134675380,410582.539721543,55.9,HFET
386604:10200,1496:1496,10/05/24 17:34:12,STABLE BEAMS,6800,428125.313594910,410526.950506727,55.8,HFET
386604:10200,1497:1497,10/05/24 17:34:35,STABLE BEAMS,6800,427803.559573747,410832.265766499,55.8,HFET
386604:10200,1498:1498,10/05/24 17:34:58,STABLE BEAMS,6800,427251.341204361,410250.041762312,55.8,HFET
386604:10200,1499:1499,10/05/24 17:35:22,STABLE BEAMS,6800,426527.522866028,403891.161944698,55.7,HFET
386604:10200,1500:1500,10/05/24 17:35:45,STABLE BEAMS,6800,426536.035962539,409877.980748866,55.6,HFET
386604:10200,1501:1501,10/05/24 17:36:08,STABLE BEAMS,6800,426669.480848327,410068.110456086,55.7,HFET
386604:10200,1502:1502,10/05/24 17:36:31,STABLE BEAMS,6800,426229.718339267,409866.735629049,55.6,HFET
386604:10200,1503:1503,10/05/24 17:36:55,STABLE BEAMS,6800,426024.383010868,407949.696787752,55.6,HFET
386604:10200,1504:1504,10/05/24 17:37:18,STABLE BEAMS,6800,426156.508506562,409418.322489881,55.6,HFET
386604:10200,1505:1505,10/05/24 17:37:41,STABLE BEAMS,6800,425969.931362070,409441.041175150,55.6,HFET
386604:10200,1506:1506,10/05/24 17:38:05,STABLE BEAMS,6800,425542.595829325,408503.008432675,55.5,HFET
386604:10200,1507:1507,10/05/24 17:38:28,STABLE BEAMS,6800,425702.267672629,408992.900772097,55.5,HFET
386604:10200,1508:1508,10/05/24 17:38:51,STABLE BEAMS,6800,426322.870543456,409266.119420186,55.6,HFET
386604:10200,1509:1509,10/05/24 17:39:15,STABLE BEAMS,6800,425595.273527837,409167.684993464,55.5,HFET
386604:10200,1510:1510,10/05/24 17:39:38,STABLE BEAMS,6800,425034.996622132,407834.919173833,55.4,HFET
386604:10200,1511:1511,10/05/24 17:40:01,STABLE BEAMS,6800,424852.151533367,409029.869336603,55.4,HFET
386604:10200,1512:1512,10/05/24 17:40:25,STABLE BEAMS,6800,423565.459468541,402022.248206763,55.2,HFET
386604:10200,1513:1513,10/05/24 17:40:48,STABLE BEAMS,6800,424773.750390165,408943.864217273,55.4,HFET
386604:10200,1514:1514,10/05/24 17:41:11,STABLE BEAMS,6800,423812.546733308,407919.555950432,55.3,HFET
386604:10200,1515:1515,10/05/24 17:41:35,STABLE BEAMS,6800,423061.774141152,406284.614832966,55.3,HFET
386604:10200,1516:1516,10/05/24 17:41:58,STABLE BEAMS,6800,422024.491094687,406957.669287748,55.1,HFET
386604:10200,1517:1517,10/05/24 17:42:21,STABLE BEAMS,6800,422144.641843179,406745.641434682,55.0,HFET
386604:10200,1518:1518,10/05/24 17:42:44,STABLE BEAMS,6800,422258.964896907,403034.947705634,55.1,HFET
386604:10200,1519:1519,10/05/24 17:43:08,STABLE BEAMS,6800,422495.760452721,403107.064262802,55.1,HFET
386604:10200,1520:1520,10/05/24 17:43:31,STABLE BEAMS,6800,420931.432347174,295813.149845082,54.9,HFET
386604:10200,1521:1521,10/05/24 17:43:54,STABLE BEAMS,6800,421491.210402208,401291.054337936,54.8,HFET
386604:10200,1522:1522,10/05/24 17:44:18,STABLE BEAMS,6800,421529.820045559,401466.295450573,55.0,HFET
386604:10200,1523:1523,10/05/24 17:44:41,STABLE BEAMS,6800,421493.898135033,401101.609967620,54.9,HFET
386604:10200,1524:1524,10/05/24 17:45:04,STABLE BEAMS,6800,421218.492935868,400888.761575132,54.9,HFET
386604:10200,1525:1525,10/05/24 17:45:28,STABLE BEAMS,6800,420934.439437672,395840.019803918,54.9,HFET
386604:10200,1526:1526,10/05/24 17:45:51,STABLE BEAMS,6800,420612.049032240,400980.594389225,54.9,HFET
386604:10200,1527:1527,10/05/24 17:46:14,STABLE BEAMS,6800,420844.837465134,401476.130268257,54.9,HFET
386604:10200,1528:1528,10/05/24 17:46:38,STABLE BEAMS,6800,420819.706114233,401033.817559968,54.9,HFET
386604:10200,1529:1529,10/05/24 17:47:01,STABLE BEAMS,6800,420888.591797424,401006.499657991,54.9,HFET
386604:10200,1530:1530,10/05/24 17:47:24,STABLE BEAMS,6800,420784.784236128,401402.008984090,54.9,HFET
386604:10200,1531:1531,10/05/24 17:47:48,STABLE BEAMS,6800,420804.817519650,401009.185059738,54.9,HFET
386604:10200,1532:1532,10/05/24 17:48:11,STABLE BEAMS,6800,420552.951545176,401266.559371303,54.9,HFET
386604:10200,1533:1533,10/05/24 17:48:34,STABLE BEAMS,6800,420423.513782308,400369.003465583,54.8,HFET
386604:10200,1534:1534,10/05/24 17:48:57,STABLE BEAMS,6800,420011.113465704,400593.779983715,54.8,HFET
386604:10200,1535:1535,10/05/24 17:49:21,STABLE BEAMS,6800,419750.778685199,245797.549294289,54.8,HFET
386604:10200,1536:1536,10/05/24 17:49:44,STABLE BEAMS,6800,419358.229828041,84234.553069226,54.7,HFET
386604:10200,1537:1537,10/05/24 17:50:07,STABLE BEAMS,6800,418862.146145702,400068.378334556,54.7,HFET
386604:10200,1538:1538,10/05/24 17:50:31,STABLE BEAMS,6800,417837.609433225,399594.101886024,54.5,HFET
386604:10200,1539:1539,10/05/24 17:50:54,STABLE BEAMS,6800,417734.076939123,393102.597722045,54.5,HFET
386604:10200,1540:1540,10/05/24 17:51:17,STABLE BEAMS,6800,418477.154643113,399214.893787720,54.6,HFET
386604:10200,1541:1541,10/05/24 17:51:41,STABLE BEAMS,6800,418277.966367151,399026.904010017,54.6,HFET
386604:10200,1542:1542,10/05/24 17:52:04,STABLE BEAMS,6800,418155.584777104,399711.112672577,54.5,HFET
386604:10200,1543:1543,10/05/24 17:52:27,STABLE BEAMS,6800,418027.648228407,398916.359633574,54.5,HFET
386604:10200,1544:1544,10/05/24 17:52:51,STABLE BEAMS,6800,418015.992838879,399570.245634738,54.5,HFET
386604:10200,1545:1545,10/05/24 17:53:14,STABLE BEAMS,6800,417644.612500181,399319.335402205,54.5,HFET
386604:10200,1546:1546,10/05/24 17:53:37,STABLE BEAMS,6800,417266.541967895,399174.463572524,54.4,HFET
386604:10200,1547:1547,10/05/24 17:54:00,STABLE BEAMS,6800,417346.992128575,398987.112510167,54.4,HFET
386604:10200,1548:1548,10/05/24 17:54:24,STABLE BEAMS,6800,417449.384725582,398607.720256708,54.4,HFET
386604:10200,1549:1549,10/05/24 17:54:47,STABLE BEAMS,6800,417230.755259887,399515.838276419,54.4,HFET
386604:10200,1550:1550,10/05/24 17:55:10,STABLE BEAMS,6800,416664.923395532,398603.487019231,54.4,HFET
386604:10200,1551:1551,10/05/24 17:55:34,STABLE BEAMS,6800,416831.742323696,399213.662978586,54.3,HFET
386604:10200,1552:1552,10/05/24 17:55:57,STABLE BEAMS,6800,416739.408327852,393096.588203204,54.4,HFET
386604:10200,1553:1553,10/05/24 17:56:20,STABLE BEAMS,6800,416549.873045498,399097.109083302,54.3,HFET
386604:10200,1554:1554,10/05/24 17:56:44,STABLE BEAMS,6800,416318.038023468,398237.570727145,54.3,HFET
386604:10200,1555:1555,10/05/24 17:57:07,STABLE BEAMS,6800,415877.865244696,398455.470565455,54.3,HFET
386604:10200,1556:1556,10/05/24 17:57:30,STABLE BEAMS,6800,415632.920240524,397950.876117683,54.2,HFET
386604:10200,1557:1557,10/05/24 17:57:54,STABLE BEAMS,6800,415289.815876822,397890.960422273,54.2,HFET
386604:10200,1558:1558,10/05/24 17:58:17,STABLE BEAMS,6800,414902.001438890,397525.407778340,54.1,HFET
386604:10200,1559:1559,10/05/24 17:58:40,STABLE BEAMS,6800,414096.366928224,396749.412923244,54.0,HFET
386604:10200,1560:1560,10/05/24 17:59:04,STABLE BEAMS,6800,414378.555564094,397554.317806526,54.0,HFET
386604:10200,1561:1561,10/05/24 17:59:27,STABLE BEAMS,6800,414645.855605381,397435.442157649,54.1,HFET
386604:10200,1562:1562,10/05/24 17:59:50,STABLE BEAMS,6800,414312.993997997,396731.430988280,54.1,HFET
386604:10200,1563:1563,10/05/24 18:00:13,STABLE BEAMS,6800,414407.465592280,397544.802346515,54.0,HFET
386604:10200,1564:1564,10/05/24 18:00:37,STABLE BEAMS,6800,413293.329238344,396873.843530771,53.9,HFET
386604:10200,1565:1565,10/05/24 18:01:00,STABLE BEAMS,6800,412954.821760272,390938.611480655,53.9,HFET
386604:10200,1566:1566,10/05/24 18:01:23,STABLE BEAMS,6800,413645.676325942,396852.763593270,53.8,HFET
386604:10200,1567:1567,10/05/24 18:01:47,STABLE BEAMS,6800,413501.851150240,396471.641680004,53.9,HFET
386604:10200,1568:1568,10/05/24 18:02:10,STABLE BEAMS,6800,413202.545409308,396369.384285517,53.9,HFET
386604:10200,1569:1569,10/05/24 18:02:33,STABLE BEAMS,6800,412998.210113330,396131.542075723,53.9,HFET
386604:10200,1570:1570,10/05/24 18:02:57,STABLE BEAMS,6800,412208.240446190,395043.220078514,53.8,HFET
386604:10200,1571:1571,10/05/24 18:03:20,STABLE BEAMS,6800,412155.791193312,396023.820634624,53.8,HFET
386604:10200,1572:1572,10/05/24 18:03:43,STABLE BEAMS,6800,412506.863181296,396204.980354063,53.8,HFET
386604:10200,1573:1573,10/05/24 18:04:07,STABLE BEAMS,6800,412217.480839008,396042.350372897,53.8,HFET
386604:10200,1574:1574,10/05/24 18:04:30,STABLE BEAMS,6800,411911.072303698,395640.148522130,53.7,HFET
386604:10200,1575:1575,10/05/24 18:04:53,STABLE BEAMS,6800,411754.953023121,395307.697184458,53.7,HFET
386604:10200,1576:1576,10/05/24 18:05:17,STABLE BEAMS,6800,411703.186776070,395777.281173165,53.7,HFET
386604:10200,1577:1577,10/05/24 18:05:40,STABLE BEAMS,6800,411051.760062097,395247.916691567,53.7,HFET
386604:10200,1578:1578,10/05/24 18:06:03,STABLE BEAMS,6800,410560.368839582,388720.124637830,53.6,HFET
386604:10200,1579:1579,10/05/24 18:06:26,STABLE BEAMS,6800,410935.753970122,394130.913111806,53.5,HFET
386604:10200,1580:1580,10/05/24 18:06:50,STABLE BEAMS,6800,411003.910025928,393691.285805265,53.6,HFET
386604:10200,1581:1581,10/05/24 18:07:13,STABLE BEAMS,6800,410618.736699262,394768.679709252,53.6,HFET
386604:10200,1582:1582,10/05/24 18:07:36,STABLE BEAMS,6800,410375.975915088,394713.090494436,53.5,HFET
386604:10200,1583:1583,10/05/24 18:08:00,STABLE BEAMS,6800,410742.027409693,394858.190769752,53.5,HFET
386604:10200,1584:1584,10/05/24 18:08:23,STABLE BEAMS,6800,410491.800182987,394480.073615907,53.6,HFET
386604:10200,1585:1585,10/05/24 18:08:46,STABLE BEAMS,6800,410076.486019001,393380.459877323,53.5,HFET
386604:10200,1586:1586,10/05/24 18:09:10,STABLE BEAMS,6800,409984.881650542,389863.674532780,53.5,HFET
386604:10200,1587:1587,10/05/24 18:09:33,STABLE BEAMS,6800,409986.112459677,393638.836552387,53.5,HFET
386604:10200,1588:1588,10/05/24 18:09:56,STABLE BEAMS,6800,409771.396873785,393967.098943063,53.5,HFET
386604:10200,1589:1589,10/05/24 18:10:20,STABLE BEAMS,6800,409635.676855962,393370.580769159,53.4,HFET
386604:10200,1590:1590,10/05/24 18:10:43,STABLE BEAMS,6800,409296.257926429,393607.285412934,53.4,HFET
386604:10200,1591:1591,10/05/24 18:11:06,STABLE BEAMS,6800,408992.718948020,387983.604255989,53.3,HFET
386604:10200,1592:1592,10/05/24 18:11:29,STABLE BEAMS,6800,408777.639713976,392380.282928961,53.3,HFET
386604:10200,1593:1593,10/05/24 18:11:53,STABLE BEAMS,6800,408460.440619040,392061.580288776,53.3,HFET
386604:10200,1594:1594,10/05/24 18:12:16,STABLE BEAMS,6800,407507.474991501,392413.608018700,53.2,HFET
386604:10200,1595:1595,10/05/24 18:12:39,STABLE BEAMS,6800,406983.392732437,391977.806011002,53.1,HFET
386604:10200,1596:1596,10/05/24 18:13:03,STABLE BEAMS,6800,407466.681128152,391400.227845081,53.1,HFET
386604:10200,1597:1597,10/05/24 18:13:26,STABLE BEAMS,6800,407323.401424680,392147.583077027,53.1,HFET
386604:10200,1598:1598,10/05/24 18:13:49,STABLE BEAMS,6800,407128.220271638,391319.824305958,53.1,HFET
386604:10200,1599:1599,10/05/24 18:14:13,STABLE BEAMS,6800,406891.879276016,391796.329264968,53.1,HFET
386604:10200,1600:1600,10/05/24 18:14:36,STABLE BEAMS,6800,406619.115188118,390893.582048751,53.0,HFET
386604:10200,1601:1601,10/05/24 18:14:59,STABLE BEAMS,6800,406638.465465813,391445.984573291,53.0,HFET
386604:10200,1602:1602,10/05/24 18:15:23,STABLE BEAMS,6800,406686.271211503,390162.525713521,53.1,HFET
386604:10200,1603:1603,10/05/24 18:15:46,STABLE BEAMS,6800,406446.016336077,390792.963402031,53.0,HFET
386604:10200,1604:1604,10/05/24 18:16:09,STABLE BEAMS,6800,406095.534110804,385496.817339455,53.0,HFET
386604:10200,1605:1605,10/05/24 18:16:33,STABLE BEAMS,6800,405909.185411947,390710.965405621,52.9,HFET
386604:10200,1606:1606,10/05/24 18:16:56,STABLE BEAMS,6800,405679.809677107,390508.909903836,52.9,HFET
386604:10200,1607:1607,10/05/24 18:17:19,STABLE BEAMS,6800,405227.389415019,390403.372682734,52.9,HFET
386604:10200,1608:1608,10/05/24 18:17:42,STABLE BEAMS,6800,404845.537874369,390078.252585075,52.8,HFET
386604:10200,1609:1609,10/05/24 18:18:06,STABLE BEAMS,6800,404808.842045978,389803.120122024,52.8,HFET
386604:10200,1610:1610,10/05/24 18:18:29,STABLE BEAMS,6800,404659.643735704,389179.967051970,52.8,HFET
386604:10200,1611:1611,10/05/24 18:18:52,STABLE BEAMS,6800,403740.324886656,388629.021451121,52.8,HFET
386604:10200,1612:1612,10/05/24 18:19:16,STABLE BEAMS,6800,403551.472610128,389224.858950277,52.6,HFET
386604:10200,1613:1613,10/05/24 18:19:39,STABLE BEAMS,6800,404344.402746209,389679.463432362,52.7,HFET
386604:10200,1614:1614,10/05/24 18:20:02,STABLE BEAMS,6800,404222.384804314,388839.683292534,52.7,HFET
386604:10200,1615:1615,10/05/24 18:20:26,STABLE BEAMS,6800,404242.236263759,388696.813858773,52.7,HFET
386604:10200,1616:1616,10/05/24 18:20:49,STABLE BEAMS,6800,403576.832406664,389140.310754638,52.7,HFET
386604:10200,1617:1617,10/05/24 18:21:12,STABLE BEAMS,6800,403496.836806175,383406.633024558,52.5,HFET
386604:10200,1618:1618,10/05/24 18:21:36,STABLE BEAMS,6800,404011.177490671,387880.391119559,52.7,HFET
386604:10200,1619:1619,10/05/24 18:21:59,STABLE BEAMS,6800,403705.132603514,388969.123386480,52.6,HFET
386604:10200,1620:1620,10/05/24 18:22:22,STABLE BEAMS,6800,403579.154160258,389156.975630586,52.7,HFET
386604:10200,1621:1621,10/05/24 18:22:45,STABLE BEAMS,6800,403222.116943914,388624.333653452,52.6,HFET
386604:10200,1622:1622,10/05/24 18:23:09,STABLE BEAMS,6800,402429.732280063,388266.384985647,52.6,HFET
386604:10200,1623:1623,10/05/24 18:23:32,STABLE BEAMS,6800,402078.567048964,387726.411768500,52.5,HFET
386604:10200,1624:1624,10/05/24 18:23:55,STABLE BEAMS,6800,402693.025198431,388412.077354752,52.4,HFET
386604:10200,1625:1625,10/05/24 18:24:19,STABLE BEAMS,6800,402675.178465985,387140.728444701,52.5,HFET
386604:10200,1626:1626,10/05/24 18:24:42,STABLE BEAMS,6800,402401.868905857,388188.529314676,52.5,HFET
386604:10200,1627:1627,10/05/24 18:25:05,STABLE BEAMS,6800,402203.953398432,387180.522275629,52.5,HFET
386604:10200,1628:1628,10/05/24 18:25:29,STABLE BEAMS,6800,401804.439280491,387566.970701908,52.4,HFET
386604:10200,1629:1629,10/05/24 18:25:52,STABLE BEAMS,6800,401660.294747116,387579.992103089,52.4,HFET
386604:10200,1630:1630,10/05/24 18:26:15,STABLE BEAMS,6800,401408.065124489,380406.486807327,52.4,HFET
386604:10200,1631:1631,10/05/24 18:26:39,STABLE BEAMS,6800,401054.850875910,386804.817787416,52.3,HFET
386604:10200,1632:1632,10/05/24 18:27:02,STABLE BEAMS,6800,400329.258587291,385167.599206837,52.2,HFET
386604:10200,1633:1633,10/05/24 18:27:25,STABLE BEAMS,6800,400456.465508603,386735.612746553,52.2,HFET
386604:10200,1634:1634,10/05/24 18:27:49,STABLE BEAMS,6800,400412.529352237,386839.464598328,52.2,HFET
386604:10200,1635:1635,10/05/24 18:28:12,STABLE BEAMS,6800,399929.150044484,385047.357546307,52.2,HFET
386604:10200,1636:1636,10/05/24 18:28:35,STABLE BEAMS,6800,399375.700865964,385906.760699946,52.1,HFET
386604:10200,1637:1637,10/05/24 18:28:58,STABLE BEAMS,6800,399707.287373734,386164.498659664,52.1,HFET
386604:10200,1638:1638,10/05/24 18:29:22,STABLE BEAMS,6800,399648.374041824,384978.744599232,52.1,HFET
386604:10200,1639:1639,10/05/24 18:29:45,STABLE BEAMS,6800,399221.539690829,385762.844612206,52.1,HFET
386604:10200,1640:1640,10/05/24 18:30:08,STABLE BEAMS,6800,398900.652830646,385303.503379816,52.0,HFET
386604:10200,1641:1641,10/05/24 18:30:32,STABLE BEAMS,6800,399172.186109410,384871.661873479,52.0,HFET
386604:10200,1642:1642,10/05/24 18:30:55,STABLE BEAMS,6800,398988.159164147,379866.149942026,52.0,HFET
386604:10200,1643:1643,10/05/24 18:31:18,STABLE BEAMS,6800,399175.099956792,384974.238625640,52.1,HFET
386604:10200,1644:1644,10/05/24 18:31:42,STABLE BEAMS,6800,399019.528479524,384809.969896706,52.1,HFET
386604:10200,1645:1645,10/05/24 18:32:05,STABLE BEAMS,6800,398920.548580571,384728.382170007,52.0,HFET
386604:10200,1646:1646,10/05/24 18:32:28,STABLE BEAMS,6800,398664.039098909,385133.726313790,52.0,HFET
386604:10200,1647:1647,10/05/24 18:32:52,STABLE BEAMS,6800,398351.301687085,383873.167963365,52.0,HFET
386604:10200,1648:1648,10/05/24 18:33:15,STABLE BEAMS,6800,397953.016047200,384518.083976747,51.9,HFET
386604:10200,1649:1649,10/05/24 18:33:38,STABLE BEAMS,6800,397588.328233170,384145.249045437,51.9,HFET
386604:10200,1650:1650,10/05/24 18:34:02,STABLE BEAMS,6800,397045.578702237,383184.180591098,51.8,HFET
386604:10200,1651:1651,10/05/24 18:34:25,STABLE BEAMS,6800,396639.644795744,383407.362651943,51.8,HFET
386604:10200,1652:1652,10/05/24 18:34:48,STABLE BEAMS,6800,397327.221865878,384084.694634681,51.7,HFET
386604:10200,1653:1653,10/05/24 18:35:11,STABLE BEAMS,6800,396906.033385570,383509.848492065,51.8,HFET
386604:10200,1654:1654,10/05/24 18:35:35,STABLE BEAMS,6800,396520.130431520,383341.891997884,51.8,HFET
386604:10200,1655:1655,10/05/24 18:35:58,STABLE BEAMS,6800,396329.956433820,376495.488216000,51.7,HFET
386604:10200,1656:1656,10/05/24 18:36:21,STABLE BEAMS,6800,396412.819260133,382834.609817286,51.7,HFET
386604:10200,1657:1657,10/05/24 18:36:45,STABLE BEAMS,6800,396421.423268683,382918.381763982,51.7,HFET
386604:10200,1658:1658,10/05/24 18:37:08,STABLE BEAMS,6800,395946.876415114,383009.531572250,51.7,HFET
386604:10200,1659:1659,10/05/24 18:37:31,STABLE BEAMS,6800,395655.356474387,382733.033097547,51.6,HFET
386604:10200,1660:1660,10/05/24 18:37:55,STABLE BEAMS,6800,395620.753953955,382078.874360268,51.6,HFET
386604:10200,1661:1661,10/05/24 18:38:18,STABLE BEAMS,6800,395315.618187181,381594.972891064,51.6,HFET
386604:10200,1662:1662,10/05/24 18:38:41,STABLE BEAMS,6800,394640.654579595,381132.079095946,51.5,HFET
386604:10200,1663:1663,10/05/24 18:39:05,STABLE BEAMS,6800,394734.762525725,381510.765032800,51.5,HFET
386604:10200,1664:1664,10/05/24 18:39:28,STABLE BEAMS,6800,394760.304146337,381836.206819210,51.5,HFET
386604:10200,1665:1665,10/05/24 18:39:51,STABLE BEAMS,6800,394293.223735300,381206.815784680,51.5,HFET
386604:10200,1666:1666,10/05/24 18:40:14,STABLE BEAMS,6800,393728.210079290,381058.687439164,51.4,HFET
386604:10200,1667:1667,10/05/24 18:40:38,STABLE BEAMS,6800,394110.287734497,381256.579635810,51.4,HFET
386604:10200,1668:1668,10/05/24 18:41:01,STABLE BEAMS,6800,394189.691241198,375948.344603216,51.4,HFET
386604:10200,1669:1669,10/05/24 18:41:24,STABLE BEAMS,6800,393929.992844961,381278.023221464,51.4,HFET
386604:10200,1670:1670,10/05/24 18:41:48,STABLE BEAMS,6800,393747.103465716,379918.531593645,51.4,HFET
386604:10200,1671:1671,10/05/24 18:42:11,STABLE BEAMS,6800,393505.345045041,381034.943079617,51.4,HFET
386604:10200,1672:1672,10/05/24 18:42:34,STABLE BEAMS,6800,393256.530451546,380364.417844363,51.3,HFET
386604:10200,1673:1673,10/05/24 18:42:58,STABLE BEAMS,6800,392759.537648824,379908.354107508,51.2,HFET
386604:10200,1674:1674,10/05/24 18:43:21,STABLE BEAMS,6800,392471.884966342,379594.455818887,51.2,HFET
386604:10200,1675:1675,10/05/24 18:43:44,STABLE BEAMS,6800,392084.618331718,379297.017271357,51.2,HFET
386604:10200,1676:1676,10/05/24 18:44:08,STABLE BEAMS,6800,391746.793859472,379031.763916471,51.1,HFET
386604:10200,1677:1677,10/05/24 18:44:31,STABLE BEAMS,6800,390964.106479709,378895.610318157,51.0,HFET
386604:10200,1678:1678,10/05/24 18:44:54,STABLE BEAMS,6800,391113.395702022,377854.091703138,51.0,HFET
386604:10200,1679:1679,10/05/24 18:45:18,STABLE BEAMS,6800,391338.764313942,378775.732305780,51.0,HFET
386604:10200,1680:1680,10/05/24 18:45:41,STABLE BEAMS,6800,391104.017775607,378969.209440873,51.0,HFET
386604:10200,1681:1681,10/05/24 18:46:04,STABLE BEAMS,6800,390791.916748051,372707.395707251,51.0,HFET
386604:10200,1682:1682,10/05/24 18:46:27,STABLE BEAMS,6800,391188.973909879,378790.781744739,50.9,HFET
386604:10200,1683:1683,10/05/24 18:46:51,STABLE BEAMS,6800,391537.087760000,378726.586190295,51.1,HFET
386604:10200,1684:1684,10/05/24 18:47:14,STABLE BEAMS,6800,391613.850155434,378533.997195884,51.1,HFET
386604:10200,1685:1685,10/05/24 18:47:37,STABLE BEAMS,6800,391471.025012154,378735.257800104,51.1,HFET
386604:10200,1686:1686,10/05/24 18:48:01,STABLE BEAMS,6800,391314.996643616,378863.376172877,51.1,HFET
386604:10200,1687:1687,10/05/24 18:48:24,STABLE BEAMS,6800,391655.916787320,379573.170746530,51.0,HFET
386604:10200,1688:1688,10/05/24 18:48:47,STABLE BEAMS,6800,390683.831658799,378519.747316647,51.0,HFET
386604:10200,1689:1689,10/05/24 18:49:11,STABLE BEAMS,6800,390312.724056216,377169.747838059,50.9,HFET
386604:10200,1690:1690,10/05/24 18:49:34,STABLE BEAMS,6800,389606.708159849,377675.004311957,50.8,HFET
386604:10200,1691:1691,10/05/24 18:49:57,STABLE BEAMS,6800,389655.425356999,377072.588510951,50.8,HFET
386604:10200,1692:1692,10/05/24 18:50:21,STABLE BEAMS,6800,390140.534324558,378140.832934158,50.9,HFET
386604:10200,1693:1693,10/05/24 18:50:44,STABLE BEAMS,6800,389643.996082028,377711.201289676,50.9,HFET
386604:10200,1694:1694,10/05/24 18:51:07,STABLE BEAMS,6800,389216.753792399,371947.587857132,50.8,HFET
386604:10200,1695:1695,10/05/24 18:51:31,STABLE BEAMS,6800,389306.400055417,375294.004041861,50.7,HFET
386604:10200,1696:1696,10/05/24 18:51:54,STABLE BEAMS,6800,389416.762607783,376982.100728809,50.8,HFET
386604:10200,1697:1697,10/05/24 18:52:17,STABLE BEAMS,6800,389275.077361599,377416.240677960,50.8,HFET
386604:10200,1698:1698,10/05/24 18:52:40,STABLE BEAMS,6800,389153.786716011,376945.791859350,50.8,HFET
386604:10200,1699:1699,10/05/24 18:53:04,STABLE BEAMS,6800,388866.227276646,376885.580117047,50.8,HFET
386604:10200,1700:1700,10/05/24 18:53:27,STABLE BEAMS,6800,388536.188604605,376133.693269651,50.7,HFET
386604:10200,1701:1701,10/05/24 18:53:50,STABLE BEAMS,6800,388325.890411345,374579.701163538,50.7,HFET
386604:10200,1702:1702,10/05/24 18:54:14,STABLE BEAMS,6800,387990.707050367,376091.943664361,50.6,HFET
386604:10200,1703:1703,10/05/24 18:54:37,STABLE BEAMS,6800,387371.332657597,375377.892542452,50.5,HFET
386604:10200,1704:1704,10/05/24 18:55:00,STABLE BEAMS,6800,387272.716406798,375420.369444049,50.5,HFET
386604:10200,1705:1705,10/05/24 18:55:24,STABLE BEAMS,6800,387494.124517356,375754.301016192,50.5,HFET
386604:10200,1706:1706,10/05/24 18:55:47,STABLE BEAMS,6800,387319.156140835,375207.045511668,50.5,HFET
386604:10200,1707:1707,10/05/24 18:56:10,STABLE BEAMS,6800,387204.469438954,369714.328973618,50.5,HFET
386604:10200,1708:1708,10/05/24 18:56:34,STABLE BEAMS,6800,387070.022189666,375505.257977062,50.5,HFET
386604:10200,1709:1709,10/05/24 18:56:57,STABLE BEAMS,6800,386653.570459663,374513.139565020,50.4,HFET
386604:10200,1710:1710,10/05/24 18:57:20,STABLE BEAMS,6800,386736.978758206,375187.991280867,50.4,HFET
386604:10200,1711:1711,10/05/24 18:57:43,STABLE BEAMS,6800,386569.432533736,374465.970203599,50.4,HFET
386604:10200,1712:1712,10/05/24 18:58:07,STABLE BEAMS,6800,386091.608184632,374305.755219142,50.4,HFET
386604:10200,1713:1713,10/05/24 18:58:30,STABLE BEAMS,6800,385727.649997986,373231.955837285,50.3,HFET
386604:10200,1714:1714,10/05/24 18:58:53,STABLE BEAMS,6800,385891.690281286,373894.697603412,50.3,HFET
386604:10200,1715:1715,10/05/24 18:59:17,STABLE BEAMS,6800,385945.368012220,373734.345085359,50.3,HFET
386604:10200,1716:1716,10/05/24 18:59:40,STABLE BEAMS,6800,385626.802905631,372880.792937264,50.3,HFET
386604:10200,1717:1717,10/05/24 19:00:03,STABLE BEAMS,6800,385448.149094940,373400.003243505,50.3,HFET
386604:10200,1718:1718,10/05/24 19:00:27,STABLE BEAMS,6800,385552.637330984,373837.740045865,50.3,HFET
386604:10200,1719:1719,10/05/24 19:00:50,STABLE BEAMS,6800,385238.396373910,372500.694367199,50.2,HFET
386604:10200,1720:1720,10/05/24 19:01:13,STABLE BEAMS,6800,384876.352002225,367490.175280405,50.2,HFET
386604:10200,1721:1721,10/05/24 19:01:37,STABLE BEAMS,6800,384819.212620602,373336.012823916,50.2,HFET
386604:10200,1722:1722,10/05/24 19:02:00,STABLE BEAMS,6800,384869.521943962,373199.152908997,50.2,HFET
386604:10200,1723:1723,10/05/24 19:02:23,STABLE BEAMS,6800,384651.437950497,373223.466051553,50.2,HFET
386604:10200,1724:1724,10/05/24 19:02:47,STABLE BEAMS,6800,384207.987676190,372884.366479693,50.1,HFET
386604:10200,1725:1725,10/05/24 19:03:10,STABLE BEAMS,6800,384192.234251703,372756.816889929,50.1,HFET
386604:10200,1726:1726,10/05/24 19:03:33,STABLE BEAMS,6800,384155.265687197,372126.493424236,50.1,HFET
386604:10200,1727:1727,10/05/24 19:03:56,STABLE BEAMS,6800,383723.151444746,372468.005661728,50.1,HFET
386604:10200,1728:1728,10/05/24 19:04:20,STABLE BEAMS,6800,383388.786292112,371518.044793610,50.0,HFET
386604:10200,1729:1729,10/05/24 19:04:43,STABLE BEAMS,6800,383517.224022559,371651.718125032,50.0,HFET
386604:10200,1730:1730,10/05/24 19:05:06,STABLE BEAMS,6800,383607.688493922,371022.828272252,50.0,HFET
386604:10200,1731:1731,10/05/24 19:05:30,STABLE BEAMS,6800,383294.496521906,371864.862564415,50.0,HFET
386604:10200,1732:1732,10/05/24 19:05:53,STABLE BEAMS,6800,383029.881882366,370525.653645453,50.0,HFET
386604:10200,1733:1733,10/05/24 19:06:16,STABLE BEAMS,6800,382685.001237300,365219.103982184,49.9,HFET
386604:10200,1734:1734,10/05/24 19:06:40,STABLE BEAMS,6800,382456.718777998,370284.895257199,49.9,HFET
386604:10200,1735:1735,10/05/24 19:07:03,STABLE BEAMS,6800,382047.595956930,370816.012709383,49.9,HFET
386604:10200,1736:1736,10/05/24 19:07:26,STABLE BEAMS,6800,381744.306403857,369670.348526772,49.8,HFET
386604:10200,1737:1737,10/05/24 19:07:50,STABLE BEAMS,6800,381865.890765261,369633.902123717,49.8,HFET
386604:10200,1738:1738,10/05/24 19:08:13,STABLE BEAMS,6800,381632.486927800,369934.893233975,49.8,HFET
386604:10200,1739:1739,10/05/24 19:08:36,STABLE BEAMS,6800,381430.499027274,370062.487114220,49.7,HFET
386604:10200,1740:1740,10/05/24 19:08:59,STABLE BEAMS,6800,381280.072238943,369887.998939747,49.7,HFET
386604:10200,1741:1741,10/05/24 19:09:23,STABLE BEAMS,6800,381191.701075539,369295.075287972,49.7,HFET
386604:10200,1742:1742,10/05/24 19:09:46,STABLE BEAMS,6800,380910.125513158,369885.744787412,49.7,HFET
386604:10200,1743:1743,10/05/24 19:10:09,STABLE BEAMS,6800,380266.370376573,369122.817955055,49.6,HFET
386604:10200,1744:1744,10/05/24 19:10:33,STABLE BEAMS,6800,380255.080966276,368872.157147859,49.6,HFET
386604:10200,1745:1745,10/05/24 19:10:56,STABLE BEAMS,6800,380116.694195328,369078.016968786,49.6,HFET
386604:10200,1746:1746,10/05/24 19:11:19,STABLE BEAMS,6800,379521.495411517,362253.285218191,49.5,HFET
386604:10200,1747:1747,10/05/24 19:11:43,STABLE BEAMS,6800,379083.963744013,368012.276123249,49.5,HFET
386604:10200,1748:1748,10/05/24 19:12:06,STABLE BEAMS,6800,379585.919411596,368112.622033854,49.4,HFET
386604:10200,1749:1749,10/05/24 19:12:29,STABLE BEAMS,6800,379633.974582622,368311.015412250,49.5,HFET
386604:10200,1750:1750,10/05/24 19:12:53,STABLE BEAMS,6800,379212.515697277,368413.955812564,49.5,HFET
386604:10200,1751:1751,10/05/24 19:13:16,STABLE BEAMS,6800,378900.640784277,367545.629292703,49.4,HFET
386604:10200,1752:1752,10/05/24 19:13:39,STABLE BEAMS,6800,379384.113335147,368079.751504307,49.5,HFET
386604:10200,1753:1753,10/05/24 19:14:03,STABLE BEAMS,6800,379301.318110093,368646.312996046,49.5,HFET
386604:10200,1754:1754,10/05/24 19:14:26,STABLE BEAMS,6800,379230.201585347,367547.268040471,49.5,HFET
386604:10200,1755:1755,10/05/24 19:14:49,STABLE BEAMS,6800,379047.449739698,368345.638912383,49.4,HFET
386604:10200,1756:1756,10/05/24 19:15:12,STABLE BEAMS,6800,378760.913643534,368110.095145405,49.4,HFET
386604:10200,1757:1757,10/05/24 19:15:36,STABLE BEAMS,6800,378495.457484870,366723.469770763,49.4,HFET
386604:10200,1758:1758,10/05/24 19:15:59,STABLE BEAMS,6800,378246.255932442,366977.610877273,49.3,HFET
386604:10200,1759:1759,10/05/24 19:16:22,STABLE BEAMS,6800,377438.938383528,361397.364694944,49.3,HFET
386604:10200,1760:1760,10/05/24 19:16:46,STABLE BEAMS,6800,377016.430513125,366401.398723004,49.2,HFET
386604:10200,1761:1761,10/05/24 19:17:09,STABLE BEAMS,6800,377441.509562458,366174.186228461,49.2,HFET
386604:10200,1762:1762,10/05/24 19:17:32,STABLE BEAMS,6800,377594.533171576,366817.258359220,49.2,HFET
386604:10200,1763:1763,10/05/24 19:17:56,STABLE BEAMS,6800,377287.872879851,366451.980782479,49.2,HFET
386604:10200,1764:1764,10/05/24 19:18:19,STABLE BEAMS,6800,377142.429936083,365891.065161428,49.2,HFET
386604:10200,1765:1765,10/05/24 19:18:42,STABLE BEAMS,6800,376562.052145597,338442.075018872,49.2,HFET
386604:10200,1766:1766,10/05/24 19:19:06,STABLE BEAMS,6800,376245.034874737,156574.894648272,49.1,HFET
386604:10200,1767:1767,10/05/24 19:19:29,STABLE BEAMS,6800,376748.582668530,364732.423868116,49.1,HFET
386604:10200,1768:1768,10/05/24 19:19:52,STABLE BEAMS,6800,376514.404913205,364291.864130412,49.1,HFET
386604:10200,1769:1769,10/05/24 19:20:16,STABLE BEAMS,6800,376312.370391121,365167.953139700,49.1,HFET
386604:10200,1770:1770,10/05/24 19:20:39,STABLE BEAMS,6800,376064.376337048,364522.717768645,49.0,HFET
386604:10200,1771:1771,10/05/24 19:21:02,STABLE BEAMS,6800,375931.978105240,286029.315165941,49.1,HFET
386604:10200,1772:1772,10/05/24 19:21:25,STABLE BEAMS,6800,375786.740296327,353364.365333504,49.0,HFET
386604:10200,1773:1773,10/05/24 19:21:49,STABLE BEAMS,6800,375638.567660331,358512.268827747,49.0,HFET
386604:10200,1774:1774,10/05/24 19:22:12,STABLE BEAMS,6800,375320.571336752,364279.546714759,49.0,HFET
386604:10200,1775:1775,10/05/24 19:22:35,STABLE BEAMS,6800,373748.117093626,363175.564536180,48.9,HFET
386604:10200,1776:1776,10/05/24 19:22:59,STABLE BEAMS,6800,370916.883112517,360678.283106915,48.5,HFET
386604:10200,1777:1777,10/05/24 19:23:22,STABLE BEAMS,6800,368746.885021208,230922.245584571,48.2,HFET
386604:10200,1778:1778,10/05/24 19:23:45,STABLE BEAMS,6800,366095.489038365,353224.729104799,47.9,HFET
386604:10200,1779:1779,10/05/24 19:24:09,STABLE BEAMS,6800,365361.017674003,354331.513239020,47.7,HFET
386604:10200,1780:1780,10/05/24 19:24:32,STABLE BEAMS,6800,365996.532450192,355614.060647330,47.7,HFET
386604:10200,1781:1781,10/05/24 19:24:55,STABLE BEAMS,6800,365813.165199976,354667.948388834,47.7,HFET
386604:10200,1782:1782,10/05/24 19:25:19,STABLE BEAMS,6800,365722.994444429,275289.715234696,47.7,HFET
386604:10200,1783:1783,10/05/24 19:25:42,STABLE BEAMS,6800,365634.373855689,355215.092001619,47.7,HFET
386604:10200,1784:1784,10/05/24 19:26:05,STABLE BEAMS,6800,365359.584061091,355169.472807005,47.7,HFET
386604:10200,1785:1785,10/05/24 19:26:29,STABLE BEAMS,6800,364968.627330142,355192.713653724,47.6,HFET
386604:10200,1786:1786,10/05/24 19:26:52,STABLE BEAMS,6800,364862.430413993,349256.045659619,47.6,HFET
386604:10200,1787:1787,10/05/24 19:27:15,STABLE BEAMS,6800,365236.314330362,355185.408055568,47.6,HFET
386604:10200,1788:1788,10/05/24 19:27:38,STABLE BEAMS,6800,364463.711193618,354358.966343515,47.6,HFET
386604:10200,1789:1789,10/05/24 19:28:02,STABLE BEAMS,6800,362358.365548023,352488.346256554,47.4,HFET
386604:10200,1790:1790,10/05/24 19:28:25,STABLE BEAMS,6800,361169.993687103,351781.213773869,47.2,HFET
386604:10200,1791:1791,10/05/24 19:28:48,STABLE BEAMS,6800,360327.824192421,350793.578024640,47.0,HFET
386604:10200,1792:1792,10/05/24 19:29:12,STABLE BEAMS,6800,359605.236663222,349076.275262611,46.9,HFET
386604:10200,1793:1793,10/05/24 19:29:35,STABLE BEAMS,6800,359263.109021162,349486.808385812,46.9,HFET
386604:10200,1794:1794,10/05/24 19:29:58,STABLE BEAMS,6800,359140.181958885,349290.419734416,46.9,HFET
386604:10200,1795:1795,10/05/24 19:30:22,STABLE BEAMS,6800,358672.122495128,349476.519007937,46.8,HFET
386604:10200,1796:1796,10/05/24 19:30:45,STABLE BEAMS,6800,358436.713930668,348502.816111349,46.8,HFET
386604:10200,1797:1797,10/05/24 19:31:08,STABLE BEAMS,6800,357630.809014964,347450.371734186,46.7,HFET
386604:10200,1798:1798,10/05/24 19:31:32,STABLE BEAMS,6800,357488.303229357,348498.401049796,46.6,HFET
386604:10200,1799:1799,10/05/24 19:31:55,STABLE BEAMS,6800,357669.598151315,343382.277140641,46.7,HFET
386604:10200,1800:1800,10/05/24 19:32:18,STABLE BEAMS,6800,357301.884598163,348076.916522594,46.6,HFET
386604:10200,1801:1801,10/05/24 19:32:41,STABLE BEAMS,6800,356982.545573710,347939.716270300,46.6,HFET
386604:10200,1802:1802,10/05/24 19:33:05,STABLE BEAMS,6800,357422.489906846,348279.657361284,46.6,HFET
386604:10200,1803:1803,10/05/24 19:33:28,STABLE BEAMS,6800,357633.631950308,347929.632027280,46.6,HFET
386604:10200,1804:1804,10/05/24 19:33:51,STABLE BEAMS,6800,357541.183731647,348362.655390115,46.6,HFET
386604:10200,1805:1805,10/05/24 19:34:15,STABLE BEAMS,6800,357627.552499130,348439.303562732,46.6,HFET
386604:10200,1806:1806,10/05/24 19:34:38,STABLE BEAMS,6800,357562.741540119,348306.427459953,46.7,HFET
386604:10200,1807:1807,10/05/24 19:35:01,STABLE BEAMS,6800,357333.230602760,348185.344280299,46.6,HFET
386604:10200,1808:1808,10/05/24 19:35:25,STABLE BEAMS,6800,356263.552566641,346906.188590342,46.5,HFET
386604:10200,1809:1809,10/05/24 19:35:48,STABLE BEAMS,6800,356243.451681860,346722.091712742,46.5,HFET
386604:10200,1810:1810,10/05/24 19:36:11,STABLE BEAMS,6800,356933.602262002,347943.427346326,46.6,HFET
386604:10200,1811:1811,10/05/24 19:36:35,STABLE BEAMS,6800,356750.962308093,347741.413803943,46.5,HFET
386604:10200,1812:1812,10/05/24 19:36:58,STABLE BEAMS,6800,357044.237550483,343022.985771963,46.5,HFET
386604:10200,1813:1813,10/05/24 19:37:21,STABLE BEAMS,6800,356208.828181727,346724.641911971,46.5,HFET
386604:10200,1814:1814,10/05/24 19:37:45,STABLE BEAMS,6800,355754.769171872,345790.979940569,46.4,HFET
386604:10200,1815:1815,10/05/24 19:38:08,STABLE BEAMS,6800,355936.474363541,346785.991220292,46.4,HFET
386604:10200,1816:1816,10/05/24 19:38:31,STABLE BEAMS,6800,356071.763131952,347122.130323211,46.4,HFET
386604:10200,1817:1817,10/05/24 19:38:54,STABLE BEAMS,6800,355846.942323340,345327.974253711,46.4,HFET
386604:10200,1818:1818,10/05/24 19:39:18,STABLE BEAMS,6800,355658.724100002,346690.106992798,46.4,HFET
386604:10200,1819:1819,10/05/24 19:39:41,STABLE BEAMS,6800,355588.885005949,346604.218427364,46.4,HFET
386604:10200,1820:1820,10/05/24 19:40:04,STABLE BEAMS,6800,355493.478649425,346536.446999412,46.4,HFET
386604:10200,1821:1821,10/05/24 19:40:28,STABLE BEAMS,6800,355303.714921437,346243.971316744,46.4,HFET
386604:10200,1822:1822,10/05/24 19:40:51,STABLE BEAMS,6800,355198.063477518,346247.749994029,46.3,HFET
386604:10200,1823:1823,10/05/24 19:41:14,STABLE BEAMS,6800,354913.030926602,345743.721998187,46.3,HFET
386604:10200,1824:1824,10/05/24 19:41:38,STABLE BEAMS,6800,354776.124390124,345848.233545010,46.3,HFET
386604:10200,1825:1825,10/05/24 19:42:01,STABLE BEAMS,6800,354387.582655885,340539.704796599,46.2,HFET
386604:10200,1826:1826,10/05/24 19:42:24,STABLE BEAMS,6800,354134.579115394,345221.823959121,46.2,HFET
386604:10200,1827:1827,10/05/24 19:42:48,STABLE BEAMS,6800,353426.558492027,344618.818395405,46.1,HFET
386604:10200,1828:1828,10/05/24 19:43:11,STABLE BEAMS,6800,353624.609201971,344289.712154526,46.1,HFET
386604:10200,1829:1829,10/05/24 19:43:34,STABLE BEAMS,6800,353805.472874516,344543.990794633,46.2,HFET
386604:10200,1830:1830,10/05/24 19:43:57,STABLE BEAMS,6800,353448.913529143,344672.610349156,46.1,HFET
386604:10200,1831:1831,10/05/24 19:44:21,STABLE BEAMS,6800,353217.831445276,344416.874785359,46.1,HFET
386604:10200,1832:1832,10/05/24 19:44:44,STABLE BEAMS,6800,353593.058062517,344825.792471571,46.2,HFET
386604:10200,1833:1833,10/05/24 19:45:07,STABLE BEAMS,6800,353441.491377091,344756.338005372,46.1,HFET
386604:10200,1834:1834,10/05/24 19:45:31,STABLE BEAMS,6800,353264.408712909,344398.752985720,46.0,HFET
386604:10200,1835:1835,10/05/24 19:45:54,STABLE BEAMS,6800,353167.771547251,343245.508137760,46.1,HFET
386604:10200,1836:1836,10/05/24 19:46:17,STABLE BEAMS,6800,352700.579244475,343784.796018003,46.0,HFET
386604:10200,1837:1837,10/05/24 19:46:41,STABLE BEAMS,6800,352546.667494675,343813.274796776,46.0,HFET
386604:10200,1838:1838,10/05/24 19:47:04,STABLE BEAMS,6800,352846.907997848,337663.031113875,46.0,HFET
386604:10200,1839:1839,10/05/24 19:47:27,STABLE BEAMS,6800,352642.141452458,343639.991789581,46.0,HFET
386604:10200,1840:1840,10/05/24 19:47:51,STABLE BEAMS,6800,352586.552237642,343903.489842804,46.0,HFET
386604:10200,1841:1841,10/05/24 19:48:14,STABLE BEAMS,6800,352528.548026115,343713.043108988,46.0,HFET
386604:10200,1842:1842,10/05/24 19:48:37,STABLE BEAMS,6800,352354.901370766,343193.900404006,46.0,HFET
386604:10200,1843:1843,10/05/24 19:49:01,STABLE BEAMS,6800,352083.685118597,343310.659434146,46.0,HFET
386604:10200,1844:1844,10/05/24 19:49:24,STABLE BEAMS,6800,351568.115956044,342285.304513325,45.9,HFET
386604:10200,1845:1845,10/05/24 19:49:47,STABLE BEAMS,6800,351318.140485752,342490.684132203,45.8,HFET
386604:10200,1846:1846,10/05/24 19:50:10,STABLE BEAMS,6800,350942.755355213,342291.882815174,45.8,HFET
386604:10200,1847:1847,10/05/24 19:50:34,STABLE BEAMS,6800,350184.903279457,341587.095396863,45.7,HFET
386604:10200,1848:1848,10/05/24 19:50:57,STABLE BEAMS,6800,349711.493991906,340949.941872906,45.6,HFET
386604:10200,1849:1849,10/05/24 19:51:20,STABLE BEAMS,6800,350273.025017525,341639.157690808,45.6,HFET
386604:10200,1850:1850,10/05/24 19:51:44,STABLE BEAMS,6800,350108.732977811,341677.881556977,45.7,HFET
386604:10200,1851:1851,10/05/24 19:52:07,STABLE BEAMS,6800,350198.561064906,336112.544948933,45.7,HFET
386604:10200,1852:1852,10/05/24 19:52:30,STABLE BEAMS,6800,350057.309399212,341889.270694697,45.7,HFET
386604:10200,1853:1853,10/05/24 19:52:54,STABLE BEAMS,6800,349479.775523771,340850.143765609,45.7,HFET
386604:10200,1854:1854,10/05/24 19:53:17,STABLE BEAMS,6800,350573.195588360,341736.953402185,45.7,HFET
386604:10200,1855:1855,10/05/24 19:53:40,STABLE BEAMS,6800,350430.873957907,340205.955048533,45.7,HFET
386604:10200,1856:1856,10/05/24 19:54:04,STABLE BEAMS,6800,350426.388964017,339897.565097003,45.7,HFET
386604:10200,1857:1857,10/05/24 19:54:27,STABLE BEAMS,6800,350355.545175385,340696.618974742,45.7,HFET
386604:10200,1858:1858,10/05/24 19:54:50,STABLE BEAMS,6800,350203.206903172,340359.911088813,45.7,HFET
386604:10200,1859:1859,10/05/24 19:55:14,STABLE BEAMS,6800,350102.383121596,340253.555659367,45.7,HFET
386604:10200,1860:1860,10/05/24 19:55:37,STABLE BEAMS,6800,349796.725193371,339980.474544874,45.6,HFET
386604:10200,1861:1861,10/05/24 19:56:00,STABLE BEAMS,6800,349679.805318856,339883.678865919,45.6,HFET
386604:10200,1862:1862,10/05/24 19:56:23,STABLE BEAMS,6800,349526.784040817,339874.617966099,45.6,HFET
386604:10200,1863:1863,10/05/24 19:56:47,STABLE BEAMS,6800,349116.523653731,339473.646924467,45.6,HFET
386604:10200,1864:1864,10/05/24 19:57:10,STABLE BEAMS,6800,348545.453857322,333936.674872379,45.5,HFET
386604:10200,1865:1865,10/05/24 19:57:33,STABLE BEAMS,6800,348779.950970321,339180.122256741,45.4,HFET
386604:10200,1866:1866,10/05/24 19:57:57,STABLE BEAMS,6800,349590.249967876,339325.541889731,45.6,HFET
386604:10200,1867:1867,10/05/24 19:58:20,STABLE BEAMS,6800,348958.651402569,339391.581326798,45.5,HFET
386604:10200,1868:1868,10/05/24 19:58:43,STABLE BEAMS,6800,348618.255751394,338893.404336500,45.5,HFET
386604:10200,1869:1869,10/05/24 19:59:07,STABLE BEAMS,6800,348659.208128041,339114.399846269,45.5,HFET
386604:10200,1870:1870,10/05/24 19:59:30,STABLE BEAMS,6800,347692.358600496,337642.657492980,45.5,HFET
386604:10200,1871:1871,10/05/24 19:59:53,STABLE BEAMS,6800,348393.024673070,338914.346740404,45.4,HFET
386604:10200,1872:1872,10/05/24 20:00:17,STABLE BEAMS,6800,348348.519733695,338810.564820966,45.4,HFET
386604:10200,1873:1873,10/05/24 20:00:40,STABLE BEAMS,6800,347713.802186150,337763.673071375,45.4,HFET
386604:10200,1874:1874,10/05/24 20:01:03,STABLE BEAMS,6800,347472.269880032,337966.343977727,45.3,HFET
386604:10200,1875:1875,10/05/24 20:01:26,STABLE BEAMS,6800,348105.509524185,337990.724721543,45.4,HFET
386604:10200,1876:1876,10/05/24 20:01:50,STABLE BEAMS,6800,347517.390223974,337942.897996152,45.3,HFET
386604:10200,1877:1877,10/05/24 20:02:13,STABLE BEAMS,6800,347445.728226998,331597.470829131,45.3,HFET
386604:10200,1878:1878,10/05/24 20:02:36,STABLE BEAMS,6800,347113.708138738,337633.482370343,45.4,HFET
386604:10200,1879:1879,10/05/24 20:03:00,STABLE BEAMS,6800,346140.072843410,336728.893602581,45.2,HFET
386604:10200,1880:1880,10/05/24 20:03:23,STABLE BEAMS,6800,346460.733589036,337140.634224137,45.1,HFET
386604:10200,1881:1881,10/05/24 20:03:46,STABLE BEAMS,6800,346803.861263517,336850.158606312,45.2,HFET
386604:10200,1882:1882,10/05/24 20:04:10,STABLE BEAMS,6800,346569.979555085,336890.269463835,45.2,HFET
386604:10200,1883:1883,10/05/24 20:04:33,STABLE BEAMS,6800,346341.084022294,336956.127076825,45.2,HFET
386604:10200,1884:1884,10/05/24 20:04:56,STABLE BEAMS,6800,346495.471311986,336987.156054828,45.2,HFET
386604:10200,1885:1885,10/05/24 20:05:20,STABLE BEAMS,6800,346434.259537261,337034.094639536,45.2,HFET
386604:10200,1886:1886,10/05/24 20:05:43,STABLE BEAMS,6800,346320.230199350,336393.754532083,45.2,HFET
386604:10200,1887:1887,10/05/24 20:06:06,STABLE BEAMS,6800,346247.999419365,336249.586687929,45.2,HFET
386604:10200,1888:1888,10/05/24 20:06:30,STABLE BEAMS,6800,346053.044380880,335784.396781074,45.1,HFET
386604:10200,1889:1889,10/05/24 20:06:53,STABLE BEAMS,6800,345840.904636075,330980.919371705,45.1,HFET
386604:10200,1890:1890,10/05/24 20:07:16,STABLE BEAMS,6800,345464.608054074,335296.646702247,45.1,HFET
386604:10200,1891:1891,10/05/24 20:07:39,STABLE BEAMS,6800,345488.622818658,335715.534408662,45.0,HFET
386604:10200,1892:1892,10/05/24 20:08:03,STABLE BEAMS,6800,345303.229861743,335331.612870832,45.0,HFET
386604:10200,1893:1893,10/05/24 20:08:26,STABLE BEAMS,6800,344957.712832409,335813.285829559,45.0,HFET
386604:10200,1894:1894,10/05/24 20:08:49,STABLE BEAMS,6800,344468.755255227,334122.296274930,44.9,HFET
386604:10200,1895:1895,10/05/24 20:09:13,STABLE BEAMS,6800,344530.081252769,335284.762867084,44.9,HFET
386604:10200,1896:1896,10/05/24 20:09:36,STABLE BEAMS,6800,344584.922191578,335245.220792570,44.9,HFET
386604:10200,1897:1897,10/05/24 20:09:59,STABLE BEAMS,6800,344243.659379422,334995.881706546,44.9,HFET
386604:10200,1898:1898,10/05/24 20:10:23,STABLE BEAMS,6800,343905.699704658,334277.298969189,44.9,HFET
386604:10200,1899:1899,10/05/24 20:10:46,STABLE BEAMS,6800,344104.363488091,333501.033709056,44.8,HFET
386604:10200,1900:1900,10/05/24 20:11:09,STABLE BEAMS,6800,344133.390070172,334971.729408366,44.9,HFET
386604:10200,1901:1901,10/05/24 20:11:33,STABLE BEAMS,6800,343755.112071952,334535.379597360,44.9,HFET
386604:10200,1902:1902,10/05/24 20:11:56,STABLE BEAMS,6800,343513.626387392,329084.573508976,44.8,HFET
386604:10200,1903:1903,10/05/24 20:12:19,STABLE BEAMS,6800,343756.091124672,333815.342267389,44.8,HFET
386604:10200,1904:1904,10/05/24 20:12:43,STABLE BEAMS,6800,343693.716142073,332623.965647048,44.8,HFET
386604:10200,1905:1905,10/05/24 20:13:06,STABLE BEAMS,6800,343668.470568354,334501.143056159,44.8,HFET
386604:10200,1906:1906,10/05/24 20:13:29,STABLE BEAMS,6800,343552.532077638,333843.797735384,44.8,HFET
386604:10200,1907:1907,10/05/24 20:13:52,STABLE BEAMS,6800,343236.423927162,333698.172967539,44.8,HFET
386604:10200,1908:1908,10/05/24 20:14:16,STABLE BEAMS,6800,343160.482071151,333535.612918709,44.8,HFET
386604:10200,1909:1909,10/05/24 20:14:39,STABLE BEAMS,6800,342791.698553240,333735.938760688,44.7,HFET
386604:10200,1910:1910,10/05/24 20:15:02,STABLE BEAMS,6800,342491.094401915,332905.720702429,44.7,HFET
386604:10200,1911:1911,10/05/24 20:15:26,STABLE BEAMS,6800,341882.009387021,332067.054817839,44.6,HFET
386604:10200,1912:1912,10/05/24 20:15:49,STABLE BEAMS,6800,342023.398586311,333101.517260037,44.6,HFET
386604:10200,1913:1913,10/05/24 20:16:12,STABLE BEAMS,6800,342054.084895861,332953.183779666,44.6,HFET
386604:10200,1914:1914,10/05/24 20:16:36,STABLE BEAMS,6800,341615.506574377,332538.825357622,44.6,HFET
386604:10200,1915:1915,10/05/24 20:16:59,STABLE BEAMS,6800,341209.479424768,327500.261072545,44.5,HFET
386604:10200,1916:1916,10/05/24 20:17:22,STABLE BEAMS,6800,341514.682792801,332112.562120713,44.5,HFET
386604:10200,1917:1917,10/05/24 20:17:46,STABLE BEAMS,6800,341513.065024735,331709.357906448,44.5,HFET
386604:10200,1918:1918,10/05/24 20:18:09,STABLE BEAMS,6800,341096.613294731,331673.095658547,44.5,HFET
386604:10200,1919:1919,10/05/24 20:18:32,STABLE BEAMS,6800,340872.748228060,332040.056273535,44.5,HFET
386604:10200,1920:1920,10/05/24 20:18:55,STABLE BEAMS,6800,341181.753584158,332292.332517721,44.5,HFET
386604:10200,1921:1921,10/05/24 20:19:19,STABLE BEAMS,6800,340940.631547751,332043.541235004,44.5,HFET
386604:10200,1922:1922,10/05/24 20:19:42,STABLE BEAMS,6800,340659.582808976,331288.057534400,44.4,HFET
386604:10200,1923:1923,10/05/24 20:20:05,STABLE BEAMS,6800,340534.832843777,330545.117364007,44.4,HFET
386604:10200,1924:1924,10/05/24 20:20:29,STABLE BEAMS,6800,340640.027396426,331700.730587119,44.4,HFET
386604:10200,1925:1925,10/05/24 20:20:52,STABLE BEAMS,6800,340317.660301773,330993.689016473,44.4,HFET
386604:10200,1926:1926,10/05/24 20:21:15,STABLE BEAMS,6800,339866.515139299,331066.558511804,44.3,HFET
386604:10200,1927:1927,10/05/24 20:21:39,STABLE BEAMS,6800,340011.433590539,330684.002985627,44.3,HFET
386604:10200,1928:1928,10/05/24 20:22:02,STABLE BEAMS,6800,340070.552057305,325992.867213766,44.4,HFET
386604:10200,1929:1929,10/05/24 20:22:25,STABLE BEAMS,6800,340010.498828299,331081.675552022,44.3,HFET
386604:10200,1930:1930,10/05/24 20:22:49,STABLE BEAMS,6800,339940.067640457,330949.048874579,44.3,HFET
386604:10200,1931:1931,10/05/24 20:23:12,STABLE BEAMS,6800,339815.089229622,330918.611990365,44.3,HFET
386604:10200,1932:1932,10/05/24 20:23:35,STABLE BEAMS,6800,339669.329259259,16416.685873212,44.3,HFET
386604:10200,1933:1933,10/05/24 20:23:59,STABLE BEAMS,6800,339401.346212145,130.561413050,44.3,HFET
386604:10200,1934:1934,10/05/24 20:24:22,STABLE BEAMS,6800,339230.340668063,40.576775892,44.3,HFET
386604:10200,1935:1935,10/05/24 20:24:45,STABLE BEAMS,6800,339374.825538812,41.893386642,44.3,HFET
386604:10200,1936:1936,10/05/24 20:25:08,STABLE BEAMS,6800,339222.440645041,80.282906773,44.2,HFET
386604:10200,1938:1938,10/05/24 20:25:55,STABLE BEAMS,6800,338608.574589362,37.328873157,44.2,HFET
386604:10200,1939:1939,10/05/24 20:26:18,STABLE BEAMS,6800,338822.788993504,167924.774271837,44.2,HFET
386604:10200,1940:1940,10/05/24 20:26:42,STABLE BEAMS,6800,338626.945814337,329456.522630683,44.2,HFET
386604:10200,1941:1941,10/05/24 20:27:05,STABLE BEAMS,6800,338440.527183142,328169.944788675,44.2,HFET
386604:10200,1942:1942,10/05/24 20:27:28,STABLE BEAMS,6800,338301.823385599,329144.354001867,44.1,HFET
386604:10200,1943:1943,10/05/24 20:27:52,STABLE BEAMS,6800,338203.162844320,329460.846780198,44.1,HFET
386604:10200,1944:1944,10/05/24 20:28:15,STABLE BEAMS,6800,337856.983788861,324359.177885136,44.1,HFET
386604:10200,1945:1945,10/05/24 20:28:38,STABLE BEAMS,6800,337518.455331088,328651.389301766,44.0,HFET
386604:10200,1946:1946,10/05/24 20:29:02,STABLE BEAMS,6800,337633.825038795,328818.094007112,44.0,HFET
386604:10200,1947:1947,10/05/24 20:29:25,STABLE BEAMS,6800,337583.128756503,328279.123153464,44.0,HFET
386604:10200,1948:1948,10/05/24 20:29:48,STABLE BEAMS,6800,337304.173325687,328669.602013443,44.0,HFET
386604:10200,1949:1949,10/05/24 20:30:12,STABLE BEAMS,6800,337225.452824813,328527.618389287,44.0,HFET
386604:10200,1950:1950,10/05/24 20:30:35,STABLE BEAMS,6800,337320.814890856,327536.910279377,44.0,HFET
386604:10200,1951:1951,10/05/24 20:30:58,STABLE BEAMS,6800,337155.816534537,327542.828886180,44.0,HFET
386604:10200,1952:1952,10/05/24 20:31:21,STABLE BEAMS,6800,336794.613681975,328009.410446545,43.9,HFET
386604:10200,1953:1953,10/05/24 20:31:45,STABLE BEAMS,6800,336758.782683487,327657.016737389,43.9,HFET
386604:10200,1954:1954,10/05/24 20:32:08,STABLE BEAMS,6800,336961.863859551,328245.021814782,44.0,HFET
386604:10200,1955:1955,10/05/24 20:32:31,STABLE BEAMS,6800,336713.459535767,328062.838752143,43.9,HFET
386604:10200,1956:1956,10/05/24 20:32:55,STABLE BEAMS,6800,336503.615902699,327894.812325624,43.9,HFET
386604:10200,1957:1957,10/05/24 20:33:18,STABLE BEAMS,6800,336329.468065600,322986.597254876,43.9,HFET
386604:10200,1958:1958,10/05/24 20:33:41,STABLE BEAMS,6800,336130.620127013,327558.969269599,43.9,HFET
386604:10200,1959:1959,10/05/24 20:34:05,STABLE BEAMS,6800,335833.363403560,325965.185663636,43.8,HFET
386604:10200,1960:1960,10/05/24 20:34:28,STABLE BEAMS,6800,335520.579370178,326581.350162130,43.8,HFET
386604:10200,1961:1961,10/05/24 20:34:51,STABLE BEAMS,6800,335623.293655935,326621.325817134,43.8,HFET
386604:10200,1962:1962,10/05/24 20:35:15,STABLE BEAMS,6800,335601.689225905,326975.493476576,43.8,HFET
386604:10200,1963:1963,10/05/24 20:35:38,STABLE BEAMS,6800,335275.224096294,325714.618099556,43.7,HFET
386604:10200,1964:1964,10/05/24 20:36:01,STABLE BEAMS,6800,334974.279607595,325661.919421342,43.7,HFET
386604:10200,1965:1965,10/05/24 20:36:25,STABLE BEAMS,6800,335045.554645638,326572.109769312,43.7,HFET
386604:10200,1966:1966,10/05/24 20:36:48,STABLE BEAMS,6800,334936.033612396,326420.953353597,43.7,HFET
386604:10200,1967:1967,10/05/24 20:37:11,STABLE BEAMS,6800,334411.655306438,325942.991470896,43.6,HFET
386604:10200,1968:1968,10/05/24 20:37:34,STABLE BEAMS,6800,334409.676221296,325382.735544892,43.6,HFET
386604:10200,1969:1969,10/05/24 20:37:58,STABLE BEAMS,6800,334751.552106942,325019.551276111,43.7,HFET
386604:10200,1970:1970,10/05/24 20:38:21,STABLE BEAMS,6800,334637.979660300,322370.204310748,43.6,HFET
386604:10200,1971:1971,10/05/24 20:38:44,STABLE BEAMS,6800,334941.178301334,326345.556969816,43.6,HFET
386604:10200,1972:1972,10/05/24 20:39:08,STABLE BEAMS,6800,334396.221239625,325376.884539349,43.6,HFET
386604:10200,1973:1973,10/05/24 20:39:31,STABLE BEAMS,6800,334265.326553066,325685.115977582,43.6,HFET
386604:10200,1974:1974,10/05/24 20:39:54,STABLE BEAMS,6800,334052.911741067,324616.713041077,43.6,HFET
386604:10200,1975:1975,10/05/24 20:40:18,STABLE BEAMS,6800,333895.927630588,324921.506139399,43.6,HFET
386604:10200,1976:1976,10/05/24 20:40:41,STABLE BEAMS,6800,333536.295924535,324665.747264822,43.5,HFET
386604:10200,1977:1977,10/05/24 20:41:04,STABLE BEAMS,6800,333438.749638495,324421.916515889,43.5,HFET
386604:10200,1978:1978,10/05/24 20:41:28,STABLE BEAMS,6800,333109.895154030,324440.539497278,43.4,HFET
386604:10200,1979:1979,10/05/24 20:41:51,STABLE BEAMS,6800,333077.978035346,323294.213288542,43.4,HFET
386604:10200,1980:1980,10/05/24 20:42:14,STABLE BEAMS,6800,333189.501464509,324745.195062003,43.5,HFET
386604:10200,1981:1981,10/05/24 20:42:37,STABLE BEAMS,6800,332965.932444732,324100.915432889,43.5,HFET
386604:10200,1982:1982,10/05/24 20:43:01,STABLE BEAMS,6800,332307.015977448,319064.740502665,43.4,HFET
386604:10200,1983:1983,10/05/24 20:43:24,STABLE BEAMS,6800,332187.753369638,323837.077042292,43.3,HFET
386604:10200,1984:1984,10/05/24 20:43:47,STABLE BEAMS,6800,331936.934049144,323540.638527184,43.3,HFET
386604:10200,1985:1985,10/05/24 20:44:11,STABLE BEAMS,6800,331419.884652122,323059.329216611,43.3,HFET
386604:10200,1986:1986,10/05/24 20:44:34,STABLE BEAMS,6800,331001.840795909,322370.090087930,43.2,HFET
386604:10200,1987:1987,10/05/24 20:44:57,STABLE BEAMS,6800,331333.609127755,323058.737122823,43.2,HFET
386604:10200,1988:1988,10/05/24 20:45:21,STABLE BEAMS,6800,331418.928910180,322667.302520903,43.2,HFET
386604:10200,1989:1989,10/05/24 20:45:44,STABLE BEAMS,6800,330991.208749581,322668.510019258,43.2,HFET
386604:10200,1990:1990,10/05/24 20:46:07,STABLE BEAMS,6800,330799.235159737,322080.027070894,43.2,HFET
386604:10200,1991:1991,10/05/24 20:46:31,STABLE BEAMS,6800,331246.443131628,323097.300144616,43.1,HFET
386604:10200,1992:1992,10/05/24 20:46:54,STABLE BEAMS,6800,331245.830058139,323049.016527956,43.2,HFET
386604:10200,1993:1993,10/05/24 20:47:17,STABLE BEAMS,6800,331092.442800868,322787.133911722,43.2,HFET
386604:10200,1994:1994,10/05/24 20:47:41,STABLE BEAMS,6800,330915.085069493,322246.069750115,43.2,HFET
386604:10200,1995:1995,10/05/24 20:48:04,STABLE BEAMS,6800,330526.813740292,317566.750212158,43.1,HFET
386604:10200,1996:1996,10/05/24 20:48:27,STABLE BEAMS,6800,330476.369214413,322343.525124117,43.1,HFET
386604:10200,1997:1997,10/05/24 20:48:50,STABLE BEAMS,6800,331051.467113442,322745.179171576,43.1,HFET
386604:10200,1998:1998,10/05/24 20:49:14,STABLE BEAMS,6800,330443.358820191,322132.588215511,43.1,HFET
386604:10200,1999:1999,10/05/24 20:49:37,STABLE BEAMS,6800,330175.149658520,219424.955121269,43.1,HFET
386604:10200,2000:2000,10/05/24 20:50:00,STABLE BEAMS,6800,329639.479611187,287934.514462555,43.1,HFET
386604:10200,2001:2001,10/05/24 20:50:24,STABLE BEAMS,6800,329238.984109448,321179.305561378,42.9,HFET
386604:10200,2002:2002,10/05/24 20:50:47,STABLE BEAMS,6800,329961.504037388,321808.673285129,42.9,HFET
386604:10200,2003:2003,10/05/24 20:51:10,STABLE BEAMS,6800,330212.801228853,321934.446593529,43.1,HFET
386604:10200,2004:2004,10/05/24 20:51:34,STABLE BEAMS,6800,330099.844186778,321393.429053481,43.0,HFET
386604:10200,2005:2005,10/05/24 20:51:57,STABLE BEAMS,6800,330078.057932671,321757.932712356,43.1,HFET
386604:10200,2006:2006,10/05/24 20:52:20,STABLE BEAMS,6800,329780.801209218,321076.570295919,43.0,HFET
386604:10200,2007:2007,10/05/24 20:52:44,STABLE BEAMS,6800,329597.161222888,320922.705167677,43.0,HFET
386604:10200,2008:2008,10/05/24 20:53:07,STABLE BEAMS,6800,329551.814764389,321435.542306925,43.0,HFET
386604:10200,2009:2009,10/05/24 20:53:30,STABLE BEAMS,6800,329332.113002857,316077.249707384,43.0,HFET
386604:10200,2010:2010,10/05/24 20:53:53,STABLE BEAMS,6800,328914.547017615,320378.202666160,42.9,HFET
386604:10200,2011:2011,10/05/24 20:54:17,STABLE BEAMS,6800,328973.597883121,320360.742892646,42.9,HFET
386604:10200,2012:2012,10/05/24 20:54:40,STABLE BEAMS,6800,329122.248390088,250653.590179353,42.9,HFET
386604:10200,2013:2013,10/05/24 20:55:03,STABLE BEAMS,6800,328987.710228762,320924.320604666,42.9,HFET
386604:10200,2014:2014,10/05/24 20:55:27,STABLE BEAMS,6800,328860.845975902,320773.665370701,42.9,HFET
386604:10200,2015:2015,10/05/24 20:55:50,STABLE BEAMS,6800,328499.391366927,320414.966095810,42.9,HFET
386604:10200,2016:2016,10/05/24 20:56:13,STABLE BEAMS,6800,328310.310644764,320269.434571081,42.8,HFET
386604:10200,2017:2017,10/05/24 20:56:37,STABLE BEAMS,6800,328310.923718254,320129.865943635,42.8,HFET
386604:10200,2018:2018,10/05/24 20:57:00,STABLE BEAMS,6800,328179.732984800,320074.024972405,42.8,HFET
386604:10200,2019:2019,10/05/24 20:57:23,STABLE BEAMS,6800,327785.885717248,319772.509369618,42.8,HFET
386604:10200,2020:2020,10/05/24 20:57:47,STABLE BEAMS,6800,327537.616595983,319032.233621271,42.7,HFET
386604:10200,2021:2021,10/05/24 20:58:10,STABLE BEAMS,6800,327687.703046939,319689.054449517,42.7,HFET
386604:10200,2022:2022,10/05/24 20:58:33,STABLE BEAMS,6800,327650.163368346,315058.041839000,42.7,HFET
386604:10200,2023:2023,10/05/24 20:58:57,STABLE BEAMS,6800,327432.741401007,319406.276050936,42.7,HFET
386604:10200,2024:2024,10/05/24 20:59:20,STABLE BEAMS,6800,327352.428773923,319207.542335167,42.7,HFET
386604:10200,2025:2025,10/05/24 20:59:43,STABLE BEAMS,6800,327057.447182506,318662.265915784,42.7,HFET
386604:10200,2026:2026,10/05/24 21:00:06,STABLE BEAMS,6800,326986.740927471,319015.181786391,42.6,HFET
386604:10200,2027:2027,10/05/24 21:00:30,STABLE BEAMS,6800,326974.036552885,318917.022426861,42.6,HFET
386604:10200,2028:2028,10/05/24 21:00:53,STABLE BEAMS,6800,326653.513340856,318230.811368380,42.6,HFET
386604:10200,2029:2029,10/05/24 21:01:16,STABLE BEAMS,6800,326246.486158825,317871.974559893,42.6,HFET
386604:10200,2030:2030,10/05/24 21:01:40,STABLE BEAMS,6800,326415.169949313,318500.820122193,42.5,HFET
386604:10200,2031:2031,10/05/24 21:02:03,STABLE BEAMS,6800,326633.687523268,318649.948500131,42.6,HFET
386604:10200,2032:2032,10/05/24 21:02:26,STABLE BEAMS,6800,326472.286020157,318089.785817243,42.6,HFET
386604:10200,2033:2033,10/05/24 21:02:50,STABLE BEAMS,6800,326365.429408962,47726.461067725,42.6,HFET
386554:10197,1:1,10/03/24 20:54:36,STABLE BEAMS,6800,470513.916292015,449872.447551877,61.3,HFET
386554:10197,2:2,10/03/24 20:54:59,STABLE BEAMS,6800,469596.690750927,452377.447180087,61.3,HFET
386554:10197,3:3,10/03/24 20:55:23,STABLE BEAMS,6800,469310.588235252,452824.174949929,61.2,HFET
386554:10197,4:4,10/03/24 20:55:46,STABLE BEAMS,6800,469049.024976691,453873.798722826,61.2,HFET
386554:10197,5:5,10/03/24 20:56:09,STABLE BEAMS,6800,468295.247625114,333516.421154312,61.1,HFET
386554:10197,6:6,10/03/24 20:56:33,STABLE BEAMS,6800,468592.644213241,449676.037920779,61.1,HFET
386554:10197,7:7,10/03/24 20:56:56,STABLE BEAMS,6800,468867.865257252,452872.663701445,61.1,HFET
386554:10197,8:8,10/03/24 20:57:19,STABLE BEAMS,6800,468363.541214516,452069.945369239,61.1,HFET
386554:10197,9:9,10/03/24 20:57:42,STABLE BEAMS,6800,468388.308917264,452783.565241735,61.1,HFET
386554:10197,10:10,10/03/24 20:58:06,STABLE BEAMS,6800,467794.250030550,352923.192522311,61.1,HFET
386554:10197,11:11,10/03/24 20:58:29,STABLE BEAMS,6800,473919.292430213,402397.269689149,61.0,HFET
386554:10197,12:12,10/03/24 20:58:52,STABLE BEAMS,6800,475393.198023798,457519.886627719,62.0,HFET
386554:10197,13:13,10/03/24 20:59:16,STABLE BEAMS,6800,475177.256290929,457380.614047167,62.0,HFET
386554:10197,14:14,10/03/24 20:59:39,STABLE BEAMS,6800,475386.824856804,451188.961096349,62.0,HFET
386554:10197,15:15,10/03/24 21:00:02,STABLE BEAMS,6800,474739.405265751,456531.819629077,62.0,HFET
386554:10197,16:16,10/03/24 21:00:26,STABLE BEAMS,6800,474910.639255468,331854.686627399,61.9,HFET
386554:10197,17:17,10/03/24 21:00:49,STABLE BEAMS,6800,474867.295192890,455966.260500837,61.9,HFET
386554:10197,18:18,10/03/24 21:01:12,STABLE BEAMS,6800,473656.773429710,456313.691345132,61.8,HFET
386554:10197,19:19,10/03/24 21:01:36,STABLE BEAMS,6800,472949.482433728,455618.281853235,61.7,HFET
386554:10197,20:20,10/03/24 21:01:59,STABLE BEAMS,6800,472858.516780615,455546.256208105,61.7,HFET
386554:10197,21:21,10/03/24 21:02:22,STABLE BEAMS,6800,472607.515636044,456604.891928186,61.6,HFET
386554:10197,22:22,10/03/24 21:02:45,STABLE BEAMS,6800,472120.630387121,454793.161862355,61.6,HFET
386554:10197,23:23,10/03/24 21:03:09,STABLE BEAMS,6800,471342.905872219,453546.536364572,61.5,HFET
386554:10197,24:24,10/03/24 21:03:32,STABLE BEAMS,6800,470270.246387458,452669.058032852,61.4,HFET
386554:10197,25:25,10/03/24 21:03:55,STABLE BEAMS,6800,470299.839421470,451839.021798669,61.4,HFET
386554:10197,26:26,10/03/24 21:04:19,STABLE BEAMS,6800,469811.406336818,452787.115473385,61.3,HFET
386554:10197,27:27,10/03/24 21:04:42,STABLE BEAMS,6800,469227.406051266,446070.105163889,61.2,HFET
386554:10197,28:28,10/03/24 21:05:05,STABLE BEAMS,6800,468761.691651882,453313.747931678,61.2,HFET
386554:10197,29:29,10/03/24 21:05:29,STABLE BEAMS,6800,468308.042911738,451985.625619235,61.1,HFET
386554:10197,30:30,10/03/24 21:05:52,STABLE BEAMS,6800,471461.781521096,453581.276418600,61.1,HFET
386554:10197,31:31,10/03/24 21:06:15,STABLE BEAMS,6800,476843.566723771,458027.215429875,62.2,HFET
386554:10197,32:32,10/03/24 21:06:39,STABLE BEAMS,6800,476255.561646377,458662.525071208,62.1,HFET
386554:10197,33:33,10/03/24 21:07:02,STABLE BEAMS,6800,475791.940554952,458062.225888940,62.1,HFET
386554:10197,34:34,10/03/24 21:07:25,STABLE BEAMS,6800,475188.592322784,458281.494069981,62.0,HFET
386554:10197,35:35,10/03/24 21:07:49,STABLE BEAMS,6800,475180.853144137,458313.227033511,61.9,HFET
386554:10197,36:36,10/03/24 21:08:12,STABLE BEAMS,6800,475653.169156150,458046.246349897,62.0,HFET
386554:10197,37:37,10/03/24 21:08:35,STABLE BEAMS,6800,474058.746834841,457220.352441152,61.9,HFET
386554:10197,38:38,10/03/24 21:08:58,STABLE BEAMS,6800,473379.002186470,456105.896729543,61.6,HFET
386554:10197,39:39,10/03/24 21:09:22,STABLE BEAMS,6800,474169.382123322,457885.164204459,61.8,HFET
386554:10197,40:40,10/03/24 21:09:45,STABLE BEAMS,6800,474163.099868366,451265.084776437,61.9,HFET
386554:10197,41:41,10/03/24 21:10:08,STABLE BEAMS,6800,474482.667338455,458233.142852062,61.9,HFET
386554:10197,42:42,10/03/24 21:10:32,STABLE BEAMS,6800,474601.041805582,457254.999252064,61.9,HFET
386554:10197,43:43,10/03/24 21:10:55,STABLE BEAMS,6800,474677.986025093,458164.301459351,61.9,HFET
386554:10197,44:44,10/03/24 21:11:18,STABLE BEAMS,6800,474207.628118521,457906.472587595,61.9,HFET
386554:10197,45:45,10/03/24 21:11:42,STABLE BEAMS,6800,473196.157097706,455557.363794326,61.8,HFET
386554:10197,46:46,10/03/24 21:12:05,STABLE BEAMS,6800,472883.739043554,456999.673957978,61.7,HFET
386554:10197,47:47,10/03/24 21:12:28,STABLE BEAMS,6800,472690.012483126,456857.760266159,61.7,HFET
386554:10197,48:48,10/03/24 21:12:52,STABLE BEAMS,6800,472414.427790962,455893.913166957,61.7,HFET
386554:10197,49:49,10/03/24 21:13:15,STABLE BEAMS,6800,472261.586005921,455569.977256873,61.6,HFET
386554:10197,50:50,10/03/24 21:13:38,STABLE BEAMS,6800,472197.208627400,454888.227881504,61.6,HFET
386554:10197,51:51,10/03/24 21:14:01,STABLE BEAMS,6800,471747.019206868,452850.446197926,61.6,HFET
386554:10197,52:52,10/03/24 21:14:25,STABLE BEAMS,6800,471661.242533173,453220.824173124,61.5,HFET
386554:10197,53:53,10/03/24 21:14:48,STABLE BEAMS,6800,471405.826327049,449099.504077759,61.5,HFET
386554:10197,54:54,10/03/24 21:15:11,STABLE BEAMS,6800,471334.847335899,454691.086291943,61.5,HFET
386554:10197,55:55,10/03/24 21:15:35,STABLE BEAMS,6800,471022.564484266,455352.030797005,61.5,HFET
386554:10197,56:56,10/03/24 21:15:58,STABLE BEAMS,6800,470466.656018556,454577.812223273,61.4,HFET
386554:10197,57:57,10/03/24 21:16:21,STABLE BEAMS,6800,470102.289893277,454223.551320715,61.4,HFET
386554:10197,58:58,10/03/24 21:16:45,STABLE BEAMS,6800,469649.778719150,453990.716266263,61.3,HFET
386554:10197,59:59,10/03/24 21:17:08,STABLE BEAMS,6800,469404.332533229,453789.751708938,61.2,HFET
386554:10197,60:60,10/03/24 21:17:31,STABLE BEAMS,6800,469678.870571413,453511.842932102,61.2,HFET
386554:10197,61:61,10/03/24 21:17:55,STABLE BEAMS,6800,469166.352789839,453679.573311726,61.3,HFET
386554:10197,62:62,10/03/24 21:18:18,STABLE BEAMS,6800,468791.604043568,452000.605125857,61.2,HFET
386554:10197,63:63,10/03/24 21:18:41,STABLE BEAMS,6800,468889.355464464,453657.218274611,61.2,HFET
386554:10197,64:64,10/03/24 21:19:05,STABLE BEAMS,6800,467874.196678403,450565.852316775,61.1,HFET
386554:10197,65:65,10/03/24 21:19:28,STABLE BEAMS,6800,471521.377858833,455566.014424434,61.0,HFET
386554:10197,66:66,10/03/24 21:19:51,STABLE BEAMS,6800,475329.368448585,451610.650758407,62.0,HFET
386554:10197,67:67,10/03/24 21:20:14,STABLE BEAMS,6800,475177.664229562,456276.265889356,62.0,HFET
386554:10197,68:68,10/03/24 21:20:38,STABLE BEAMS,6800,475061.793340105,458331.985217418,61.9,HFET
386554:10197,69:69,10/03/24 21:21:01,STABLE BEAMS,6800,474947.335083859,458231.685928371,62.0,HFET
386554:10197,70:70,10/03/24 21:21:24,STABLE BEAMS,6800,474584.423551193,456867.730286362,61.9,HFET
386554:10197,71:71,10/03/24 21:21:48,STABLE BEAMS,6800,474179.536298679,457873.963375122,61.9,HFET
386554:10197,72:72,10/03/24 21:22:11,STABLE BEAMS,6800,472020.011740401,455827.304946880,61.7,HFET
386554:10197,73:73,10/03/24 21:22:34,STABLE BEAMS,6800,471120.497729239,455440.900811081,61.5,HFET
386554:10197,74:74,10/03/24 21:22:58,STABLE BEAMS,6800,462219.694009388,448005.720365017,60.6,HFET
386554:10197,75:75,10/03/24 21:23:21,STABLE BEAMS,6800,469595.007712679,453875.892030786,61.5,HFET
386554:10197,76:76,10/03/24 21:23:44,STABLE BEAMS,6800,467929.879136335,452175.345056744,61.1,HFET
386554:10197,77:77,10/03/24 21:24:08,STABLE BEAMS,6800,470381.837417880,454458.843331280,60.9,HFET
386554:10197,78:78,10/03/24 21:24:31,STABLE BEAMS,6800,478697.183928488,461115.119737021,62.4,HFET
386554:10197,79:79,10/03/24 21:24:54,STABLE BEAMS,6800,478708.748405978,454333.412691331,62.4,HFET
386554:10197,80:80,10/03/24 21:25:18,STABLE BEAMS,6800,478591.693328945,459504.170073361,62.4,HFET
386554:10197,81:81,10/03/24 21:25:41,STABLE BEAMS,6800,477969.085731120,457160.299212146,62.3,HFET
386554:10197,82:82,10/03/24 21:26:04,STABLE BEAMS,6800,477983.244698319,454688.720247869,62.3,HFET
386554:10197,83:83,10/03/24 21:26:27,STABLE BEAMS,6800,477618.603505847,457597.376319459,62.3,HFET
386554:10197,84:84,10/03/24 21:26:51,STABLE BEAMS,6800,477378.940724210,459785.221143214,62.3,HFET
386554:10197,85:85,10/03/24 21:27:14,STABLE BEAMS,6800,477135.953825478,459949.079602437,62.3,HFET
386554:10197,86:86,10/03/24 21:27:37,STABLE BEAMS,6800,476765.986119992,459829.383414137,62.2,HFET
386554:10197,87:87,10/03/24 21:28:01,STABLE BEAMS,6800,476620.519865445,460041.366976722,62.2,HFET
386554:10197,88:88,10/03/24 21:28:24,STABLE BEAMS,6800,476476.011683916,459516.464178236,62.1,HFET
386554:10197,89:89,10/03/24 21:28:47,STABLE BEAMS,6800,475997.094059275,458082.396706058,62.1,HFET
386554:10197,90:90,10/03/24 21:29:11,STABLE BEAMS,6800,476831.820422204,456903.335170293,62.1,HFET
386554:10197,91:91,10/03/24 21:29:34,STABLE BEAMS,6800,476920.918881914,458724.261338462,62.2,HFET
386554:10197,92:92,10/03/24 21:29:57,STABLE BEAMS,6800,476666.094769578,453183.352095791,62.2,HFET
386554:10197,93:93,10/03/24 21:30:21,STABLE BEAMS,6800,476682.941469602,460057.118070131,62.2,HFET
386554:10197,94:94,10/03/24 21:30:44,STABLE BEAMS,6800,476386.274508860,459863.030192627,62.2,HFET
386554:10197,95:95,10/03/24 21:31:07,STABLE BEAMS,6800,475750.417064219,459264.006109974,62.1,HFET
386554:10197,96:96,10/03/24 21:31:30,STABLE BEAMS,6800,475470.279776905,458169.537060327,62.0,HFET
386554:10197,97:97,10/03/24 21:31:54,STABLE BEAMS,6800,474577.686736045,458317.005710796,62.0,HFET
386554:10197,98:98,10/03/24 21:32:17,STABLE BEAMS,6800,474143.523476115,457888.215585438,61.9,HFET
386554:10197,99:99,10/03/24 21:32:40,STABLE BEAMS,6800,474308.838859029,457844.144226553,61.9,HFET
386554:10197,100:100,10/03/24 21:33:04,STABLE BEAMS,6800,473972.562222513,456380.982571035,61.8,HFET
386554:10197,101:101,10/03/24 21:33:27,STABLE BEAMS,6800,474120.347899577,457403.743002147,61.8,HFET
386554:10197,102:102,10/03/24 21:33:50,STABLE BEAMS,6800,473932.677479547,457182.472425185,61.8,HFET
386554:10197,103:103,10/03/24 21:34:14,STABLE BEAMS,6800,473319.450139214,457581.669516531,61.8,HFET
386554:10197,104:104,10/03/24 21:34:37,STABLE BEAMS,6800,473191.786326632,457188.253498391,61.7,HFET
386554:10197,105:105,10/03/24 21:35:00,STABLE BEAMS,6800,472717.286094622,449545.551172853,61.7,HFET
386554:10197,106:106,10/03/24 21:35:24,STABLE BEAMS,6800,472552.607095976,456690.624311400,61.6,HFET
386554:10197,107:107,10/03/24 21:35:47,STABLE BEAMS,6800,472505.530977671,456761.603302550,61.7,HFET
386554:10197,108:108,10/03/24 21:36:10,STABLE BEAMS,6800,470578.839142766,453806.232429731,61.5,HFET
386554:10197,109:109,10/03/24 21:36:34,STABLE BEAMS,6800,472521.967407984,456351.023557791,61.4,HFET
386554:10197,110:110,10/03/24 21:36:57,STABLE BEAMS,6800,471880.783450329,456101.206600796,61.7,HFET
386554:10197,111:111,10/03/24 21:37:20,STABLE BEAMS,6800,471233.953621986,455568.110063471,61.4,HFET
386554:10197,112:112,10/03/24 21:37:43,STABLE BEAMS,6800,471793.913501096,453598.349233181,61.6,HFET
386554:10197,113:113,10/03/24 21:38:07,STABLE BEAMS,6800,471778.479434283,456431.063448760,61.5,HFET
386554:10197,114:114,10/03/24 21:38:30,STABLE BEAMS,6800,471866.850597686,456362.268677608,61.5,HFET
386554:10197,115:115,10/03/24 21:38:53,STABLE BEAMS,6800,472291.134749453,456743.891772623,61.6,HFET
386554:10197,116:116,10/03/24 21:39:17,STABLE BEAMS,6800,471794.824952557,456209.065575492,61.5,HFET
386554:10197,117:117,10/03/24 21:39:40,STABLE BEAMS,6800,471032.399301950,455581.858760959,61.5,HFET
386554:10197,118:118,10/03/24 21:40:03,STABLE BEAMS,6800,470739.965578684,448767.782367471,61.4,HFET
386554:10197,119:119,10/03/24 21:40:27,STABLE BEAMS,6800,470368.268213391,454988.254434436,61.4,HFET
386554:10197,120:120,10/03/24 21:40:50,STABLE BEAMS,6800,469923.451927432,453570.439237416,61.3,HFET
386554:10197,121:121,10/03/24 21:41:13,STABLE BEAMS,6800,470195.533009503,454063.972720527,61.3,HFET
386554:10197,122:122,10/03/24 21:41:37,STABLE BEAMS,6800,472458.680973923,456269.435831093,61.3,HFET
386554:10197,123:123,10/03/24 21:42:00,STABLE BEAMS,6800,478682.887427693,453491.492621985,62.7,HFET
386554:10197,124:124,10/03/24 21:42:23,STABLE BEAMS,6800,474014.948212072,457317.192410587,61.9,HFET
386554:10197,125:125,10/03/24 21:42:47,STABLE BEAMS,6800,473205.399821602,456269.846100804,61.8,HFET
386554:10197,126:126,10/03/24 21:43:10,STABLE BEAMS,6800,472924.169258750,300446.621742790,61.7,HFET
386554:10197,127:127,10/03/24 21:43:33,STABLE BEAMS,6800,472617.303832170,456216.350193947,61.7,HFET
386554:10197,128:128,10/03/24 21:43:56,STABLE BEAMS,6800,472499.293013196,456239.705263484,61.6,HFET
386554:10197,129:129,10/03/24 21:44:20,STABLE BEAMS,6800,472481.308747153,455904.020720756,61.6,HFET
386554:10197,130:130,10/03/24 21:44:43,STABLE BEAMS,6800,472154.685104245,455931.385244290,61.6,HFET
386554:10197,131:131,10/03/24 21:45:06,STABLE BEAMS,6800,471481.996628694,448176.497463464,61.5,HFET
386554:10197,132:132,10/03/24 21:45:30,STABLE BEAMS,6800,471301.701739158,454036.200258359,61.5,HFET
386554:10197,133:133,10/03/24 21:45:53,STABLE BEAMS,6800,470736.506259072,451809.109406984,61.4,HFET
386554:10197,134:134,10/03/24 21:46:16,STABLE BEAMS,6800,470766.465272316,453764.119176287,61.4,HFET
386554:10197,135:135,10/03/24 21:46:40,STABLE BEAMS,6800,471049.882386243,455037.106834105,61.5,HFET
386554:10197,136:136,10/03/24 21:47:03,STABLE BEAMS,6800,470470.844965552,453560.058947503,61.3,HFET
386554:10197,137:137,10/03/24 21:47:26,STABLE BEAMS,6800,470159.200829266,452804.917915351,61.3,HFET
386554:10197,138:138,10/03/24 21:47:50,STABLE BEAMS,6800,470583.711095589,452067.714527683,61.3,HFET
386554:10197,139:139,10/03/24 21:48:13,STABLE BEAMS,6800,470215.974231658,454196.872134085,61.3,HFET
386554:10197,140:140,10/03/24 21:48:36,STABLE BEAMS,6800,469984.551810417,452986.121925270,61.4,HFET
386554:10197,141:141,10/03/24 21:48:59,STABLE BEAMS,6800,469002.265884981,452900.846433325,61.2,HFET
386554:10197,142:142,10/03/24 21:49:23,STABLE BEAMS,6800,469094.599880825,453406.580778193,61.1,HFET
386554:10197,143:143,10/03/24 21:49:46,STABLE BEAMS,6800,469460.786577948,453726.194869839,61.2,HFET
386554:10197,144:144,10/03/24 21:50:09,STABLE BEAMS,6800,468802.030955040,446010.462204595,61.2,HFET
386554:10197,145:145,10/03/24 21:50:33,STABLE BEAMS,6800,468477.318796014,453220.915085163,62.4,HFET
386554:10197,146:146,10/03/24 21:50:56,STABLE BEAMS,6800,475333.783510139,458206.598867950,61.1,HFET
386554:10197,147:147,10/03/24 21:51:19,STABLE BEAMS,6800,479431.382556736,461778.793934310,62.6,HFET
386554:10197,148:148,10/03/24 21:51:43,STABLE BEAMS,6800,479448.546283355,460728.079216953,62.5,HFET
386554:10197,149:149,10/03/24 21:52:06,STABLE BEAMS,6800,479096.196864680,458642.538409245,62.5,HFET
386554:10197,150:150,10/03/24 21:52:29,STABLE BEAMS,6800,478313.374282398,459993.789676668,62.4,HFET
386554:10197,151:151,10/03/24 21:52:53,STABLE BEAMS,6800,478818.926803190,460494.971426387,62.4,HFET
386554:10197,152:152,10/03/24 21:53:16,STABLE BEAMS,6800,478579.536757667,460354.696482335,62.5,HFET
386554:10197,153:153,10/03/24 21:53:39,STABLE BEAMS,6800,477884.264799367,460563.080860634,62.3,HFET
386554:10197,154:154,10/03/24 21:54:03,STABLE BEAMS,6800,478104.306898272,459978.763548488,62.3,HFET
386554:10197,155:155,10/03/24 21:54:26,STABLE BEAMS,6800,477918.137692414,459679.457807556,62.3,HFET
386554:10197,156:156,10/03/24 21:54:49,STABLE BEAMS,6800,477528.640216234,460481.674958013,62.2,HFET
386554:10197,157:157,10/03/24 21:55:12,STABLE BEAMS,6800,477957.612165669,454134.315327408,62.3,HFET
386554:10197,158:158,10/03/24 21:55:36,STABLE BEAMS,6800,476864.509127675,457057.449723870,62.3,HFET
386554:10197,159:159,10/03/24 21:55:59,STABLE BEAMS,6800,477227.101302668,460084.708708223,62.1,HFET
386554:10197,160:160,10/03/24 21:56:22,STABLE BEAMS,6800,476593.749766776,459575.787779857,62.2,HFET
386554:10197,161:161,10/03/24 21:56:46,STABLE BEAMS,6800,476912.314873364,460093.907141638,62.1,HFET
386554:10197,162:162,10/03/24 21:57:09,STABLE BEAMS,6800,476369.064160682,458213.473216694,62.1,HFET
386554:10197,163:163,10/03/24 21:57:32,STABLE BEAMS,6800,476429.161680168,459572.645486840,62.1,HFET
386554:10197,164:164,10/03/24 21:57:56,STABLE BEAMS,6800,476245.864362290,458668.534590049,62.1,HFET
386554:10197,165:165,10/03/24 21:58:19,STABLE BEAMS,6800,476425.702360556,459536.131482526,62.1,HFET
386554:10197,166:166,10/03/24 21:58:42,STABLE BEAMS,6800,476350.534422410,459339.857053946,62.1,HFET
386554:10197,167:167,10/03/24 21:59:06,STABLE BEAMS,6800,479540.742745602,460144.216464998,62.2,HFET
386554:10197,168:168,10/03/24 21:59:29,STABLE BEAMS,6800,480952.637004741,461238.002508818,62.8,HFET
386554:10197,169:169,10/03/24 21:59:52,STABLE BEAMS,6800,479460.702854633,460923.169457957,62.6,HFET
386554:10197,170:170,10/03/24 22:00:15,STABLE BEAMS,6800,478070.522586185,454132.175397891,62.4,HFET
386554:10197,171:171,10/03/24 22:00:39,STABLE BEAMS,6800,477159.945279284,459754.488212106,62.3,HFET
386554:10197,172:172,10/03/24 22:01:02,STABLE BEAMS,6800,475974.102637891,458416.486791498,62.1,HFET
386554:10197,173:173,10/03/24 22:01:25,STABLE BEAMS,6800,475985.573872265,456696.132648492,62.1,HFET
386554:10197,174:174,10/03/24 22:01:49,STABLE BEAMS,6800,474644.887049910,457319.332340105,62.0,HFET
386554:10197,175:175,10/03/24 22:02:12,STABLE BEAMS,6800,474395.251916992,457595.010275385,62.1,HFET
386554:10197,176:176,10/03/24 22:02:35,STABLE BEAMS,6800,473971.832595129,457647.867466896,61.8,HFET
386554:10197,177:177,10/03/24 22:02:59,STABLE BEAMS,6800,473583.381772928,456484.424153099,61.8,HFET
386554:10197,178:178,10/03/24 22:03:22,STABLE BEAMS,6800,474129.590623473,457366.317546371,61.8,HFET
386554:10197,179:179,10/03/24 22:03:45,STABLE BEAMS,6800,474809.973987190,457578.755669149,61.9,HFET
386554:10197,180:180,10/03/24 22:04:09,STABLE BEAMS,6800,474480.800145052,457701.228171234,62.0,HFET
386554:10197,181:181,10/03/24 22:04:32,STABLE BEAMS,6800,473826.960765447,457462.702955615,61.9,HFET
386554:10197,182:182,10/03/24 22:04:55,STABLE BEAMS,6800,473412.921701076,457202.549999186,61.7,HFET
386554:10197,183:183,10/03/24 22:05:19,STABLE BEAMS,6800,472793.181329075,450050.875248010,61.7,HFET
386554:10197,184:184,10/03/24 22:05:42,STABLE BEAMS,6800,472886.060797148,456821.700822036,61.6,HFET
386554:10197,185:185,10/03/24 22:06:05,STABLE BEAMS,6800,473035.760289172,456928.967702943,61.7,HFET
386554:10197,186:186,10/03/24 22:06:28,STABLE BEAMS,6800,472998.836015147,457118.321161221,61.7,HFET
386554:10197,187:187,10/03/24 22:06:52,STABLE BEAMS,6800,473101.457057788,456409.757396702,61.7,HFET
386554:10197,188:188,10/03/24 22:07:15,STABLE BEAMS,6800,472822.639160569,456623.741024131,61.7,HFET
386554:10197,189:189,10/03/24 22:07:38,STABLE BEAMS,6800,472384.559689756,456155.613959115,61.7,HFET
386554:10197,190:190,10/03/24 22:08:02,STABLE BEAMS,6800,472244.923461051,456337.820332533,61.6,HFET
386554:10197,191:191,10/03/24 22:08:25,STABLE BEAMS,6800,468879.702470857,452812.610472439,61.5,HFET
386554:10197,192:192,10/03/24 22:08:48,STABLE BEAMS,6800,471102.240727082,454876.162222264,60.9,HFET
386554:10197,193:193,10/03/24 22:09:12,STABLE BEAMS,6800,472727.209493266,456343.055933509,61.7,HFET
386554:10197,194:194,10/03/24 22:09:35,STABLE BEAMS,6800,471402.548831513,454916.317370267,61.5,HFET
386554:10197,195:195,10/03/24 22:09:58,STABLE BEAMS,6800,470745.702361410,454638.501836547,61.5,HFET
386554:10197,196:196,10/03/24 22:10:22,STABLE BEAMS,6800,470002.216718786,446435.520274226,61.3,HFET
386554:10197,197:197,10/03/24 22:10:45,STABLE BEAMS,6800,469283.088509199,452700.473969787,61.2,HFET
386554:10197,198:198,10/03/24 22:11:08,STABLE BEAMS,6800,468725.678829318,453379.810679525,61.2,HFET
386554:10197,199:199,10/03/24 22:11:32,STABLE BEAMS,6800,468588.408644687,452779.420585219,61.1,HFET
386554:10197,200:200,10/03/24 22:11:55,STABLE BEAMS,6800,476021.223046676,459561.901548773,62.1,HFET
386554:10197,201:201,10/03/24 22:12:18,STABLE BEAMS,6800,476140.737410900,457925.867155770,62.0,HFET
386554:10197,202:202,10/03/24 22:12:41,STABLE BEAMS,6800,475806.873440016,459454.317641270,62.1,HFET
386554:10197,203:203,10/03/24 22:13:05,STABLE BEAMS,6800,475488.947048774,459254.080380251,62.0,HFET
386554:10197,204:204,10/03/24 22:13:28,STABLE BEAMS,6800,475476.151762149,459153.370821493,62.0,HFET
386554:10197,205:205,10/03/24 22:13:51,STABLE BEAMS,6800,475161.819893037,458576.293837321,62.0,HFET
386554:10197,206:206,10/03/24 22:14:15,STABLE BEAMS,6800,475115.063132406,458887.982264088,61.9,HFET
386554:10197,207:207,10/03/24 22:14:38,STABLE BEAMS,6800,475001.194638869,458766.467835022,62.0,HFET
386554:10197,208:208,10/03/24 22:15:01,STABLE BEAMS,6800,474519.363166846,298491.339237372,61.9,HFET
386554:10197,209:209,10/03/24 22:15:25,STABLE BEAMS,6800,474245.871782641,450926.670541481,61.8,HFET
386554:10197,210:210,10/03/24 22:15:48,STABLE BEAMS,6800,471345.682186004,455718.264115687,61.5,HFET
386554:10197,211:211,10/03/24 22:16:11,STABLE BEAMS,6800,470154.648234116,454624.706517502,61.4,HFET
386554:10197,212:212,10/03/24 22:16:35,STABLE BEAMS,6800,470157.242723825,454531.827049428,61.3,HFET
386554:10197,213:213,10/03/24 22:16:58,STABLE BEAMS,6800,467635.398726668,452528.011502014,61.3,HFET
386554:10197,214:214,10/03/24 22:17:21,STABLE BEAMS,6800,472629.413781890,455931.930716520,61.6,HFET
386554:10197,215:215,10/03/24 22:17:44,STABLE BEAMS,6800,471405.779705491,455794.842355966,61.5,HFET
386554:10197,216:216,10/03/24 22:18:08,STABLE BEAMS,6800,468268.932086637,453132.770036316,61.1,HFET
386554:10197,217:217,10/03/24 22:18:31,STABLE BEAMS,6800,467893.001483868,452503.971095573,61.0,HFET
386554:10197,218:218,10/03/24 22:18:54,STABLE BEAMS,6800,475491.084647213,459391.579010517,61.0,HFET
386554:10197,219:219,10/03/24 22:19:18,STABLE BEAMS,6800,475473.739096517,459352.423894936,62.0,HFET
386554:10197,220:220,10/03/24 22:19:41,STABLE BEAMS,6800,475166.691845860,458879.970349326,62.0,HFET
386554:10197,221:221,10/03/24 22:20:04,STABLE BEAMS,6800,474790.987357648,457802.893471934,62.0,HFET
386554:10197,222:222,10/03/24 22:20:28,STABLE BEAMS,6800,474624.898056869,450415.880088636,61.9,HFET
386554:10197,223:223,10/03/24 22:20:51,STABLE BEAMS,6800,474557.061358736,456654.520576797,62.0,HFET
386554:10197,224:224,10/03/24 22:21:14,STABLE BEAMS,6800,474519.726814999,456880.933511619,61.9,HFET
386554:10197,225:225,10/03/24 22:21:38,STABLE BEAMS,6800,474602.589641312,458033.087415119,61.9,HFET
386554:10197,226:226,10/03/24 22:22:01,STABLE BEAMS,6800,474527.559236762,457776.032461227,61.9,HFET
386554:10197,227:227,10/03/24 22:22:24,STABLE BEAMS,6800,473923.026817017,457867.135647937,61.8,HFET
386554:10197,228:228,10/03/24 22:22:48,STABLE BEAMS,6800,473921.297157212,457033.637763064,61.8,HFET
386554:10197,229:229,10/03/24 22:23:11,STABLE BEAMS,6800,473331.923737088,457364.816332200,61.8,HFET
386554:10197,230:230,10/03/24 22:23:34,STABLE BEAMS,6800,473767.135982076,457700.864523081,61.8,HFET
386554:10197,231:231,10/03/24 22:23:57,STABLE BEAMS,6800,473587.796834481,457309.816880094,61.8,HFET
386554:10197,232:232,10/03/24 22:24:21,STABLE BEAMS,6800,473303.377357055,456749.311528753,61.7,HFET
386554:10197,233:233,10/03/24 22:24:44,STABLE BEAMS,6800,472883.601509958,457107.395399077,61.8,HFET
386554:10197,234:234,10/03/24 22:25:07,STABLE BEAMS,6800,472165.930224062,455193.543141277,61.6,HFET
386554:10197,235:235,10/03/24 22:25:31,STABLE BEAMS,6800,471975.392578208,449625.954711975,61.5,HFET
386554:10197,236:236,10/03/24 22:25:54,STABLE BEAMS,6800,472425.036526510,455832.997439126,61.6,HFET
386554:10197,237:237,10/03/24 22:26:17,STABLE BEAMS,6800,472288.812995859,455761.880914380,61.6,HFET
386554:10197,238:238,10/03/24 22:26:41,STABLE BEAMS,6800,472472.247847334,456553.491660366,61.6,HFET
386554:10197,239:239,10/03/24 22:27:04,STABLE BEAMS,6800,472685.550800014,456619.279341020,61.6,HFET
386554:10197,240:240,10/03/24 22:27:27,STABLE BEAMS,6800,472221.885418109,456394.139174734,61.6,HFET
386554:10197,241:241,10/03/24 22:27:51,STABLE BEAMS,6800,472086.936987072,456289.378202576,61.5,HFET
386554:10197,242:242,10/03/24 22:28:14,STABLE BEAMS,6800,471880.601626252,456326.029740486,61.6,HFET
386554:10197,243:243,10/03/24 22:28:37,STABLE BEAMS,6800,471252.849339489,455341.785709610,61.5,HFET
386554:10197,244:244,10/03/24 22:29:01,STABLE BEAMS,6800,471094.273102800,455713.392162864,61.5,HFET
386554:10197,245:245,10/03/24 22:29:24,STABLE BEAMS,6800,471004.079036474,454084.733300355,61.5,HFET
386554:10197,246:246,10/03/24 22:29:47,STABLE BEAMS,6800,470637.708184196,454325.899627241,61.3,HFET
386554:10197,247:247,10/03/24 22:30:10,STABLE BEAMS,6800,470744.611416950,455143.688378108,61.4,HFET
386554:10197,248:248,10/03/24 22:30:34,STABLE BEAMS,6800,470571.281788196,447447.217409598,61.4,HFET
386554:10197,249:249,10/03/24 22:30:57,STABLE BEAMS,6800,470244.338787614,454392.692002473,61.3,HFET
386554:10197,250:250,10/03/24 22:31:20,STABLE BEAMS,6800,470031.809752799,453762.753164634,61.3,HFET
386554:10197,251:251,10/03/24 22:31:44,STABLE BEAMS,6800,469370.093660950,453453.656896498,61.3,HFET
386554:10197,252:252,10/03/24 22:32:07,STABLE BEAMS,6800,469018.247755102,453722.551395073,61.2,HFET
386554:10197,253:253,10/03/24 22:32:30,STABLE BEAMS,6800,468697.176739765,452622.028536106,61.2,HFET
386554:10197,254:254,10/03/24 22:32:54,STABLE BEAMS,6800,468397.689174757,452361.602843562,61.1,HFET
386554:10197,255:255,10/03/24 22:33:17,STABLE BEAMS,6800,468307.541729988,445501.494654671,61.1,HFET
386554:10197,256:256,10/03/24 22:33:40,STABLE BEAMS,6800,469160.252358960,453465.312286027,61.1,HFET
386554:10197,257:257,10/03/24 22:34:04,STABLE BEAMS,6800,476165.959673839,457552.759488345,62.1,HFET
386554:10197,258:258,10/03/24 22:34:27,STABLE BEAMS,6800,476016.852275603,458982.092541296,62.1,HFET
386554:10197,259:259,10/03/24 22:34:50,STABLE BEAMS,6800,475911.088939945,459003.034945200,62.1,HFET
386554:10197,260:260,10/03/24 22:35:13,STABLE BEAMS,6800,475545.538627090,459147.724950805,62.1,HFET
386554:10197,261:261,10/03/24 22:35:37,STABLE BEAMS,6800,475152.122608950,452439.502805014,62.0,HFET
386554:10197,262:262,10/03/24 22:36:00,STABLE BEAMS,6800,473765.951794500,378371.460457834,61.9,HFET
386554:10197,263:263,10/03/24 22:36:23,STABLE BEAMS,6800,472973.021658419,439158.186437467,61.7,HFET
386554:10197,264:264,10/03/24 22:36:47,STABLE BEAMS,6800,472570.090180269,456752.498112251,61.7,HFET
386554:10197,265:265,10/03/24 22:37:10,STABLE BEAMS,6800,472041.728062170,455587.369429128,61.6,HFET
386554:10197,266:266,10/03/24 22:37:33,STABLE BEAMS,6800,471860.067160981,455646.329382596,61.6,HFET
386554:10197,267:267,10/03/24 22:37:57,STABLE BEAMS,6800,471484.954766557,455943.814551683,61.5,HFET
386554:10197,268:268,10/03/24 22:38:20,STABLE BEAMS,6800,470588.354602777,455243.488816483,61.4,HFET
386554:10197,269:269,10/03/24 22:38:43,STABLE BEAMS,6800,471119.357832143,455198.461715658,61.4,HFET
386554:10197,270:270,10/03/24 22:39:07,STABLE BEAMS,6800,470777.938837767,455154.754004926,61.4,HFET
386554:10197,271:271,10/03/24 22:39:30,STABLE BEAMS,6800,470261.094575600,454302.861584300,61.3,HFET
386554:10197,272:272,10/03/24 22:39:53,STABLE BEAMS,6800,470042.465109906,454810.146095975,61.3,HFET
386554:10197,273:273,10/03/24 22:40:17,STABLE BEAMS,6800,470442.662233673,455094.062060574,61.3,HFET
386554:10197,274:274,10/03/24 22:40:40,STABLE BEAMS,6800,470745.839895006,447997.204937428,61.4,HFET
386554:10197,275:275,10/03/24 22:41:03,STABLE BEAMS,6800,470996.976242096,455679.519269817,61.4,HFET
386554:10197,276:276,10/03/24 22:41:26,STABLE BEAMS,6800,470896.539419452,455098.616986802,61.5,HFET
386554:10197,277:277,10/03/24 22:41:50,STABLE BEAMS,6800,470470.117669246,454822.983342002,61.4,HFET
386554:10197,278:278,10/03/24 22:42:13,STABLE BEAMS,6800,469755.859081404,454596.843143295,61.3,HFET
386554:10197,279:279,10/03/24 22:42:36,STABLE BEAMS,6800,468805.490274652,453392.967283224,61.2,HFET
386554:10197,280:280,10/03/24 22:43:00,STABLE BEAMS,6800,468391.814858434,453689.361507852,61.1,HFET
386554:10197,281:281,10/03/24 22:43:23,STABLE BEAMS,6800,473046.823584913,457078.711485448,61.0,HFET
386554:10197,282:282,10/03/24 22:43:46,STABLE BEAMS,6800,476389.824740510,459121.637857963,62.2,HFET
386554:10197,283:283,10/03/24 22:44:10,STABLE BEAMS,6800,476344.387369973,459197.260356301,62.1,HFET
386554:10197,284:284,10/03/24 22:44:33,STABLE BEAMS,6800,475842.296499871,459179.094266182,62.1,HFET
386554:10197,285:285,10/03/24 22:44:56,STABLE BEAMS,6800,475561.699990210,459099.420354444,62.0,HFET
386554:10197,286:286,10/03/24 22:45:20,STABLE BEAMS,6800,475259.298577819,455895.689448321,62.0,HFET
386554:10197,287:287,10/03/24 22:45:43,STABLE BEAMS,6800,474904.720648665,455008.877480667,62.0,HFET
386554:10197,288:288,10/03/24 22:46:06,STABLE BEAMS,6800,475151.122576528,458832.346427714,61.9,HFET
386554:10197,289:289,10/03/24 22:46:30,STABLE BEAMS,6800,474957.076658427,458835.488720730,62.0,HFET
386554:10197,290:290,10/03/24 22:46:53,STABLE BEAMS,6800,474501.789170515,458025.940330260,61.9,HFET
386554:10197,291:291,10/03/24 22:47:16,STABLE BEAMS,6800,474341.390030904,457288.053936766,61.8,HFET
386554:10197,292:292,10/03/24 22:47:39,STABLE BEAMS,6800,473898.121580673,457720.578448929,61.8,HFET
386554:10197,293:293,10/03/24 22:48:03,STABLE BEAMS,6800,473267.000886337,457552.759488345,61.7,HFET
386554:10197,294:294,10/03/24 22:48:26,STABLE BEAMS,6800,473089.209574471,457104.982733445,61.7,HFET
386554:10197,295:295,10/03/24 22:48:49,STABLE BEAMS,6800,472233.449895599,455374.201678966,61.7,HFET
386554:10197,296:296,10/03/24 22:49:13,STABLE BEAMS,6800,471907.145610364,455711.935239173,61.5,HFET
386554:10197,297:297,10/03/24 22:49:36,STABLE BEAMS,6800,472106.515710402,455816.241651140,61.6,HFET
386554:10197,298:298,10/03/24 22:49:59,STABLE BEAMS,6800,471099.690527853,455491.028310364,61.5,HFET
386554:10197,299:299,10/03/24 22:50:23,STABLE BEAMS,6800,470897.269046836,449013.820647180,61.4,HFET
386554:10197,300:300,10/03/24 22:50:46,STABLE BEAMS,6800,470560.080958859,454187.491876592,61.4,HFET
386554:10197,301:301,10/03/24 22:51:09,STABLE BEAMS,6800,469833.943198010,454003.555843368,61.3,HFET
386554:10197,302:302,10/03/24 22:51:33,STABLE BEAMS,6800,469504.631822276,453630.856114576,61.2,HFET
386554:10197,303:303,10/03/24 22:51:56,STABLE BEAMS,6800,469163.257118380,454160.311508212,61.2,HFET
386554:10197,304:304,10/03/24 22:52:19,STABLE BEAMS,6800,468036.372099378,453165.642896941,61.1,HFET
386554:10197,305:305,10/03/24 22:52:42,STABLE BEAMS,6800,473780.430119372,456034.006286932,61.0,HFET
386554:10197,306:306,10/03/24 22:53:06,STABLE BEAMS,6800,476936.035922133,458924.589511519,62.2,HFET
386554:10197,307:307,10/03/24 22:53:29,STABLE BEAMS,6800,477036.789771371,459790.685189825,62.2,HFET
386554:10197,308:308,10/03/24 22:53:52,STABLE BEAMS,6800,477469.862086842,460862.298020606,62.2,HFET
386554:10197,309:309,10/03/24 22:54:16,STABLE BEAMS,6800,477419.643675520,460878.778741399,62.3,HFET
386554:10197,310:310,10/03/24 22:54:39,STABLE BEAMS,6800,477116.421723707,459965.923971383,62.2,HFET
386554:10197,311:311,10/03/24 22:55:02,STABLE BEAMS,6800,477193.682969812,459207.596355735,62.2,HFET
386554:10197,312:312,10/03/24 22:55:26,STABLE BEAMS,6800,476679.617352509,453484.709185280,62.2,HFET
386554:10197,313:313,10/03/24 22:55:49,STABLE BEAMS,6800,476362.189811938,459236.415471882,62.2,HFET
386554:10197,314:314,10/03/24 22:56:12,STABLE BEAMS,6800,475896.566324593,458570.191075364,62.1,HFET
386554:10197,315:315,10/03/24 22:56:36,STABLE BEAMS,6800,475361.784417942,459194.528332995,62.0,HFET
386554:10197,316:316,10/03/24 22:56:59,STABLE BEAMS,6800,474873.533157366,455003.233941058,61.9,HFET
386554:10197,317:317,10/03/24 22:57:22,STABLE BEAMS,6800,474400.168160295,458506.951262861,61.9,HFET
386554:10197,318:318,10/03/24 22:57:46,STABLE BEAMS,6800,473822.771818450,456798.800312691,61.8,HFET
386554:10197,319:319,10/03/24 22:58:09,STABLE BEAMS,6800,473369.850374613,456414.582727967,61.8,HFET
386554:10197,320:320,10/03/24 22:58:32,STABLE BEAMS,6800,472785.304616831,457191.258257811,61.7,HFET
386554:10197,321:321,10/03/24 22:58:55,STABLE BEAMS,6800,472635.015362097,457074.340714375,61.6,HFET
386554:10197,322:322,10/03/24 22:59:19,STABLE BEAMS,6800,472947.978888479,456436.163847218,61.7,HFET
386554:10197,323:323,10/03/24 22:59:42,STABLE BEAMS,6800,472344.085184080,456886.444179788,61.6,HFET
386554:10197,324:324,10/03/24 23:00:05,STABLE BEAMS,6800,471969.383059367,456180.199837786,61.6,HFET
386554:10197,325:325,10/03/24 23:00:29,STABLE BEAMS,6800,471546.145561580,447681.826414336,61.5,HFET
386554:10197,326:326,10/03/24 23:00:52,STABLE BEAMS,6800,471240.191586461,456059.093347353,61.5,HFET
386554:10197,327:327,10/03/24 23:01:15,STABLE BEAMS,6800,470999.253705209,455645.919112884,61.4,HFET
386554:10197,328:328,10/03/24 23:01:39,STABLE BEAMS,6800,470694.211181552,455716.942394514,61.4,HFET
386554:10197,329:329,10/03/24 23:02:02,STABLE BEAMS,6800,470758.541938514,455471.041648401,61.4,HFET
386554:10197,330:330,10/03/24 23:02:25,STABLE BEAMS,6800,470556.076167017,454618.741289141,61.4,HFET
386554:10197,331:331,10/03/24 23:02:49,STABLE BEAMS,6800,470328.705159176,454136.909817117,61.4,HFET
386554:10197,332:332,10/03/24 23:03:12,STABLE BEAMS,6800,470171.448312582,453779.781688735,61.3,HFET
386554:10197,333:333,10/03/24 23:03:35,STABLE BEAMS,6800,469750.761014024,453976.284562949,61.3,HFET
386554:10197,334:334,10/03/24 23:03:58,STABLE BEAMS,6800,469389.534850684,454436.171267569,61.2,HFET
386554:10197,335:335,10/03/24 23:04:22,STABLE BEAMS,6800,469406.971313418,453740.764106750,61.2,HFET
386554:10197,336:336,10/03/24 23:04:45,STABLE BEAMS,6800,469099.744569763,454134.133503332,61.2,HFET
386554:10197,337:337,10/03/24 23:05:08,STABLE BEAMS,6800,468683.290508681,453297.630859038,61.1,HFET
386554:10197,338:338,10/03/24 23:05:32,STABLE BEAMS,6800,468455.875210360,446633.160714458,61.1,HFET
386554:10197,339:339,10/03/24 23:05:55,STABLE BEAMS,6800,468060.773822894,452179.897651893,61.1,HFET
386554:10197,340:340,10/03/24 23:06:18,STABLE BEAMS,6800,473418.110680494,457156.748980496,61.0,HFET
386554:10197,341:341,10/03/24 23:06:42,STABLE BEAMS,6800,474925.343694897,435651.690470800,61.9,HFET
386554:10197,342:342,10/03/24 23:07:05,STABLE BEAMS,6800,474679.715684899,458257.090015386,61.9,HFET
386554:10197,343:343,10/03/24 23:07:28,STABLE BEAMS,6800,474446.062422102,458154.832620898,61.9,HFET
386554:10197,344:344,10/03/24 23:07:52,STABLE BEAMS,6800,474106.370756454,458249.075769547,61.9,HFET
386554:10197,345:345,10/03/24 23:08:15,STABLE BEAMS,6800,473942.011115481,457974.446819324,61.8,HFET
386554:10197,346:346,10/03/24 23:08:38,STABLE BEAMS,6800,473723.791919498,456764.153501779,61.8,HFET
386554:10197,347:347,10/03/24 23:09:02,STABLE BEAMS,6800,473497.740301751,457940.573926277,61.8,HFET
386554:10197,348:348,10/03/24 23:09:25,STABLE BEAMS,6800,473709.542040261,458002.310193531,61.8,HFET
386554:10197,349:349,10/03/24 23:09:48,STABLE BEAMS,6800,473936.274332755,458309.219910591,61.8,HFET
386554:10197,350:350,10/03/24 23:10:11,STABLE BEAMS,6800,473593.260881092,457866.088993957,61.8,HFET
386554:10197,351:351,10/03/24 23:10:35,STABLE BEAMS,6800,473954.305220356,450787.624075486,61.8,HFET
386554:10197,352:352,10/03/24 23:10:58,STABLE BEAMS,6800,474394.888268839,455117.281927593,61.8,HFET
386554:10197,353:353,10/03/24 23:11:21,STABLE BEAMS,6800,473861.836021994,458073.927900027,61.8,HFET
386554:10197,354:354,10/03/24 23:11:45,STABLE BEAMS,6800,474124.308400938,458014.375852770,61.8,HFET
386554:10197,355:355,10/03/24 23:12:08,STABLE BEAMS,6800,474034.526935401,458222.077225243,61.9,HFET
386554:10197,356:356,10/03/24 23:12:31,STABLE BEAMS,6800,473679.401202940,458038.141192019,61.8,HFET
386554:10197,357:357,10/03/24 23:12:55,STABLE BEAMS,6800,473421.479088068,455291.567298288,61.8,HFET
386554:10197,358:358,10/03/24 23:13:18,STABLE BEAMS,6800,473067.812610375,456030.045785570,61.7,HFET
386554:10197,359:359,10/03/24 23:13:41,STABLE BEAMS,6800,472486.863705802,456909.435601172,61.7,HFET
386554:10197,360:360,10/03/24 23:14:05,STABLE BEAMS,6800,469541.192448149,453584.281178020,61.4,HFET
386554:10197,361:361,10/03/24 23:14:28,STABLE BEAMS,6800,467281.867451494,451529.198234227,61.0,HFET
386554:10197,362:362,10/03/24 23:14:51,STABLE BEAMS,6800,471599.005084169,456143.366475798,60.8,HFET
386554:10197,363:363,10/03/24 23:15:15,STABLE BEAMS,6800,472750.294157766,454338.876737942,61.7,HFET
386554:10197,364:364,10/03/24 23:15:38,STABLE BEAMS,6800,472191.199108559,440698.199069379,61.6,HFET
386554:10197,365:365,10/03/24 23:16:01,STABLE BEAMS,6800,472126.502372365,455461.481897910,61.6,HFET
386554:10197,366:366,10/03/24 23:16:24,STABLE BEAMS,6800,472389.249818503,456392.819784640,61.6,HFET
386554:10197,367:367,10/03/24 23:16:48,STABLE BEAMS,6800,472233.086247446,456512.240905747,61.6,HFET
386554:10197,368:368,10/03/24 23:17:11,STABLE BEAMS,6800,472094.086403009,456557.088513574,61.6,HFET
386554:10197,369:369,10/03/24 23:17:34,STABLE BEAMS,6800,471283.764094674,455502.912145527,61.5,HFET
386554:10197,370:370,10/03/24 23:17:58,STABLE BEAMS,6800,470676.362118028,455511.791221270,61.4,HFET
386554:10197,371:371,10/03/24 23:18:21,STABLE BEAMS,6800,469811.359715260,453694.051636598,61.4,HFET
386554:10197,372:372,10/03/24 23:18:44,STABLE BEAMS,6800,468878.201256686,454038.703836029,61.2,HFET
386554:10197,373:373,10/03/24 23:19:08,STABLE BEAMS,6800,468321.381339514,453457.300371265,61.1,HFET
386554:10197,374:374,10/03/24 23:19:31,STABLE BEAMS,6800,469745.434501009,454491.853725502,61.0,HFET
386554:10197,375:375,10/03/24 23:19:54,STABLE BEAMS,6800,473243.962843395,457051.440205029,61.7,HFET
386554:10197,376:376,10/03/24 23:20:18,STABLE BEAMS,6800,472540.406234218,455986.382365319,61.7,HFET
386554:10197,377:377,10/03/24 23:20:41,STABLE BEAMS,6800,471906.143246864,449887.382768018,61.5,HFET
386554:10197,378:378,10/03/24 23:21:04,STABLE BEAMS,6800,471167.893205217,454849.389792517,61.5,HFET
386554:10197,379:379,10/03/24 23:21:27,STABLE BEAMS,6800,470940.566487856,311557.236033500,61.4,HFET
386554:10197,380:380,10/03/24 23:21:51,STABLE BEAMS,6800,470607.569677954,361760.390450427,61.4,HFET
386554:10197,381:381,10/03/24 23:22:14,STABLE BEAMS,6800,470082.485055390,454865.462574677,61.4,HFET
386554:10197,382:382,10/03/24 23:22:37,STABLE BEAMS,6800,469925.137296757,454545.668990032,61.3,HFET
386554:10197,383:383,10/03/24 23:23:01,STABLE BEAMS,6800,469733.779111481,454416.319808124,61.3,HFET
386554:10197,384:384,10/03/24 23:23:24,STABLE BEAMS,6800,469546.745075720,453807.008678673,61.2,HFET
386554:10197,385:385,10/03/24 23:23:47,STABLE BEAMS,6800,469538.003533574,453060.926215263,61.2,HFET
386554:10197,386:386,10/03/24 23:24:11,STABLE BEAMS,6800,469240.518364486,453847.210448234,61.2,HFET
386554:10197,387:387,10/03/24 23:24:34,STABLE BEAMS,6800,469271.524031709,454207.434248075,61.2,HFET
386554:10197,388:388,10/03/24 23:24:57,STABLE BEAMS,6800,469343.323562282,452367.202092692,61.2,HFET
386554:10197,389:389,10/03/24 23:25:21,STABLE BEAMS,6800,469183.381313940,453471.459338464,61.2,HFET
386554:10197,390:390,10/03/24 23:25:44,STABLE BEAMS,6800,468992.887958567,446448.178027254,61.2,HFET
386554:10197,391:391,10/03/24 23:26:07,STABLE BEAMS,6800,469039.553807160,450735.130532128,61.2,HFET
386554:10197,392:392,10/03/24 23:26:31,STABLE BEAMS,6800,469004.997908287,453787.248131267,61.2,HFET
386554:10197,393:393,10/03/24 23:26:54,STABLE BEAMS,6800,468895.409273785,452974.513157300,61.2,HFET
386554:10197,394:394,10/03/24 23:27:17,STABLE BEAMS,6800,468842.687284793,453465.086171470,61.2,HFET
386554:10197,395:395,10/03/24 23:27:40,STABLE BEAMS,6800,468803.259433096,454188.447618534,61.1,HFET
386554:10197,396:396,10/03/24 23:28:04,STABLE BEAMS,6800,468701.230484243,453054.187069038,61.1,HFET
386554:10197,397:397,10/03/24 23:28:27,STABLE BEAMS,6800,469024.711834135,454222.185309062,61.1,HFET
386554:10197,398:398,10/03/24 23:28:50,STABLE BEAMS,6800,468275.533699266,453648.567644503,61.1,HFET
386554:10197,399:399,10/03/24 23:29:14,STABLE BEAMS,6800,468159.800343405,452997.185221010,61.1,HFET
386554:10197,400:400,10/03/24 23:29:37,STABLE BEAMS,6800,467911.668755736,452134.140923683,61.0,HFET
386554:10197,401:401,10/03/24 23:30:00,STABLE BEAMS,6800,468099.611911881,453418.417991798,61.0,HFET
386554:10197,402:402,10/03/24 23:30:24,STABLE BEAMS,6800,468057.815685032,452424.796034507,61.1,HFET
386554:10197,403:403,10/03/24 23:30:47,STABLE BEAMS,6800,467947.180396551,446090.457805084,61.0,HFET
386554:10197,404:404,10/03/24 23:31:10,STABLE BEAMS,6800,468440.394521988,452677.391636365,61.0,HFET
386554:10197,405:405,10/03/24 23:31:34,STABLE BEAMS,6800,469482.596142834,454353.399353295,61.2,HFET
386554:10197,406:406,10/03/24 23:31:57,STABLE BEAMS,6800,469953.818879309,454139.595218865,61.2,HFET
386554:10197,407:407,10/03/24 23:32:20,STABLE BEAMS,6800,470634.794336814,454116.102615731,61.4,HFET
386554:10197,408:408,10/03/24 23:32:43,STABLE BEAMS,6800,471056.710113428,454203.016855444,61.4,HFET
386554:10197,409:409,10/03/24 23:33:07,STABLE BEAMS,6800,473038.354778881,221084.846464882,61.5,HFET
386554:10197,411:411,10/03/24 23:33:53,STABLE BEAMS,6800,471278.801229813,444133.625132859,61.5,HFET
386554:10197,412:412,10/03/24 23:34:17,STABLE BEAMS,6800,470544.693513604,455889.542395884,61.4,HFET
386554:10197,413:413,10/03/24 23:34:40,STABLE BEAMS,6800,470208.372586608,453539.207455636,61.3,HFET
386554:10197,414:414,10/03/24 23:35:03,STABLE BEAMS,6800,471160.107405012,455044.526655079,61.5,HFET
386554:10197,415:415,10/03/24 23:35:27,STABLE BEAMS,6800,471137.570543820,455506.828356409,61.4,HFET
386554:10197,416:416,10/03/24 23:35:50,STABLE BEAMS,6800,471502.120824254,455027.134482825,61.5,HFET
386554:10197,417:417,10/03/24 23:36:13,STABLE BEAMS,6800,471336.257638032,449018.918714560,61.5,HFET
386554:10197,418:418,10/03/24 23:36:37,STABLE BEAMS,6800,471089.219325901,455438.854124680,61.5,HFET
386554:10197,419:419,10/03/24 23:37:00,STABLE BEAMS,6800,470461.420417580,454324.032433839,61.4,HFET
386554:10197,420:420,10/03/24 23:37:23,STABLE BEAMS,6800,469970.392843218,454452.924724477,61.3,HFET
386554:10197,421:421,10/03/24 23:37:47,STABLE BEAMS,6800,469587.585560627,454453.244082150,61.3,HFET
386554:10197,422:422,10/03/24 23:38:10,STABLE BEAMS,6800,469258.274184893,454173.969293662,61.2,HFET
386554:10197,423:423,10/03/24 23:38:33,STABLE BEAMS,6800,467809.136294055,452172.340297323,61.1,HFET
386554:10197,424:424,10/03/24 23:38:56,STABLE BEAMS,6800,467317.470004348,452431.854538405,60.9,HFET
386554:10197,425:425,10/03/24 23:39:20,STABLE BEAMS,6800,467615.456355185,451949.838911227,61.1,HFET
386554:10197,426:426,10/03/24 23:39:43,STABLE BEAMS,6800,467060.004780744,451109.832656841,60.9,HFET
386554:10197,427:427,10/03/24 23:40:06,STABLE BEAMS,6800,466648.196557929,234367.393175348,60.8,HFET
386554:10197,428:428,10/03/24 23:40:30,STABLE BEAMS,6800,465220.182895072,158429.865976146,60.7,HFET
386554:10197,429:429,10/03/24 23:40:53,STABLE BEAMS,6800,463936.178563072,449870.491777514,60.5,HFET
386554:10197,430:430,10/03/24 23:41:16,STABLE BEAMS,6800,464594.479625788,449892.299011321,60.5,HFET
386554:10197,431:431,10/03/24 23:41:40,STABLE BEAMS,6800,465697.872041658,444687.757317205,60.8,HFET
386554:10197,432:432,10/03/24 23:42:03,STABLE BEAMS,6800,465698.827783599,451245.098114474,60.7,HFET
386554:10197,433:433,10/03/24 23:42:26,STABLE BEAMS,6800,465695.459376025,153466.240717364,60.8,HFET
386554:10197,434:434,10/03/24 23:42:50,STABLE BEAMS,6800,465931.070744263,102620.491807541,60.7,HFET
386554:10197,435:435,10/03/24 23:43:13,STABLE BEAMS,6800,466013.297186307,450958.447795491,60.8,HFET
386554:10197,436:436,10/03/24 23:43:36,STABLE BEAMS,6800,466254.235067559,451698.429828023,60.8,HFET
386554:10197,437:437,10/03/24 23:44:00,STABLE BEAMS,6800,466230.103749080,303558.358990444,60.8,HFET
386554:10197,438:438,10/03/24 23:44:23,STABLE BEAMS,6800,466360.637118564,400456.192772488,60.8,HFET
386554:10197,439:439,10/03/24 23:44:46,STABLE BEAMS,6800,466113.734008951,451000.607670493,60.8,HFET
386554:10197,440:440,10/03/24 23:45:09,STABLE BEAMS,6800,465785.697732832,451714.136630951,60.8,HFET
386554:10197,441:441,10/03/24 23:45:33,STABLE BEAMS,6800,465389.778137021,450437.689653521,60.7,HFET
386554:10197,442:442,10/03/24 23:45:56,STABLE BEAMS,6800,465060.287268289,450936.775764203,60.7,HFET
386554:10197,443:443,10/03/24 23:46:19,STABLE BEAMS,6800,464891.601146723,450088.256413305,60.6,HFET
386554:10197,444:444,10/03/24 23:46:43,STABLE BEAMS,6800,464703.613700098,450065.491106479,60.6,HFET
386554:10197,445:445,10/03/24 23:47:06,STABLE BEAMS,6800,464062.110384770,443805.908214412,60.6,HFET
386554:10197,446:446,10/03/24 23:47:29,STABLE BEAMS,6800,463635.322655332,449069.591686074,60.5,HFET
386554:10197,447:447,10/03/24 23:47:53,STABLE BEAMS,6800,463991.861021004,450080.787639696,60.5,HFET
386554:10197,448:448,10/03/24 23:48:16,STABLE BEAMS,6800,463907.131001289,450069.999411148,60.5,HFET
386554:10197,449:449,10/03/24 23:48:39,STABLE BEAMS,6800,463678.804251507,449816.720803464,60.5,HFET
386554:10197,450:450,10/03/24 23:49:03,STABLE BEAMS,6800,463450.841149878,449536.718718668,60.4,HFET
386554:10197,451:451,10/03/24 23:49:26,STABLE BEAMS,6800,462977.112504654,449107.655857195,60.4,HFET
386554:10197,452:452,10/03/24 23:49:49,STABLE BEAMS,6800,462885.965027465,448398.224931696,60.4,HFET
386554:10197,453:453,10/03/24 23:50:13,STABLE BEAMS,6800,462799.048456674,448924.174384162,60.4,HFET
386554:10197,454:454,10/03/24 23:50:36,STABLE BEAMS,6800,462348.085118277,448717.473044111,60.3,HFET
386554:10197,455:455,10/03/24 23:50:59,STABLE BEAMS,6800,461909.917066504,447830.115604227,60.3,HFET
386554:10197,456:456,10/03/24 23:51:22,STABLE BEAMS,6800,461756.210451560,447362.806747556,60.2,HFET
386554:10197,457:457,10/03/24 23:51:46,STABLE BEAMS,6800,461671.116783692,448028.756076881,60.2,HFET
386554:10197,458:458,10/03/24 23:52:09,STABLE BEAMS,6800,461067.950375600,261226.555337588,60.2,HFET
386554:10197,459:459,10/03/24 23:52:32,STABLE BEAMS,6800,460578.789994641,403326.467646361,60.1,HFET
386554:10197,460:460,10/03/24 23:52:56,STABLE BEAMS,6800,460698.894121574,447358.163240368,60.0,HFET
386554:10197,461:461,10/03/24 23:53:19,STABLE BEAMS,6800,460488.733461911,446991.745766531,60.1,HFET
386554:10197,462:462,10/03/24 23:53:42,STABLE BEAMS,6800,459674.131294541,445180.607794488,60.0,HFET
386554:10197,463:463,10/03/24 23:54:06,STABLE BEAMS,6800,459447.897852718,445894.591315138,59.9,HFET
386554:10197,464:464,10/03/24 23:54:29,STABLE BEAMS,6800,459886.250059646,446525.667718994,60.0,HFET
386554:10197,465:465,10/03/24 23:54:52,STABLE BEAMS,6800,459716.382081582,445510.965824202,60.0,HFET
386554:10197,466:466,10/03/24 23:55:16,STABLE BEAMS,6800,459570.689712477,446245.891748756,59.9,HFET
386554:10197,467:467,10/03/24 23:55:39,STABLE BEAMS,6800,459179.049975702,445810.635213287,59.9,HFET
386554:10197,468:468,10/03/24 23:56:02,STABLE BEAMS,6800,459057.169567404,446005.408427695,59.9,HFET
386554:10197,469:469,10/03/24 23:56:25,STABLE BEAMS,6800,458698.537893772,445456.330020249,59.8,HFET
386554:10197,470:470,10/03/24 23:56:49,STABLE BEAMS,6800,458358.573492010,444490.436234645,59.8,HFET
386554:10197,471:471,10/03/24 23:57:12,STABLE BEAMS,6800,458201.636003088,437681.868178249,59.8,HFET
386554:10197,472:472,10/03/24 23:57:35,STABLE BEAMS,6800,457890.308893397,444445.362512261,59.7,HFET
386554:10197,473:473,10/03/24 23:57:59,STABLE BEAMS,6800,457071.107509319,442756.741332785,59.7,HFET
386554:10197,474:474,10/03/24 23:58:22,STABLE BEAMS,6800,456604.985171302,442527.367929023,59.6,HFET
386554:10197,475:475,10/03/24 23:58:45,STABLE BEAMS,6800,456961.020024146,443867.464988667,59.6,HFET
386554:10197,476:476,10/03/24 23:59:09,STABLE BEAMS,6800,456656.933242430,443607.176829720,59.6,HFET
386554:10197,477:477,10/03/24 23:59:32,STABLE BEAMS,6800,456023.306639345,441892.149199728,59.5,HFET
386554:10197,478:478,10/03/24 23:59:55,STABLE BEAMS,6800,455912.536148345,443151.977922769,59.5,HFET
386554:10197,479:479,10/04/24 00:00:19,STABLE BEAMS,6800,456037.875876255,443333.137642208,59.5,HFET
386554:10197,480:480,10/04/24 00:00:42,STABLE BEAMS,6800,455688.032366328,442741.081151414,59.5,HFET
386554:10197,481:481,10/04/24 00:01:05,STABLE BEAMS,6800,455083.364744065,442454.932014182,59.4,HFET
386554:10197,482:482,10/04/24 00:01:29,STABLE BEAMS,6800,455108.722209523,441466.545657867,59.3,HFET
386554:10197,483:483,10/04/24 00:01:52,STABLE BEAMS,6800,455211.574028877,441735.894716633,59.4,HFET
386554:10197,484:484,10/04/24 00:02:15,STABLE BEAMS,6800,454934.802818059,435729.543810693,59.3,HFET
386554:10197,485:485,10/04/24 00:02:38,STABLE BEAMS,6800,454740.486494920,441605.407968707,59.3,HFET
386554:10197,486:486,10/04/24 00:03:02,STABLE BEAMS,6800,454396.013788488,440928.985106352,59.3,HFET
386554:10197,487:487,10/04/24 00:03:25,STABLE BEAMS,6800,454272.494632423,440737.855366711,59.2,HFET
386554:10197,488:488,10/04/24 00:03:48,STABLE BEAMS,6800,453928.707262894,440561.614221653,59.3,HFET
386554:10197,489:489,10/04/24 00:04:12,STABLE BEAMS,6800,453558.511111773,440766.674482858,59.2,HFET
386554:10197,490:490,10/04/24 00:04:35,STABLE BEAMS,6800,452470.734586794,440024.736675964,59.0,HFET
386554:10197,491:491,10/04/24 00:04:58,STABLE BEAMS,6800,452304.554373977,439796.272392585,59.0,HFET
386554:10197,492:492,10/04/24 00:05:22,STABLE BEAMS,6800,452686.177468992,440102.135455666,59.1,HFET
386554:10197,493:493,10/04/24 00:05:45,STABLE BEAMS,6800,452399.802217202,439320.086791249,59.0,HFET
386554:10197,494:494,10/04/24 00:06:08,STABLE BEAMS,6800,451770.546385190,439218.512402588,58.9,HFET
386554:10197,495:495,10/04/24 00:06:32,STABLE BEAMS,6800,451719.826792119,438946.568854112,58.9,HFET
386554:10197,496:496,10/04/24 00:06:55,STABLE BEAMS,6800,452014.582268979,438996.376995723,59.0,HFET
386554:10197,497:497,10/04/24 00:07:18,STABLE BEAMS,6800,451550.049726093,432778.590330505,58.9,HFET
386554:10197,498:498,10/04/24 00:07:42,STABLE BEAMS,6800,451095.946425757,438122.131869059,58.8,HFET
386554:10197,499:499,10/04/24 00:08:05,STABLE BEAMS,6800,451057.747052117,438193.474508362,58.8,HFET
386554:10197,500:500,10/04/24 00:08:28,STABLE BEAMS,6800,451060.432453865,438386.790799079,58.8,HFET
386554:10197,501:501,10/04/24 00:08:51,STABLE BEAMS,6800,450870.214165684,438440.060591379,58.8,HFET
386554:10197,502:502,10/04/24 00:09:15,STABLE BEAMS,6800,450693.607041395,433891.360672789,58.8,HFET
386554:10197,503:503,10/04/24 00:09:38,STABLE BEAMS,6800,450446.202750032,434843.825118577,58.8,HFET
386554:10197,504:504,10/04/24 00:10:01,STABLE BEAMS,6800,450225.981158128,434435.112567221,58.7,HFET
386554:10197,505:505,10/04/24 00:10:25,STABLE BEAMS,6800,449776.973594094,433854.711465956,58.7,HFET
386554:10197,506:506,10/04/24 00:10:48,STABLE BEAMS,6800,449653.225992394,433846.788132154,58.6,HFET
386554:10197,507:507,10/04/24 00:11:11,STABLE BEAMS,6800,449190.381149912,195082.992749674,58.6,HFET
386554:10197,508:508,10/04/24 00:11:35,STABLE BEAMS,6800,448691.702977863,427665.608714367,58.6,HFET
386554:10197,509:509,10/04/24 00:11:58,STABLE BEAMS,6800,447671.173388307,431175.929979877,58.4,HFET
386554:10197,510:510,10/04/24 00:12:21,STABLE BEAMS,6800,447617.085387662,426431.957996207,58.4,HFET
386554:10197,511:511,10/04/24 00:12:45,STABLE BEAMS,6800,448042.325281370,431374.661364570,58.4,HFET
386554:10197,512:512,10/04/24 00:13:08,STABLE BEAMS,6800,447677.956825013,432073.530176078,58.4,HFET
386554:10197,513:513,10/04/24 00:13:31,STABLE BEAMS,6800,446962.425468634,293715.429155316,58.3,HFET
386554:10197,514:514,10/04/24 00:13:54,STABLE BEAMS,6800,447231.000609535,430253.014277621,58.3,HFET
386554:10197,515:515,10/04/24 00:14:18,STABLE BEAMS,6800,447301.252304379,431566.658265192,58.4,HFET
386554:10197,516:516,10/04/24 00:14:41,STABLE BEAMS,6800,447024.662917637,431128.487882341,58.3,HFET
386554:10197,517:517,10/04/24 00:15:04,STABLE BEAMS,6800,446705.552338819,431366.693740288,58.3,HFET
386554:10197,518:518,10/04/24 00:15:28,STABLE BEAMS,6800,446613.174052495,315523.595394008,58.2,HFET
386554:10197,519:519,10/04/24 00:15:51,STABLE BEAMS,6800,446432.743960440,426428.724791152,58.2,HFET
386554:10197,520:520,10/04/24 00:16:14,STABLE BEAMS,6800,446287.051591336,430764.394493177,58.2,HFET
386554:10197,521:521,10/04/24 00:16:38,STABLE BEAMS,6800,446092.642025081,431100.897244250,58.2,HFET
386554:10197,522:522,10/04/24 00:17:01,STABLE BEAMS,6800,445748.670500399,431038.522261650,58.2,HFET
386554:10197,523:523,10/04/24 00:17:24,STABLE BEAMS,6800,445389.220618422,430962.125845448,58.1,HFET
386554:10197,524:524,10/04/24 00:17:48,STABLE BEAMS,6800,444617.141974208,322411.226619732,58.0,HFET
386554:10197,525:525,10/04/24 00:18:11,STABLE BEAMS,6800,444100.344333599,201333.992146676,58.0,HFET
386554:10197,526:526,10/04/24 00:18:34,STABLE BEAMS,6800,443096.752356106,415418.297897749,57.8,HFET
386554:10197,527:527,10/04/24 00:18:58,STABLE BEAMS,6800,443312.104326265,428355.507538095,57.8,HFET
386554:10197,528:528,10/04/24 00:19:21,STABLE BEAMS,6800,443468.267897321,428833.833068949,57.8,HFET
386554:10197,529:529,10/04/24 00:19:44,STABLE BEAMS,6800,443044.666751381,428925.255613331,57.8,HFET
386554:10197,530:530,10/04/24 00:20:07,STABLE BEAMS,6800,442763.890748721,428030.385109358,57.8,HFET
386554:10197,531:531,10/04/24 00:20:31,STABLE BEAMS,6800,443064.562501306,428825.592708552,57.7,HFET
386554:10197,532:532,10/04/24 00:20:54,STABLE BEAMS,6800,443020.491142421,428389.289519104,57.8,HFET
386554:10197,533:533,10/04/24 00:21:17,STABLE BEAMS,6800,442771.858373003,428574.090382232,57.8,HFET
386554:10197,534:534,10/04/24 00:21:41,STABLE BEAMS,6800,442572.987123637,428382.459460840,57.7,HFET
386554:10197,535:535,10/04/24 00:22:04,STABLE BEAMS,6800,441966.862577683,427744.145060087,57.6,HFET
386554:10197,536:536,10/04/24 00:22:27,STABLE BEAMS,6800,441793.579570487,427174.168539216,57.6,HFET
386554:10197,537:537,10/04/24 00:22:51,STABLE BEAMS,6800,441537.023467267,420638.000922564,57.6,HFET
386554:10197,538:538,10/04/24 00:23:14,STABLE BEAMS,6800,441168.922955183,427299.874246357,57.6,HFET
386554:10197,539:539,10/04/24 00:23:37,STABLE BEAMS,6800,440453.482510842,426019.830415719,57.4,HFET
386554:10197,540:540,10/04/24 00:24:01,STABLE BEAMS,6800,440528.512915392,425346.869204053,57.4,HFET
386554:10197,541:541,10/04/24 00:24:24,STABLE BEAMS,6800,440262.033413528,425800.564565756,57.4,HFET
386554:10197,542:542,10/04/24 00:24:47,STABLE BEAMS,6800,439541.902840441,425931.913812506,57.4,HFET
386554:10197,543:543,10/04/24 00:25:10,STABLE BEAMS,6800,438680.860939035,424606.796259484,57.3,HFET
386554:10197,544:544,10/04/24 00:25:34,STABLE BEAMS,6800,438730.079317935,424277.487214828,57.1,HFET
386554:10197,545:545,10/04/24 00:25:57,STABLE BEAMS,6800,439570.495842032,425302.886426129,57.3,HFET
386554:10197,546:546,10/04/24 00:26:20,STABLE BEAMS,6800,439835.154772052,426150.042096451,57.3,HFET
386554:10197,547:547,10/04/24 00:26:44,STABLE BEAMS,6800,439701.756507822,425657.557598399,57.4,HFET
386554:10197,548:548,10/04/24 00:27:07,STABLE BEAMS,6800,439826.459851464,425732.361888392,57.3,HFET
386554:10197,549:549,10/04/24 00:27:30,STABLE BEAMS,6800,439559.978018522,426028.525336307,57.3,HFET
386554:10197,550:550,10/04/24 00:27:54,STABLE BEAMS,6800,439531.841908200,419136.229623694,57.3,HFET
386554:10197,551:551,10/04/24 00:28:17,STABLE BEAMS,6800,439321.180066787,425780.757396791,57.3,HFET
386554:10197,552:552,10/04/24 00:28:40,STABLE BEAMS,6800,439012.813426036,424861.531790859,57.3,HFET
386554:10197,553:553,10/04/24 00:29:04,STABLE BEAMS,6800,438533.984382354,424251.717148581,57.2,HFET
386554:10197,554:554,10/04/24 00:29:27,STABLE BEAMS,6800,438083.568847265,423149.189562614,57.1,HFET
386554:10197,555:555,10/04/24 00:29:50,STABLE BEAMS,6800,438194.887141572,424636.981387284,57.1,HFET
386554:10197,556:556,10/04/24 00:30:14,STABLE BEAMS,6800,438155.277465799,424587.993785097,57.2,HFET
386554:10197,557:557,10/04/24 00:30:37,STABLE BEAMS,6800,437508.993109687,423497.757972927,57.1,HFET
386554:10197,558:558,10/04/24 00:31:00,STABLE BEAMS,6800,437005.899876085,423718.711523294,57.0,HFET
386554:10197,559:559,10/04/24 00:31:23,STABLE BEAMS,6800,437407.374430545,423768.109395193,57.0,HFET
386554:10197,560:560,10/04/24 00:31:47,STABLE BEAMS,6800,437300.016637599,423278.946683155,57.0,HFET
386554:10197,561:561,10/04/24 00:32:10,STABLE BEAMS,6800,437089.583241821,423983.414743794,57.0,HFET
386554:10197,562:562,10/04/24 00:32:33,STABLE BEAMS,6800,436827.609713548,423373.828547150,57.0,HFET
386554:10197,563:563,10/04/24 00:32:57,STABLE BEAMS,6800,436468.523479725,362591.860297522,56.9,HFET
386554:10197,570:570,10/04/24 00:35:40,STABLE BEAMS,6800,434155.110482425,353165.153746763,56.6,HFET
386554:10197,571:571,10/04/24 00:36:03,STABLE BEAMS,6800,434178.512173520,416223.566429185,56.6,HFET
386554:10197,572:572,10/04/24 00:36:27,STABLE BEAMS,6800,434094.556071670,416405.089796777,56.6,HFET
386554:10197,573:573,10/04/24 00:36:50,STABLE BEAMS,6800,433807.360280458,417338.523322544,56.6,HFET
386554:10197,574:574,10/04/24 00:37:13,STABLE BEAMS,6800,433800.304107637,417234.125998538,56.6,HFET
386554:10197,575:575,10/04/24 00:37:37,STABLE BEAMS,6800,433545.797021896,301689.468563288,56.6,HFET
386554:10197,576:576,10/04/24 00:38:00,STABLE BEAMS,6800,433491.709021251,282470.824506588,56.5,HFET
386554:10197,577:577,10/04/24 00:38:23,STABLE BEAMS,6800,433365.502132361,408765.119494544,56.5,HFET
386554:10197,578:578,10/04/24 00:38:46,STABLE BEAMS,6800,433081.220188530,415604.329570011,56.5,HFET
386554:10197,579:579,10/04/24 00:39:10,STABLE BEAMS,6800,432581.952253772,414966.695844006,56.4,HFET
386554:10197,580:580,10/04/24 00:39:33,STABLE BEAMS,6800,432204.198748081,373117.497581039,56.4,HFET
386554:10197,581:581,10/04/24 00:39:56,STABLE BEAMS,6800,431969.270385670,357200.468722799,56.4,HFET
386554:10197,582:582,10/04/24 00:40:20,STABLE BEAMS,6800,431702.515816612,415321.138570641,56.3,HFET
386554:10197,583:583,10/04/24 00:40:43,STABLE BEAMS,6800,431001.416163548,415298.147149257,56.3,HFET
386554:10197,584:584,10/04/24 00:41:06,STABLE BEAMS,6800,430334.417849165,411622.372967236,56.2,HFET
386554:10197,585:585,10/04/24 00:41:30,STABLE BEAMS,6800,430539.116793295,413816.273931390,56.1,HFET
386554:10197,586:586,10/04/24 00:41:53,STABLE BEAMS,6800,430293.442161739,414621.997023017,56.1,HFET
386554:10197,587:587,10/04/24 00:42:16,STABLE BEAMS,6800,429463.177481921,413787.135457569,56.1,HFET
386554:10197,588:588,10/04/24 00:42:39,STABLE BEAMS,6800,429221.374770766,413948.581251160,56.0,HFET
386554:10197,589:589,10/04/24 00:43:03,STABLE BEAMS,6800,430106.820726767,414677.178299200,56.1,HFET
386554:10197,590:590,10/04/24 00:43:26,STABLE BEAMS,6800,429904.853805942,413456.595603779,56.1,HFET
386554:10197,591:591,10/04/24 00:43:49,STABLE BEAMS,6800,429727.610297384,407536.977113475,56.1,HFET
386554:10197,592:592,10/04/24 00:44:13,STABLE BEAMS,6800,429381.955734454,414238.917004311,56.0,HFET
386554:10197,593:593,10/04/24 00:44:36,STABLE BEAMS,6800,428893.385116205,413936.242855805,55.9,HFET
386554:10197,594:594,10/04/24 00:44:59,STABLE BEAMS,6800,429132.912695324,413817.367206928,55.9,HFET
386554:10197,595:595,10/04/24 00:45:23,STABLE BEAMS,6800,429386.235593489,414140.529199146,56.0,HFET
386554:10197,596:596,10/04/24 00:45:46,STABLE BEAMS,6800,429283.567929289,413495.293828091,56.0,HFET
386554:10197,597:597,10/04/24 00:46:09,STABLE BEAMS,6800,429128.632836289,413950.446113484,56.0,HFET
386554:10197,598:598,10/04/24 00:46:33,STABLE BEAMS,6800,428934.407425189,413796.877032137,56.0,HFET
386554:10197,599:599,10/04/24 00:46:56,STABLE BEAMS,6800,428637.194992216,412991.927858375,55.9,HFET
386554:10197,600:600,10/04/24 00:47:19,STABLE BEAMS,6800,428213.957494429,413395.041160602,55.9,HFET
386554:10197,601:601,10/04/24 00:47:43,STABLE BEAMS,6800,427993.460835332,412713.291785232,55.8,HFET
386554:10197,602:602,10/04/24 00:48:06,STABLE BEAMS,6800,427844.444349134,413143.128564570,55.8,HFET
386554:10197,603:603,10/04/24 00:48:29,STABLE BEAMS,6800,427480.397581528,412651.145248267,55.8,HFET
386554:10197,604:604,10/04/24 00:48:52,STABLE BEAMS,6800,426709.866773043,404877.774350727,55.7,HFET
386554:10197,605:605,10/04/24 00:49:16,STABLE BEAMS,6800,426769.782468452,411208.881706173,55.6,HFET
386554:10197,606:606,10/04/24 00:49:39,STABLE BEAMS,6800,427047.826447807,410944.677336344,55.7,HFET
386554:10197,607:607,10/04/24 00:50:02,STABLE BEAMS,6800,426868.988481962,411528.220730626,55.7,HFET
386554:10197,608:608,10/04/24 00:50:26,STABLE BEAMS,6800,426707.908667602,411045.706252776,55.7,HFET
386554:10197,609:609,10/04/24 00:50:49,STABLE BEAMS,6800,426412.379272877,410839.231027282,55.6,HFET
386554:10197,610:610,10/04/24 00:51:12,STABLE BEAMS,6800,426279.617392916,409227.647310431,55.6,HFET
386554:10197,611:611,10/04/24 00:51:36,STABLE BEAMS,6800,426227.669321788,409635.585943923,55.6,HFET
386554:10197,612:612,10/04/24 00:51:59,STABLE BEAMS,6800,425973.800951393,411269.251961774,55.6,HFET
386554:10197,613:613,10/04/24 00:52:22,STABLE BEAMS,6800,425454.590645152,410110.997627395,55.5,HFET
386554:10197,614:614,10/04/24 00:52:46,STABLE BEAMS,6800,425173.539575299,409782.415879046,55.5,HFET
386554:10197,615:615,10/04/24 00:53:09,STABLE BEAMS,6800,425112.759049987,410346.291969037,55.5,HFET
386554:10197,616:616,10/04/24 00:53:32,STABLE BEAMS,6800,424827.656566734,403131.696763031,55.4,HFET
386554:10197,617:617,10/04/24 00:53:56,STABLE BEAMS,6800,424131.976669800,409433.891759213,55.3,HFET
386554:10197,618:618,10/04/24 00:54:19,STABLE BEAMS,6800,423986.601327291,408976.783699457,55.3,HFET
386554:10197,619:619,10/04/24 00:54:42,STABLE BEAMS,6800,423955.870727261,408940.950369891,55.3,HFET
386554:10197,620:620,10/04/24 00:55:05,STABLE BEAMS,6800,423522.800742868,409313.104626453,55.3,HFET
386554:10197,621:621,10/04/24 00:55:29,STABLE BEAMS,6800,422929.513442940,408843.201280073,55.2,HFET
386554:10197,622:622,10/04/24 00:55:52,STABLE BEAMS,6800,422968.577646483,408040.163590193,55.1,HFET
386554:10197,623:623,10/04/24 00:56:15,STABLE BEAMS,6800,423244.572608359,406963.951542704,55.2,HFET
386554:10197,624:624,10/04/24 00:56:39,STABLE BEAMS,6800,423127.517531325,408897.834752948,55.2,HFET
386554:10197,625:625,10/04/24 00:57:02,STABLE BEAMS,6800,422960.973670355,408187.221970950,55.2,HFET
386554:10197,626:626,10/04/24 00:57:25,STABLE BEAMS,6800,422784.594991700,408646.789317897,55.2,HFET
386554:10197,627:627,10/04/24 00:57:49,STABLE BEAMS,6800,422586.544281757,408046.126487476,55.1,HFET
386554:10197,628:628,10/04/24 00:58:12,STABLE BEAMS,6800,422126.930313252,408071.304459935,55.1,HFET
386554:10197,629:629,10/04/24 00:58:35,STABLE BEAMS,6800,421949.915250329,401543.102136487,55.0,HFET
386554:10197,630:630,10/04/24 00:58:59,STABLE BEAMS,6800,421975.592073460,406445.923092961,55.0,HFET
386554:10197,631:631,10/04/24 00:59:22,STABLE BEAMS,6800,422157.162062611,402388.437234964,55.0,HFET
386554:10197,632:632,10/04/24 00:59:45,STABLE BEAMS,6800,420996.310907445,406887.646038540,55.0,HFET
386554:10197,633:633,10/04/24 01:00:08,STABLE BEAMS,6800,420747.587225988,406363.698981994,54.9,HFET
386554:10197,634:634,10/04/24 01:00:32,STABLE BEAMS,6800,420896.876448300,407046.268896787,54.9,HFET
386554:10197,635:635,10/04/24 01:00:55,STABLE BEAMS,6800,420630.898128186,406902.124363412,54.9,HFET
386554:10197,636:636,10/04/24 01:01:18,STABLE BEAMS,6800,420170.372708220,406589.340330029,54.8,HFET
386554:10197,637:637,10/04/24 01:01:42,STABLE BEAMS,6800,420109.228534754,405534.436665676,54.8,HFET
386554:10197,638:638,10/04/24 01:02:05,STABLE BEAMS,6800,420052.907361475,406605.275578592,54.8,HFET
386554:10197,639:639,10/04/24 01:02:28,STABLE BEAMS,6800,419515.759410750,405948.566642085,54.8,HFET
386554:10197,640:640,10/04/24 01:02:52,STABLE BEAMS,6800,419159.722226828,405790.444965588,54.7,HFET
386554:10197,641:641,10/04/24 01:03:15,STABLE BEAMS,6800,419409.767629457,405982.577068729,54.7,HFET
386554:10197,642:642,10/04/24 01:03:38,STABLE BEAMS,6800,419316.524513230,400049.391705014,54.7,HFET
386554:10197,643:643,10/04/24 01:04:02,STABLE BEAMS,6800,419154.852605083,405519.457159054,54.7,HFET
386554:10197,644:644,10/04/24 01:04:25,STABLE BEAMS,6800,418936.129896272,405179.539378849,54.7,HFET
386554:10197,645:645,10/04/24 01:04:48,STABLE BEAMS,6800,418537.935168425,405364.158417900,54.6,HFET
386554:10197,646:646,10/04/24 01:05:12,STABLE BEAMS,6800,418391.058611745,405087.433828641,54.6,HFET
386554:10197,647:647,10/04/24 01:05:35,STABLE BEAMS,6800,418209.626156191,404101.369225919,54.5,HFET
386554:10197,648:648,10/04/24 01:05:58,STABLE BEAMS,6800,417826.821204678,404286.626980317,54.5,HFET
386554:10197,649:649,10/04/24 01:06:21,STABLE BEAMS,6800,417258.436810017,404227.986384522,54.4,HFET
386554:10197,650:650,10/04/24 01:06:45,STABLE BEAMS,6800,417219.738585705,404133.559080719,54.4,HFET
386554:10197,651:651,10/04/24 01:07:08,STABLE BEAMS,6800,417217.370210552,404233.723167248,54.4,HFET
386554:10197,652:652,10/04/24 01:07:31,STABLE BEAMS,6800,416836.840391075,402006.767518391,54.4,HFET
386554:10197,653:653,10/04/24 01:07:55,STABLE BEAMS,6800,416393.525319287,402313.905681086,54.3,HFET
386554:10197,654:654,10/04/24 01:08:18,STABLE BEAMS,6800,416517.272920987,402304.847112345,54.3,HFET
386554:10197,655:655,10/04/24 01:08:41,STABLE BEAMS,6800,416403.040779298,397680.251959302,54.3,HFET
386554:10197,656:656,10/04/24 01:09:05,STABLE BEAMS,6800,416010.310098062,402484.412374497,54.3,HFET
386554:10197,657:657,10/04/24 01:09:28,STABLE BEAMS,6800,415498.472991237,402548.153368749,54.2,HFET
386554:10197,658:658,10/04/24 01:09:51,STABLE BEAMS,6800,416112.840228665,402989.372801501,54.2,HFET
386554:10197,659:659,10/04/24 01:10:15,STABLE BEAMS,6800,415741.644045122,399487.156693868,54.3,HFET
386554:10197,660:660,10/04/24 01:10:38,STABLE BEAMS,6800,415544.411543524,400171.227822832,54.2,HFET
386554:10197,661:661,10/04/24 01:11:01,STABLE BEAMS,6800,415341.125232604,400153.789029020,54.2,HFET
386554:10197,662:662,10/04/24 01:11:24,STABLE BEAMS,6800,414985.635851990,399623.468805480,54.1,HFET
386554:10197,663:663,10/04/24 01:11:48,STABLE BEAMS,6800,414790.181962833,399020.621755061,54.1,HFET
386554:10197,664:664,10/04/24 01:12:11,STABLE BEAMS,6800,414394.991994407,398573.528005988,54.1,HFET
386554:10197,665:665,10/04/24 01:12:34,STABLE BEAMS,6800,413889.621297692,398652.838269572,54.0,HFET
386554:10197,666:666,10/04/24 01:12:58,STABLE BEAMS,6800,413588.219917723,398391.731902281,53.9,HFET
386554:10197,667:667,10/04/24 01:13:21,STABLE BEAMS,6800,412186.111523631,395604.818705392,53.9,HFET
386554:10197,668:668,10/04/24 01:13:44,STABLE BEAMS,6800,411442.397435373,390623.869341831,53.7,HFET
386554:10197,669:669,10/04/24 01:14:08,STABLE BEAMS,6800,412450.271602980,396724.190660305,53.7,HFET
386554:10197,670:670,10/04/24 01:14:31,STABLE BEAMS,6800,412699.086196475,397857.859116013,53.8,HFET
386554:10197,671:671,10/04/24 01:14:54,STABLE BEAMS,6800,412039.144054913,396673.746134426,53.8,HFET
386554:10197,672:672,10/04/24 01:15:18,STABLE BEAMS,6800,411629.384849576,396996.544478491,53.7,HFET
386554:10197,673:673,10/04/24 01:15:41,STABLE BEAMS,6800,412137.487569597,397304.820207204,53.7,HFET
386554:10197,674:674,10/04/24 01:16:04,STABLE BEAMS,6800,411978.319239120,397268.352824448,53.7,HFET
386554:10197,675:675,10/04/24 01:16:28,STABLE BEAMS,6800,411590.730915745,396834.280476556,53.7,HFET
386554:10197,676:676,10/04/24 01:16:51,STABLE BEAMS,6800,411456.192754419,396016.263280054,53.7,HFET
386554:10197,677:677,10/04/24 01:17:14,STABLE BEAMS,6800,411712.338587928,396864.146246683,53.7,HFET
386554:10197,678:678,10/04/24 01:17:37,STABLE BEAMS,6800,411555.037450853,396969.956203899,53.7,HFET
386554:10197,679:679,10/04/24 01:18:01,STABLE BEAMS,6800,411477.410225516,395186.681606063,53.7,HFET
386554:10197,680:680,10/04/24 01:18:24,STABLE BEAMS,6800,411427.236104675,397093.384447927,53.7,HFET
386554:10197,681:681,10/04/24 01:18:47,STABLE BEAMS,6800,411230.416203865,390498.254546729,53.6,HFET
386554:10197,682:682,10/04/24 01:19:11,STABLE BEAMS,6800,410986.426941635,396795.626542724,53.6,HFET
386554:10197,683:683,10/04/24 01:19:34,STABLE BEAMS,6800,410798.073515779,396676.522448212,53.6,HFET
386554:10197,684:684,10/04/24 01:19:57,STABLE BEAMS,6800,410283.415804688,395746.503951577,53.6,HFET
386554:10197,685:685,10/04/24 01:20:21,STABLE BEAMS,6800,409883.717531592,395844.026926838,53.5,HFET
386554:10197,686:686,10/04/24 01:20:44,STABLE BEAMS,6800,408932.164537264,395256.842388868,53.4,HFET
386554:10197,687:687,10/04/24 01:21:07,STABLE BEAMS,6800,408511.204502591,394940.780859950,53.3,HFET
386554:10197,688:688,10/04/24 01:21:31,STABLE BEAMS,6800,408947.006510290,394377.496863746,53.3,HFET
386554:10197,689:689,10/04/24 01:21:54,STABLE BEAMS,6800,408684.760245902,394873.944194238,53.3,HFET
386554:10197,690:690,10/04/24 01:22:17,STABLE BEAMS,6800,408413.226967138,393841.211411846,53.3,HFET
386554:10197,691:691,10/04/24 01:22:41,STABLE BEAMS,6800,408148.477125080,393904.679669983,53.3,HFET
386554:10197,692:692,10/04/24 01:23:04,STABLE BEAMS,6800,407651.847970511,392927.811169600,53.2,HFET
386554:10197,693:693,10/04/24 01:23:27,STABLE BEAMS,6800,407168.375419641,392971.201853736,53.1,HFET
386554:10197,694:694,10/04/24 01:23:50,STABLE BEAMS,6800,406399.802716597,387368.919991965,53.0,HFET
386554:10197,695:695,10/04/24 01:24:14,STABLE BEAMS,6800,405773.691508680,392501.797358028,53.0,HFET
386554:10197,696:696,10/04/24 01:24:37,STABLE BEAMS,6800,404717.512744712,390832.437875285,52.8,HFET
386554:10197,697:697,10/04/24 01:25:00,STABLE BEAMS,6800,403439.333776398,390608.889835210,52.7,HFET
386554:10197,698:698,10/04/24 01:25:24,STABLE BEAMS,6800,401835.943798386,389147.823818728,52.5,HFET
386554:10197,699:699,10/04/24 01:25:47,STABLE BEAMS,6800,402350.694752594,389721.077835135,52.4,HFET
386554:10197,700:700,10/04/24 01:26:10,STABLE BEAMS,6800,402696.484518043,389992.109932149,52.5,HFET
386554:10197,701:701,10/04/24 01:26:34,STABLE BEAMS,6800,402210.920990292,388853.616145176,52.5,HFET
386554:10197,702:702,10/04/24 01:26:57,STABLE BEAMS,6800,401999.391987898,387660.533175808,52.4,HFET
386554:10197,703:703,10/04/24 01:27:20,STABLE BEAMS,6800,403037.313749709,390152.828429433,52.4,HFET
386554:10197,704:704,10/04/24 01:27:44,STABLE BEAMS,6800,403141.986140907,390302.434678341,52.6,HFET
386554:10197,705:705,10/04/24 01:28:07,STABLE BEAMS,6800,404124.316356823,390636.254358744,52.7,HFET
386554:10197,706:706,10/04/24 01:28:30,STABLE BEAMS,6800,404071.638658311,390860.527364049,52.7,HFET
386554:10197,707:707,10/04/24 01:28:54,STABLE BEAMS,6800,404623.402467504,385567.024743818,52.8,HFET
386554:10197,708:708,10/04/24 01:29:17,STABLE BEAMS,6800,404737.042515406,391486.323876449,52.8,HFET
386554:10197,709:709,10/04/24 01:29:40,STABLE BEAMS,6800,405064.577609775,391730.902901389,52.8,HFET
386554:10197,710:710,10/04/24 01:30:03,STABLE BEAMS,6800,405237.634502414,391272.519742019,52.8,HFET
386554:10197,711:711,10/04/24 01:30:27,STABLE BEAMS,6800,405174.075332238,312400.953363912,52.9,HFET
386554:10197,712:712,10/04/24 01:30:50,STABLE BEAMS,6800,405192.241422357,367334.897518953,52.8,HFET
386554:10197,713:713,10/04/24 01:31:13,STABLE BEAMS,6800,405074.321515421,391822.372067330,52.8,HFET
386554:10197,714:714,10/04/24 01:31:37,STABLE BEAMS,6800,404712.640791889,391489.510459946,52.8,HFET
386554:10197,715:715,10/04/24 01:32:00,STABLE BEAMS,6800,404500.431114747,391334.120806754,52.8,HFET
386554:10197,716:716,10/04/24 01:32:23,STABLE BEAMS,6800,404257.852154649,391175.770684622,52.8,HFET
386554:10197,717:717,10/04/24 01:32:47,STABLE BEAMS,6800,401993.930272365,389298.798410367,52.7,HFET
386554:10197,718:718,10/04/24 01:33:10,STABLE BEAMS,6800,398733.288430253,386303.454213621,52.1,HFET
386554:10197,719:719,10/04/24 01:33:33,STABLE BEAMS,6800,397212.989724189,384783.973715902,51.9,HFET
386554:10197,720:720,10/04/24 01:33:57,STABLE BEAMS,6800,396539.117061062,378576.227003223,51.8,HFET
386554:10197,721:721,10/04/24 01:34:20,STABLE BEAMS,6800,395896.385267677,383734.760212716,51.6,HFET
386554:10197,722:722,10/04/24 01:34:43,STABLE BEAMS,6800,395672.063309737,382984.763869502,51.6,HFET
386554:10197,723:723,10/04/24 01:35:06,STABLE BEAMS,6800,395554.600294070,383466.914699199,51.6,HFET
386554:10197,724:724,10/04/24 01:35:30,STABLE BEAMS,6800,395378.084081819,383392.975239109,51.6,HFET
386554:10197,725:725,10/04/24 01:35:53,STABLE BEAMS,6800,394856.186042753,382963.000926175,51.5,HFET
386554:10197,726:726,10/04/24 01:36:16,STABLE BEAMS,6800,394555.651823765,382518.000485060,51.5,HFET
386554:10197,727:727,10/04/24 01:36:40,STABLE BEAMS,6800,394459.084590444,381923.121058923,51.4,HFET
386554:10197,728:728,10/04/24 01:37:03,STABLE BEAMS,6800,394327.642100577,8201.703548859,51.4,HFET
386554:10197,729:729,10/04/24 01:37:26,STABLE BEAMS,6800,393594.809483983,375981.079930245,51.4,HFET
386554:10197,730:730,10/04/24 01:37:50,STABLE BEAMS,6800,393215.736588197,381524.630284183,51.3,HFET
386554:10197,731:731,10/04/24 01:38:13,STABLE BEAMS,6800,393563.214054049,381142.983878389,51.3,HFET
386554:10197,732:732,10/04/24 01:38:36,STABLE BEAMS,6800,393275.379547491,380790.590169233,51.3,HFET
386554:10197,733:733,10/04/24 01:39:00,STABLE BEAMS,6800,392629.370258571,379870.658246696,51.2,HFET
386554:10197,734:734,10/04/24 01:39:23,STABLE BEAMS,6800,392326.192597238,374742.990839752,51.2,HFET
386554:10197,735:735,10/04/24 01:39:46,STABLE BEAMS,6800,392882.646535178,380513.707066676,51.2,HFET
386554:10197,736:736,10/04/24 01:40:10,STABLE BEAMS,6800,393300.009716642,380816.201722183,51.2,HFET
386554:10197,737:737,10/04/24 01:40:33,STABLE BEAMS,6800,392684.870892427,380849.960392413,51.2,HFET
386554:10197,738:738,10/04/24 01:40:56,STABLE BEAMS,6800,392522.422735337,380696.710668738,51.2,HFET
386554:10197,739:739,10/04/24 01:41:19,STABLE BEAMS,6800,392361.750859611,380632.878762447,51.2,HFET
386554:10197,740:740,10/04/24 01:41:43,STABLE BEAMS,6800,392246.427773462,380598.367154054,51.2,HFET
386554:10197,741:741,10/04/24 01:42:06,STABLE BEAMS,6800,392092.585955999,380629.123395941,51.1,HFET
386554:10197,742:742,10/04/24 01:42:29,STABLE BEAMS,6800,391555.936855946,379795.830645924,51.1,HFET
386554:10197,743:743,10/04/24 01:42:53,STABLE BEAMS,6800,390952.814738334,378877.649362894,51.0,HFET
386554:10197,744:744,10/04/24 01:43:16,STABLE BEAMS,6800,389873.416107348,378380.747472210,50.9,HFET
386554:10197,745:745,10/04/24 01:43:39,STABLE BEAMS,6800,389727.723738244,377245.668714369,50.8,HFET
386554:10197,746:746,10/04/24 01:44:03,STABLE BEAMS,6800,390657.651322840,379152.781825944,51.0,HFET
386554:10197,747:747,10/04/24 01:44:26,STABLE BEAMS,6800,390294.285229983,372931.717665191,50.9,HFET
386554:10197,748:748,10/04/24 01:44:49,STABLE BEAMS,6800,389876.786845999,377956.167273549,50.9,HFET
386554:10197,749:749,10/04/24 01:45:13,STABLE BEAMS,6800,389868.318039968,378292.194484729,50.8,HFET
386554:10197,750:750,10/04/24 01:45:36,STABLE BEAMS,6800,389997.301242645,377795.222661708,50.9,HFET
386554:10197,751:751,10/04/24 01:45:59,STABLE BEAMS,6800,389880.474611246,377880.204437837,50.8,HFET
386554:10197,752:752,10/04/24 01:46:22,STABLE BEAMS,6800,389874.190025213,378392.631307373,50.9,HFET
386554:10197,753:753,10/04/24 01:46:46,STABLE BEAMS,6800,389743.934054000,378180.967102460,50.8,HFET
386554:10197,754:754,10/04/24 01:47:09,STABLE BEAMS,6800,389588.770515365,378226.290250180,50.8,HFET
386554:10197,755:755,10/04/24 01:47:32,STABLE BEAMS,6800,389452.684518310,377149.714554538,50.8,HFET
386554:10197,756:756,10/04/24 01:47:56,STABLE BEAMS,6800,389311.864102028,377558.587950270,50.8,HFET
386554:10197,757:757,10/04/24 01:48:19,STABLE BEAMS,6800,388930.604655166,377744.526379416,50.7,HFET
386554:10197,758:758,10/04/24 01:48:42,STABLE BEAMS,6800,388787.509106849,377024.055468955,50.7,HFET
386554:10197,759:759,10/04/24 01:49:06,STABLE BEAMS,6800,388441.306740611,376679.356647966,50.7,HFET
386554:10197,760:760,10/04/24 01:49:29,STABLE BEAMS,6800,388043.610863436,371477.614578414,50.7,HFET
386554:10197,761:761,10/04/24 01:49:52,STABLE BEAMS,6800,387426.968493972,376423.348348054,50.5,HFET
386554:10197,762:762,10/04/24 01:50:16,STABLE BEAMS,6800,387588.687023678,376571.726118905,50.5,HFET
386554:10197,763:763,10/04/24 01:50:39,STABLE BEAMS,6800,387914.902727953,376331.084284547,50.6,HFET
386554:10197,764:764,10/04/24 01:51:02,STABLE BEAMS,6800,387733.878211032,376283.392761675,50.6,HFET
386554:10197,765:765,10/04/24 01:51:26,STABLE BEAMS,6800,387488.751382784,376136.401982177,50.5,HFET
386554:10197,766:766,10/04/24 01:51:49,STABLE BEAMS,6800,387193.224319137,376245.034874737,50.5,HFET
386554:10197,767:767,10/04/24 01:52:12,STABLE BEAMS,6800,387022.444889612,375812.463741016,50.5,HFET
386554:10197,768:768,10/04/24 01:52:35,STABLE BEAMS,6800,387195.091512539,375551.152238869,50.5,HFET
386554:10197,769:769,10/04/24 01:52:59,STABLE BEAMS,6800,387063.238752961,375805.202433340,50.5,HFET
386554:10197,770:770,10/04/24 01:53:22,STABLE BEAMS,6800,386787.880175354,375686.942189030,50.4,HFET
386554:10197,771:771,10/04/24 01:53:45,STABLE BEAMS,6800,386626.753739436,374982.268993536,50.4,HFET
386554:10197,772:772,10/04/24 01:54:09,STABLE BEAMS,6800,386038.156568255,374972.958668380,50.4,HFET
386554:10197,773:773,10/04/24 01:54:32,STABLE BEAMS,6800,385920.465106953,368702.836973102,50.3,HFET
386554:10197,774:774,10/04/24 01:54:55,STABLE BEAMS,6800,385739.806569264,374715.561046036,50.3,HFET
386554:10197,775:775,10/04/24 01:55:19,STABLE BEAMS,6800,385350.124937929,373944.939325513,50.3,HFET
386554:10197,776:776,10/04/24 01:55:42,STABLE BEAMS,6800,384689.317966464,373309.834819036,50.2,HFET
386554:10197,777:777,10/04/24 01:56:05,STABLE BEAMS,6800,384610.007702879,372824.131426611,50.2,HFET
386554:10197,778:778,10/04/24 01:56:29,STABLE BEAMS,6800,384594.345190431,294060.037064267,50.2,HFET
386554:10197,779:779,10/04/24 01:56:52,STABLE BEAMS,6800,383973.877522124,275023.690293024,50.1,HFET
386554:10197,780:780,10/04/24 01:57:15,STABLE BEAMS,6800,383477.066543478,372207.738482482,50.0,HFET
386554:10197,781:781,10/04/24 01:57:39,STABLE BEAMS,6800,384050.639917557,373101.333886841,50.0,HFET
386554:10197,782:782,10/04/24 01:58:02,STABLE BEAMS,6800,384201.113327446,372263.215805559,50.1,HFET
386554:10197,783:783,10/04/24 01:58:25,STABLE BEAMS,6800,384249.599747884,373002.239765071,50.1,HFET
386554:10197,784:784,10/04/24 01:58:48,STABLE BEAMS,6800,384126.763597645,372119.777588790,50.1,HFET
386554:10197,785:785,10/04/24 01:59:12,STABLE BEAMS,6800,384074.997350594,373209.055327940,50.1,HFET
386554:10197,786:786,10/04/24 01:59:35,STABLE BEAMS,6800,383853.817685670,367784.518156476,50.1,HFET
386554:10197,787:787,10/04/24 01:59:58,STABLE BEAMS,6800,383738.219532328,372531.972770537,50.1,HFET
386554:10197,788:788,10/04/24 02:00:22,STABLE BEAMS,6800,383609.464775286,371778.036905663,50.0,HFET
386554:10197,789:789,10/04/24 02:00:45,STABLE BEAMS,6800,383456.942347918,372758.774995369,50.0,HFET
386554:10197,790:790,10/04/24 02:01:08,STABLE BEAMS,6800,383737.172878348,373050.819428625,50.0,HFET
386554:10197,791:791,10/04/24 02:01:32,STABLE BEAMS,6800,382981.759110081,371054.675458599,50.0,HFET
386554:10197,792:792,10/04/24 02:01:55,STABLE BEAMS,6800,382578.009423586,371289.876557125,49.9,HFET
386554:10197,793:793,10/04/24 02:02:18,STABLE BEAMS,6800,382329.465235128,371652.741468233,49.9,HFET
386554:10197,794:794,10/04/24 02:02:42,STABLE BEAMS,6800,382675.940337481,371452.916808003,49.9,HFET
386554:10197,795:795,10/04/24 02:03:05,STABLE BEAMS,6800,382614.476806342,371512.832503413,49.9,HFET
386554:10197,796:796,10/04/24 02:03:28,STABLE BEAMS,6800,382109.698203415,371405.292886391,49.9,HFET
386554:10197,797:797,10/04/24 02:03:52,STABLE BEAMS,6800,381946.522750018,371400.922115317,49.8,HFET
386554:10197,798:798,10/04/24 02:04:15,STABLE BEAMS,6800,381809.571923060,370894.824122296,49.8,HFET
386554:10197,799:799,10/04/24 02:04:38,STABLE BEAMS,6800,381523.742143501,365496.555867750,49.8,HFET
386554:10197,800:800,10/04/24 02:05:01,STABLE BEAMS,6800,380899.724243543,370110.656508062,49.7,HFET
386554:10197,801:801,10/04/24 02:05:25,STABLE BEAMS,6800,380830.724337535,368740.124895281,49.7,HFET
386554:10197,802:802,10/04/24 02:05:48,STABLE BEAMS,6800,380783.487374855,369874.066087104,49.7,HFET
386554:10197,803:803,10/04/24 02:06:11,STABLE BEAMS,6800,380531.509508641,292990.587473782,49.7,HFET
386554:10197,804:804,10/04/24 02:06:35,STABLE BEAMS,6800,379725.989220792,368271.450026957,49.6,HFET
386554:10197,805:805,10/04/24 02:06:58,STABLE BEAMS,6800,379726.443780984,369029.346393194,49.5,HFET
386554:10197,806:806,10/04/24 02:07:21,STABLE BEAMS,6800,379818.912979346,368861.072872417,49.6,HFET
386554:10197,807:807,10/04/24 02:07:45,STABLE BEAMS,6800,379319.735956626,369042.230260778,49.5,HFET
386554:10197,808:808,10/04/24 02:08:08,STABLE BEAMS,6800,378880.724054651,368550.654883109,49.4,HFET
386554:10197,809:809,10/04/24 02:08:31,STABLE BEAMS,6800,378921.925856634,368776.774102114,49.4,HFET
386554:10197,810:810,10/04/24 02:08:55,STABLE BEAMS,6800,378824.290989633,368703.837005524,49.4,HFET
386554:10197,811:811,10/04/24 02:09:18,STABLE BEAMS,6800,378376.628457551,368128.648194456,49.4,HFET
386554:10197,812:812,10/04/24 02:09:41,STABLE BEAMS,6800,378046.223806279,362748.958630819,49.3,HFET
386554:10197,813:813,10/04/24 02:10:04,STABLE BEAMS,6800,378235.442062038,368099.101782002,49.3,HFET
386554:10197,814:814,10/04/24 02:10:28,STABLE BEAMS,6800,378076.159508744,366075.728490959,49.3,HFET
386554:10197,815:815,10/04/24 02:10:51,STABLE BEAMS,6800,378328.048793996,367122.438416474,49.3,HFET
386554:10197,816:816,10/04/24 02:11:14,STABLE BEAMS,6800,378178.827172943,368054.368396992,49.3,HFET
386554:10197,817:817,10/04/24 02:11:38,STABLE BEAMS,6800,378317.577592044,368140.326894763,49.3,HFET
386554:10197,818:818,10/04/24 02:12:01,STABLE BEAMS,6800,378168.582085548,367670.878108574,49.3,HFET
386554:10197,819:819,10/04/24 02:12:24,STABLE BEAMS,6800,378099.288463724,366817.190757960,49.3,HFET
386554:10197,820:820,10/04/24 02:12:48,STABLE BEAMS,6800,377954.279100446,367924.338540336,49.3,HFET
386554:10197,821:821,10/04/24 02:13:11,STABLE BEAMS,6800,377856.665213146,366861.558163739,49.3,HFET
386554:10197,822:822,10/04/24 02:13:34,STABLE BEAMS,6800,377636.306087645,367450.087733661,49.3,HFET
386554:10197,823:823,10/04/24 02:13:58,STABLE BEAMS,6800,377392.155981039,367118.387003074,49.2,HFET
386554:10197,824:824,10/04/24 02:14:21,STABLE BEAMS,6800,376948.591483915,366390.675764638,49.2,HFET
386554:10197,825:825,10/04/24 02:14:44,STABLE BEAMS,6800,376726.411786570,360984.600730187,49.1,HFET
386554:10197,826:826,10/04/24 02:15:08,STABLE BEAMS,6800,374188.541628811,364386.972108964,48.9,HFET
386554:10197,827:827,10/04/24 02:15:31,STABLE BEAMS,6800,373366.174640938,363012.183947927,48.7,HFET
386554:10197,828:828,10/04/24 02:15:54,STABLE BEAMS,6800,373000.987976236,362762.777260644,48.7,HFET
386554:10197,829:829,10/04/24 02:16:17,STABLE BEAMS,6800,371629.134642282,362058.922273495,48.6,HFET
386554:10197,830:830,10/04/24 02:16:41,STABLE BEAMS,6800,370998.969689887,361137.510116487,48.4,HFET
386554:10197,831:831,10/04/24 02:17:04,STABLE BEAMS,6800,371128.137047718,361691.003585487,48.4,HFET
386554:10197,832:832,10/04/24 02:17:27,STABLE BEAMS,6800,371213.820478297,361034.021912865,48.4,HFET
386554:10197,833:833,10/04/24 02:17:51,STABLE BEAMS,6800,371015.566964575,360442.739339936,48.4,HFET
386554:10197,834:834,10/04/24 02:18:14,STABLE BEAMS,6800,370813.418219674,361022.457435375,48.4,HFET
386554:10197,835:835,10/04/24 02:18:37,STABLE BEAMS,6800,370549.533207518,360528.129054699,48.3,HFET
386554:10197,836:836,10/04/24 02:19:01,STABLE BEAMS,6800,370260.652046981,360218.053733843,48.3,HFET
386554:10197,837:837,10/04/24 02:19:24,STABLE BEAMS,6800,369722.364199159,360272.871361872,48.3,HFET
386554:10197,838:838,10/04/24 02:19:47,STABLE BEAMS,6800,369339.102356377,353758.895606882,48.2,HFET
386554:10197,839:839,10/04/24 02:20:11,STABLE BEAMS,6800,369174.947850260,359779.337878762,48.2,HFET
386554:10197,840:840,10/04/24 02:20:34,STABLE BEAMS,6800,368975.803864778,359452.646634594,48.1,HFET
386554:10197,841:841,10/04/24 02:20:57,STABLE BEAMS,6800,367964.698823194,358591.581422409,48.0,HFET
386554:10197,842:842,10/04/24 02:21:20,STABLE BEAMS,6800,368106.544913754,358164.817003751,48.0,HFET
386554:10197,843:843,10/04/24 02:21:44,STABLE BEAMS,6800,368730.495212453,359244.761106967,48.1,HFET
386554:10197,844:844,10/04/24 02:22:07,STABLE BEAMS,6800,368689.587126287,358680.817415716,48.1,HFET
386554:10197,845:845,10/04/24 02:22:30,STABLE BEAMS,6800,368615.239727563,359116.188174002,48.1,HFET
386554:10197,846:846,10/04/24 02:22:54,STABLE BEAMS,6800,368613.577669016,358675.581814740,48.1,HFET
386554:10197,847:847,10/04/24 02:23:17,STABLE BEAMS,6800,368550.177012138,359189.808276419,48.1,HFET
386554:10197,848:848,10/04/24 02:23:40,STABLE BEAMS,6800,368529.416432310,359059.412440531,48.1,HFET
386554:10197,849:849,10/04/24 02:24:04,STABLE BEAMS,6800,368353.037753656,358503.869954052,48.1,HFET
386554:10197,850:850,10/04/24 02:24:27,STABLE BEAMS,6800,368193.801821919,358755.621705709,48.0,HFET
386554:10197,851:851,10/04/24 02:24:50,STABLE BEAMS,6800,367858.026367153,352997.129651323,48.0,HFET
386554:10197,852:852,10/04/24 02:25:14,STABLE BEAMS,6800,367510.343766445,357108.342192889,47.9,HFET
386554:10197,854:854,10/04/24 02:26:00,STABLE BEAMS,6800,367579.115226818,357930.548336387,47.9,HFET
386554:10197,855:855,10/04/24 02:26:24,STABLE BEAMS,6800,367293.809939787,357443.525553867,47.9,HFET
386554:10197,856:856,10/04/24 02:26:47,STABLE BEAMS,6800,366891.766602319,357032.831586291,47.9,HFET
386554:10197,857:857,10/04/24 02:27:10,STABLE BEAMS,6800,366725.243721049,357470.659300689,47.8,HFET
386554:10197,858:858,10/04/24 02:27:33,STABLE BEAMS,6800,366461.906512202,356736.756719336,47.8,HFET
386554:10197,859:859,10/04/24 02:27:57,STABLE BEAMS,6800,366038.965061309,356123.210021330,47.8,HFET
386554:10197,860:860,10/04/24 02:28:20,STABLE BEAMS,6800,365462.592062665,355111.741331593,47.7,HFET
386554:10197,861:861,10/04/24 02:28:43,STABLE BEAMS,6800,365596.629042241,356466.064959696,47.7,HFET
386554:10197,862:862,10/04/24 02:29:07,STABLE BEAMS,6800,365444.199857989,356156.537442147,47.7,HFET
386554:10197,863:863,10/04/24 02:29:30,STABLE BEAMS,6800,364935.528354959,268010.127245602,47.7,HFET
386554:10197,864:864,10/04/24 02:29:53,STABLE BEAMS,6800,364641.502505484,349164.100953785,47.6,HFET
386554:10197,865:865,10/04/24 02:30:17,STABLE BEAMS,6800,364984.697781224,355551.412928615,47.5,HFET
386554:10197,866:866,10/04/24 02:30:40,STABLE BEAMS,6800,365054.700050731,355424.343540899,47.6,HFET
386554:10197,867:867,10/04/24 02:31:03,STABLE BEAMS,6800,365154.612380846,355952.544814622,47.6,HFET
386554:10197,868:868,10/04/24 02:31:27,STABLE BEAMS,6800,364985.655854243,355291.602640639,47.6,HFET
386554:10197,869:869,10/04/24 02:31:50,STABLE BEAMS,6800,364883.762107908,355209.331908114,47.6,HFET
386554:10197,870:870,10/04/24 02:32:13,STABLE BEAMS,6800,364651.449214907,355521.318712853,47.6,HFET
386554:10197,871:871,10/04/24 02:32:37,STABLE BEAMS,6800,364543.023788281,355200.660298305,47.6,HFET
386554:10197,872:872,10/04/24 02:33:00,STABLE BEAMS,6800,364372.062534679,355226.929215224,47.5,HFET
386554:10197,873:873,10/04/24 02:33:23,STABLE BEAMS,6800,364133.080427790,354361.425630706,47.5,HFET
386554:10197,874:874,10/04/24 02:33:46,STABLE BEAMS,6800,364077.286078118,354270.595180112,47.5,HFET
386554:10197,875:875,10/04/24 02:34:10,STABLE BEAMS,6800,363821.298757907,353902.245242692,47.5,HFET
386554:10197,876:876,10/04/24 02:34:33,STABLE BEAMS,6800,363148.155722165,354083.607765908,47.4,HFET
386554:10197,877:877,10/04/24 02:34:56,STABLE BEAMS,6800,362604.471428992,348686.071469826,47.3,HFET
386554:10197,878:878,10/04/24 02:35:20,STABLE BEAMS,6800,362692.912524733,353550.830586256,47.3,HFET
386554:10197,879:879,10/04/24 02:35:43,STABLE BEAMS,6800,362410.451152747,353366.164925647,47.3,HFET
386554:10197,880:880,10/04/24 02:36:06,STABLE BEAMS,6800,362329.408898279,353297.302553236,47.3,HFET
386554:10197,881:881,10/04/24 02:36:30,STABLE BEAMS,6800,362094.366313050,352915.087364433,47.2,HFET
386554:10197,882:882,10/04/24 02:36:53,STABLE BEAMS,6800,362047.131681448,353109.040039418,47.2,HFET
386554:10197,883:883,10/04/24 02:37:16,STABLE BEAMS,6800,361922.085669354,352891.935098674,47.2,HFET
386554:10197,884:884,10/04/24 02:37:40,STABLE BEAMS,6800,361863.694498895,352920.709924341,47.2,HFET
386554:10197,885:885,10/04/24 02:38:03,STABLE BEAMS,6800,361819.690741270,351801.906752438,47.2,HFET
386554:10197,886:886,10/04/24 02:38:26,STABLE BEAMS,6800,361715.612774937,352652.272317036,47.2,HFET
386554:10197,887:887,10/04/24 02:38:49,STABLE BEAMS,6800,361761.891664598,352875.249243025,47.2,HFET
386554:10197,888:888,10/04/24 02:39:13,STABLE BEAMS,6800,361691.915036948,352044.280577680,47.2,HFET
386554:10197,889:889,10/04/24 02:39:36,STABLE BEAMS,6800,361745.182498171,352330.177958498,47.2,HFET
386554:10197,890:890,10/04/24 02:39:59,STABLE BEAMS,6800,361619.842770261,347714.643705274,47.2,HFET
386554:10197,891:891,10/04/24 02:40:23,STABLE BEAMS,6800,361534.998527728,352672.440803076,47.2,HFET
386554:10197,892:892,10/04/24 02:40:46,STABLE BEAMS,6800,361355.183840241,351909.765727133,47.1,HFET
386554:10197,893:893,10/04/24 02:41:09,STABLE BEAMS,6800,360944.809230337,351594.841764233,47.1,HFET
386554:10197,894:894,10/04/24 02:41:33,STABLE BEAMS,6800,360782.337762468,351937.559169002,47.1,HFET
386554:10197,895:895,10/04/24 02:41:56,STABLE BEAMS,6800,360629.474997726,350783.789828514,47.0,HFET
386554:10197,896:896,10/04/24 02:42:19,STABLE BEAMS,6800,359985.992597256,350732.797499327,47.0,HFET
386554:10197,897:897,10/04/24 02:42:43,STABLE BEAMS,6800,359549.143935577,349715.319290749,46.9,HFET
386554:10197,898:898,10/04/24 02:43:06,STABLE BEAMS,6800,359980.780307058,350765.078266165,46.9,HFET
386554:10197,899:899,10/04/24 02:43:29,STABLE BEAMS,6800,360073.387039017,351268.854505593,47.0,HFET
386554:10197,900:900,10/04/24 02:43:53,STABLE BEAMS,6800,359930.743719813,351150.298214388,47.0,HFET
386554:10197,901:901,10/04/24 02:44:16,STABLE BEAMS,6800,359698.796806043,350888.257084856,46.9,HFET
386554:10197,902:902,10/04/24 02:44:39,STABLE BEAMS,6800,359437.916553308,350219.687623965,46.9,HFET
386554:10197,903:903,10/04/24 02:45:02,STABLE BEAMS,6800,359447.842283031,345479.790364474,46.9,HFET
386554:10197,904:904,10/04/24 02:45:26,STABLE BEAMS,6800,359643.911576754,350829.022064195,46.9,HFET
386554:10197,905:905,10/04/24 02:45:49,STABLE BEAMS,6800,359498.629477362,350670.718563621,46.9,HFET
386554:10197,906:906,10/04/24 02:46:12,STABLE BEAMS,6800,359258.829162128,350643.037013491,46.9,HFET
386554:10197,907:907,10/04/24 02:46:36,STABLE BEAMS,6800,358898.945699661,350267.288234799,46.8,HFET
386554:10197,908:908,10/04/24 02:46:59,STABLE BEAMS,6800,358506.737179876,349500.899751752,46.8,HFET
386554:10197,911:911,10/04/24 02:48:09,STABLE BEAMS,6800,357987.163225482,272694.274445902,46.7,HFET
386554:10197,912:912,10/04/24 02:48:32,STABLE BEAMS,6800,357725.098785171,349100.541783609,46.7,HFET
386554:10197,913:913,10/04/24 02:48:56,STABLE BEAMS,6800,357549.904294092,348466.166904517,46.6,HFET
386554:10197,914:914,10/04/24 02:49:19,STABLE BEAMS,6800,357264.391541128,348746.488346985,46.6,HFET
386554:10197,915:915,10/04/24 02:49:42,STABLE BEAMS,6800,356358.571964232,347357.811623786,46.6,HFET
386554:10197,916:916,10/04/24 02:50:06,STABLE BEAMS,6800,356243.178945745,342829.988838919,46.4,HFET
386554:10197,917:917,10/04/24 02:50:29,STABLE BEAMS,6800,356975.715515446,347987.680529287,46.6,HFET
386554:10197,918:918,10/04/24 02:50:52,STABLE BEAMS,6800,356967.179108155,348535.574749158,46.6,HFET
386554:10197,919:919,10/04/24 02:51:15,STABLE BEAMS,6800,356920.079679071,348324.071388621,46.6,HFET
386554:10197,920:920,10/04/24 02:51:39,STABLE BEAMS,6800,356755.013721493,348339.414543396,46.5,HFET
386554:10197,921:921,10/04/24 02:52:02,STABLE BEAMS,6800,356549.132920864,348110.903638459,46.5,HFET
386554:10197,922:922,10/04/24 02:52:25,STABLE BEAMS,6800,356348.145052760,347835.272324737,46.5,HFET
386554:10197,923:923,10/04/24 02:52:49,STABLE BEAMS,6800,355705.392279674,346756.125450164,46.4,HFET
386554:10197,924:924,10/04/24 02:53:12,STABLE BEAMS,6800,355980.683256022,347554.314498000,46.4,HFET
386554:10197,925:925,10/04/24 02:53:35,STABLE BEAMS,6800,356181.123320819,347404.934363649,46.5,HFET
386554:10197,926:926,10/04/24 02:53:59,STABLE BEAMS,6800,355975.878904458,347524.903288064,46.4,HFET
386554:10197,927:927,10/04/24 02:54:22,STABLE BEAMS,6800,355841.636790027,347287.287192828,46.4,HFET
386554:10197,928:928,10/04/24 02:54:45,STABLE BEAMS,6800,355169.836455158,346665.500134426,46.3,HFET
386554:10197,929:929,10/04/24 02:55:09,STABLE BEAMS,6800,355143.339092604,333657.470016228,46.3,HFET
386554:10197,930:930,10/04/24 02:55:32,STABLE BEAMS,6800,354973.084155608,330595.403376588,46.3,HFET
386554:10197,931:931,10/04/24 02:55:55,STABLE BEAMS,6800,354570.858994063,338348.263119636,46.3,HFET
386554:10197,932:932,10/04/24 02:56:18,STABLE BEAMS,6800,353822.818425212,328116.197125404,46.2,HFET
386554:10197,933:933,10/04/24 02:56:42,STABLE BEAMS,6800,354012.288437384,345623.503648436,46.1,HFET
386554:10197,934:934,10/04/24 02:57:05,STABLE BEAMS,6800,354419.110484560,345968.542806799,46.2,HFET
386554:10197,935:935,10/04/24 02:57:28,STABLE BEAMS,6800,354306.563712196,345873.206382613,46.3,HFET
386554:10197,936:936,10/04/24 02:57:52,STABLE BEAMS,6800,353647.122752384,345376.896585718,46.1,HFET
386554:10197,937:937,10/04/24 02:58:15,STABLE BEAMS,6800,353815.580428315,344867.269340747,46.1,HFET
386554:10197,938:938,10/04/24 02:58:38,STABLE BEAMS,6800,353582.129969296,345175.521758681,46.2,HFET
386554:10197,939:939,10/04/24 02:59:02,STABLE BEAMS,6800,353222.020392272,220146.542151831,46.0,HFET
386554:10197,940:940,10/04/24 02:59:25,STABLE BEAMS,6800,353889.132929472,345348.963279174,46.2,HFET
386554:10197,941:941,10/04/24 02:59:48,STABLE BEAMS,6800,353867.484208962,345078.523275948,46.2,HFET
386554:10197,942:942,10/04/24 03:00:12,STABLE BEAMS,6800,353663.787628331,339992.379359738,46.1,HFET
386554:10197,943:943,10/04/24 03:00:35,STABLE BEAMS,6800,353592.442657950,344736.055296514,46.1,HFET
386554:10197,944:944,10/04/24 03:00:58,STABLE BEAMS,6800,353471.494680815,345169.831597513,46.1,HFET
386554:10197,945:945,10/04/24 03:01:22,STABLE BEAMS,6800,353193.609214758,344336.606448755,46.1,HFET
386554:10197,946:946,10/04/24 03:01:45,STABLE BEAMS,6800,352978.485690233,344193.214853543,46.0,HFET
386554:10197,947:947,10/04/24 03:02:08,STABLE BEAMS,6800,352703.150423405,344458.829525505,46.0,HFET
386554:10197,948:948,10/04/24 03:02:31,STABLE BEAMS,6800,352083.230558405,343868.183336844,46.0,HFET
386554:10197,949:949,10/04/24 03:02:55,STABLE BEAMS,6800,351660.766978483,343048.389858979,45.9,HFET
386554:10197,950:950,10/04/24 03:03:18,STABLE BEAMS,6800,351893.100851185,343591.983240113,45.9,HFET
386554:10197,951:951,10/04/24 03:03:41,STABLE BEAMS,6800,351838.444067531,343733.123014068,45.9,HFET
386554:10197,952:952,10/04/24 03:04:05,STABLE BEAMS,6800,352088.580382199,343883.775916955,46.0,HFET
386554:10197,953:953,10/04/24 03:04:28,STABLE BEAMS,6800,350942.002417049,342535.918698963,45.8,HFET
386554:10197,954:954,10/04/24 03:04:51,STABLE BEAMS,6800,350310.336250483,342140.204238008,45.7,HFET
386554:10197,955:955,10/04/24 03:05:15,STABLE BEAMS,6800,350454.275649002,337373.308434213,45.7,HFET
386554:10197,956:956,10/04/24 03:05:38,STABLE BEAMS,6800,350709.351517752,342051.854054306,45.7,HFET
386554:10197,957:957,10/04/24 03:06:01,STABLE BEAMS,6800,350383.751218044,341688.921541938,45.7,HFET
386554:10197,958:958,10/04/24 03:06:25,STABLE BEAMS,6800,350064.116146697,341135.243917784,45.7,HFET
386554:10197,959:959,10/04/24 03:06:48,STABLE BEAMS,6800,349911.957367482,341795.687241096,45.6,HFET
386554:10197,960:960,10/04/24 03:07:11,STABLE BEAMS,6800,349467.073480263,341272.241366300,45.6,HFET
386554:10197,961:961,10/04/24 03:07:34,STABLE BEAMS,6800,348784.368362952,340729.172477694,45.6,HFET
386554:10197,962:962,10/04/24 03:07:58,STABLE BEAMS,6800,348174.963990385,340148.519620015,45.4,HFET
386554:10197,963:963,10/04/24 03:08:21,STABLE BEAMS,6800,348487.405355315,340455.226533298,45.4,HFET
386554:10197,964:964,10/04/24 03:08:44,STABLE BEAMS,6800,348476.069323460,340418.507394128,45.5,HFET
386554:10197,965:965,10/04/24 03:09:08,STABLE BEAMS,6800,347836.661647169,339570.463583124,45.4,HFET
386554:10197,966:966,10/04/24 03:09:31,STABLE BEAMS,6800,347769.118664852,339267.605279463,45.3,HFET
386554:10197,967:967,10/04/24 03:09:54,STABLE BEAMS,6800,348682.292792541,339577.179418570,45.5,HFET
386554:10197,968:968,10/04/24 03:10:18,STABLE BEAMS,6800,348590.026397956,335168.915288406,45.5,HFET
386554:10197,969:969,10/04/24 03:10:41,STABLE BEAMS,6800,348882.527722482,340908.784361404,45.5,HFET
386554:10197,970:970,10/04/24 03:11:04,STABLE BEAMS,6800,348848.950876328,340915.614419668,45.5,HFET
386554:10197,971:971,10/04/24 03:11:28,STABLE BEAMS,6800,349045.087771311,340942.361207557,45.5,HFET
386554:10197,972:972,10/04/24 03:11:51,STABLE BEAMS,6800,349011.965485350,340822.553127517,45.5,HFET
386554:10197,973:973,10/04/24 03:12:14,STABLE BEAMS,6800,349024.623238378,340911.516384709,45.5,HFET
386554:10197,974:974,10/04/24 03:12:38,STABLE BEAMS,6800,348741.751596680,340637.409595938,45.5,HFET
386554:10197,975:975,10/04/24 03:13:01,STABLE BEAMS,6800,348500.904627467,339550.066651449,45.5,HFET
386554:10197,976:976,10/04/24 03:13:24,STABLE BEAMS,6800,348582.152016791,339920.694051983,45.4,HFET
386554:10197,977:977,10/04/24 03:13:47,STABLE BEAMS,6800,348554.151108988,141279.278943538,45.5,HFET
386554:10197,978:978,10/04/24 03:14:11,STABLE BEAMS,6800,348090.916976496,338321.583933006,45.4,HFET
386554:10197,979:979,10/04/24 03:14:34,STABLE BEAMS,6800,347920.116567269,338642.130455814,45.4,HFET
386554:10197,980:980,10/04/24 03:14:57,STABLE BEAMS,6800,348131.687529066,339018.629841593,45.4,HFET
386554:10197,981:981,10/04/24 03:15:21,STABLE BEAMS,6800,347902.791996274,337969.418669485,45.4,HFET
386554:10197,982:982,10/04/24 03:15:44,STABLE BEAMS,6800,347785.874452838,334163.568009250,45.4,HFET
386554:10197,983:983,10/04/24 03:16:07,STABLE BEAMS,6800,347454.765816039,253768.789077696,45.3,HFET
386554:10197,984:984,10/04/24 03:16:31,STABLE BEAMS,6800,347109.451590482,337122.307289643,45.3,HFET
386554:10197,985:985,10/04/24 03:16:54,STABLE BEAMS,6800,346853.487581051,338241.180393883,45.2,HFET
386554:10197,986:986,10/04/24 03:17:17,STABLE BEAMS,6800,346597.115632985,337155.452886383,45.2,HFET
386554:10197,987:987,10/04/24 03:17:41,STABLE BEAMS,6800,346157.465015664,337414.761992610,45.2,HFET
386554:10197,988:988,10/04/24 03:18:04,STABLE BEAMS,6800,345847.186891030,243973.709278738,45.1,HFET
386554:10197,989:989,10/04/24 03:18:27,STABLE BEAMS,6800,346016.439464527,336814.078182488,45.1,HFET
386554:10197,990:990,10/04/24 03:18:51,STABLE BEAMS,6800,345827.039384692,336477.733944712,45.1,HFET
386554:10197,991:991,10/04/24 03:19:14,STABLE BEAMS,6800,345559.399006030,335730.900874217,45.1,HFET
386554:10197,992:992,10/04/24 03:19:37,STABLE BEAMS,6800,345369.178386772,335758.787559202,45.1,HFET
386554:10197,993:993,10/04/24 03:20:00,STABLE BEAMS,6800,345586.010591401,335889.887380617,45.1,HFET
386554:10197,994:994,10/04/24 03:20:24,STABLE BEAMS,6800,345486.482889141,255706.793633677,45.1,HFET
386554:10197,995:995,10/04/24 03:20:47,STABLE BEAMS,6800,345079.910267302,330262.905417357,45.0,HFET
386554:10197,996:996,10/04/24 03:21:10,STABLE BEAMS,6800,345108.526579672,335944.954433982,45.0,HFET
386554:10197,997:997,10/04/24 03:21:34,STABLE BEAMS,6800,345279.783880167,336067.245111992,45.0,HFET
386554:10197,998:998,10/04/24 03:21:57,STABLE BEAMS,6800,345136.413264657,335985.724986553,45.0,HFET
386554:10197,999:999,10/04/24 03:22:20,STABLE BEAMS,6800,345020.472442863,336020.942911551,45.0,HFET
386554:10197,1000:1000,10/04/24 03:22:44,STABLE BEAMS,6800,345026.323448406,335755.486752888,45.0,HFET
386554:10197,1001:1001,10/04/24 03:23:07,STABLE BEAMS,6800,344764.032893538,335515.457992019,45.0,HFET
386554:10197,1002:1002,10/04/24 03:23:30,STABLE BEAMS,6800,344464.041815702,334343.112291700,45.0,HFET
386554:10197,1003:1003,10/04/24 03:23:54,STABLE BEAMS,6800,344191.461882958,334719.954345930,44.9,HFET
386554:10197,1004:1004,10/04/24 03:24:17,STABLE BEAMS,6800,344132.045038221,335190.995258329,44.9,HFET
386554:10197,1005:1005,10/04/24 03:24:40,STABLE BEAMS,6800,343865.770671212,334893.782825356,44.9,HFET
386554:10197,1006:1006,10/04/24 03:25:03,STABLE BEAMS,6800,343107.988527793,334016.351115195,44.8,HFET
386554:10197,1007:1007,10/04/24 03:25:27,STABLE BEAMS,6800,343260.144975930,333719.071080963,44.7,HFET
386554:10197,1008:1008,10/04/24 03:25:50,STABLE BEAMS,6800,343484.282778716,329613.688565239,44.8,HFET
386554:10197,1009:1009,10/04/24 03:26:13,STABLE BEAMS,6800,343347.264350498,334234.866358072,44.8,HFET
386554:10197,1010:1010,10/04/24 03:26:37,STABLE BEAMS,6800,343041.674023533,333735.097241564,44.7,HFET
386554:10197,1011:1011,10/04/24 03:27:00,STABLE BEAMS,6800,343046.249929461,334146.814552341,44.7,HFET
386554:10197,1012:1012,10/04/24 03:27:23,STABLE BEAMS,6800,343046.478375096,333390.011461643,44.7,HFET
386554:10197,1013:1013,10/04/24 03:27:47,STABLE BEAMS,6800,342819.130678034,333885.843387568,44.7,HFET
386554:10197,1014:1014,10/04/24 03:28:10,STABLE BEAMS,6800,342543.110074302,333546.219323180,44.7,HFET
386553:10197,53:53,10/03/24 15:18:13,STABLE BEAMS,6800,56158.432571493,19449.576998203,2.0,HFET
386553:10197,54:54,10/03/24 15:18:36,STABLE BEAMS,6800,236478.405671332,231918.121227981,11.4,HFET
386553:10197,55:55,10/03/24 15:19:00,STABLE BEAMS,6800,327696.945770835,320820.333550372,47.7,HFET
386553:10197,56:56,10/03/24 15:19:23,STABLE BEAMS,6800,147902.806968214,146612.939975281,33.2,HFET
386553:10197,57:57,10/03/24 15:19:46,STABLE BEAMS,6800,20594.975134892,20553.065804143,10.8,HFET
386553:10197,58:58,10/03/24 15:20:10,STABLE BEAMS,6800,101207.617330143,98428.831203265,0.2,PLTZERO
386553:10197,59:59,10/03/24 15:20:33,STABLE BEAMS,6800,123784.254636883,41147.858741986,47.5,HFET
386553:10197,60:60,10/03/24 15:20:56,STABLE BEAMS,6800,21746.097070203,21603.216120918,0.7,HFET
386553:10197,61:61,10/03/24 15:21:19,STABLE BEAMS,6800,134385.093192960,132609.205781006,5.3,HFET
386553:10197,62:62,10/03/24 15:21:43,STABLE BEAMS,6800,313093.220562792,305898.406883893,34.3,HFET
386553:10197,63:63,10/03/24 15:22:06,STABLE BEAMS,6800,299871.477222202,295163.634614992,47.4,HFET
386553:10197,64:64,10/03/24 15:22:29,STABLE BEAMS,6800,109223.895869765,78033.117516870,17.4,HFET
386553:10197,65:65,10/03/24 15:22:53,STABLE BEAMS,6800,22929.389442434,22862.958570765,4.9,HFET
386553:10197,66:66,10/03/24 15:23:16,STABLE BEAMS,6800,242858.479649264,231555.347228911,1.1,HFET
386553:10197,67:67,10/03/24 15:23:39,STABLE BEAMS,6800,365065.194563462,356597.850118015,47.7,HFET
386553:10197,68:68,10/03/24 15:24:03,STABLE BEAMS,6800,365099.864685153,357553.249390887,47.6,HFET
386553:10197,69:69,10/03/24 15:24:26,STABLE BEAMS,6800,362997.728933834,329832.385632193,47.6,HFET
386553:10197,70:70,10/03/24 15:24:49,STABLE BEAMS,6800,359226.595016848,306593.497018117,46.8,HFET
386553:10197,71:71,10/03/24 15:25:13,STABLE BEAMS,6800,361148.459189410,353332.588079494,46.9,HFET
386553:10197,72:72,10/03/24 15:25:36,STABLE BEAMS,6800,363039.000668154,355603.612756157,47.3,HFET
386553:10197,73:73,10/03/24 15:25:59,STABLE BEAMS,6800,362108.138321317,354755.158675441,47.3,HFET
386553:10197,74:74,10/03/24 15:26:22,STABLE BEAMS,6800,360705.325941698,353101.004813877,47.0,HFET
386553:10197,75:75,10/03/24 15:26:46,STABLE BEAMS,6800,359512.380505927,352432.481974544,47.0,HFET
386553:10197,76:76,10/03/24 15:27:09,STABLE BEAMS,6800,358268.962571342,351214.130120679,46.8,HFET
386553:10197,77:77,10/03/24 15:27:32,STABLE BEAMS,6800,357994.333621120,351015.053736457,46.7,HFET
386553:10197,78:78,10/03/24 15:27:56,STABLE BEAMS,6800,356812.700906425,349936.202908779,46.6,HFET
386553:10197,79:79,10/03/24 15:28:19,STABLE BEAMS,6800,357973.708243810,350980.884796516,46.5,HFET
386553:10197,80:80,10/03/24 15:28:42,STABLE BEAMS,6800,357790.364304374,345586.828799746,46.7,HFET
386553:10197,81:81,10/03/24 15:29:06,STABLE BEAMS,6800,357772.333416773,350880.357061834,46.7,HFET
386553:10197,82:82,10/03/24 15:29:29,STABLE BEAMS,6800,357280.713748624,349315.439193577,46.6,HFET
386553:10197,83:83,10/03/24 15:29:52,STABLE BEAMS,6800,357075.014772072,350096.077555861,46.6,HFET
386553:10197,84:84,10/03/24 15:30:16,STABLE BEAMS,6800,356912.317189645,348947.884153723,46.6,HFET
386553:10197,85:85,10/03/24 15:30:39,STABLE BEAMS,6800,356698.832412889,349778.764238108,46.5,HFET
386553:10197,86:86,10/03/24 15:31:02,STABLE BEAMS,6800,356390.465772137,348898.304457747,46.5,HFET
386553:10197,87:87,10/03/24 15:31:25,STABLE BEAMS,6800,356127.149542991,349102.318064973,46.5,HFET
386553:10197,88:88,10/03/24 15:31:49,STABLE BEAMS,6800,355736.920108348,348377.247937805,46.4,HFET
386553:10197,89:89,10/03/24 15:32:12,STABLE BEAMS,6800,355500.763267881,348637.081536560,46.4,HFET
386553:10197,90:90,10/03/24 15:32:35,STABLE BEAMS,6800,355041.603859567,348245.828758717,46.3,HFET
386553:10197,91:91,10/03/24 15:32:59,STABLE BEAMS,6800,360969.553622306,352503.642789771,46.4,HFET
386553:10197,92:92,10/03/24 15:33:22,STABLE BEAMS,6800,368814.131956631,355755.496468178,47.7,HFET
386553:10197,93:93,10/03/24 15:33:45,STABLE BEAMS,6800,383807.559775710,375433.299933192,49.3,HFET
386553:10197,94:94,10/03/24 15:34:09,STABLE BEAMS,6800,398274.129021940,388400.603789300,50.7,HFET
386553:10197,95:95,10/03/24 15:34:32,STABLE BEAMS,6800,411023.623951776,400454.325579086,52.8,HFET
386553:10197,96:96,10/03/24 15:34:55,STABLE BEAMS,6800,426514.774200962,303511.124358841,55.0,HFET
386553:10197,97:97,10/03/24 15:35:19,STABLE BEAMS,6800,443047.580598763,427173.303709313,56.9,HFET
386553:10197,98:98,10/03/24 15:35:42,STABLE BEAMS,6800,450080.379701062,202408.382456782,58.3,HFET
386553:10197,99:99,10/03/24 15:36:05,STABLE BEAMS,6800,446425.366098869,431426.793590852,58.9,HFET
386553:10197,100:100,10/03/24 15:36:29,STABLE BEAMS,6800,424246.390635566,413034.407091050,57.8,HFET
386553:10197,101:101,10/03/24 15:36:52,STABLE BEAMS,6800,407858.320864928,295987.547107517,52.5,HFET
386553:10197,102:102,10/03/24 15:37:15,STABLE BEAMS,6800,422343.601673506,390807.168990788,54.5,HFET
386553:10197,103:103,10/03/24 15:37:38,STABLE BEAMS,6800,419725.327976625,407441.139507540,54.9,HFET
386553:10197,104:104,10/03/24 15:38:02,STABLE BEAMS,6800,422874.604902872,410918.907270097,54.8,HFET
386553:10197,105:105,10/03/24 15:38:25,STABLE BEAMS,6800,423295.928585698,411678.465694880,55.7,HFET
386553:10197,106:106,10/03/24 15:38:48,STABLE BEAMS,6800,413135.389385923,397160.904119464,54.0,HFET
386553:10197,107:107,10/03/24 15:39:12,STABLE BEAMS,6800,411464.843384527,295708.820122336,53.8,HFET
386553:10197,108:108,10/03/24 15:39:35,STABLE BEAMS,6800,410694.450109638,399616.275099063,53.6,HFET
386553:10197,109:109,10/03/24 15:39:58,STABLE BEAMS,6800,409874.430517216,399811.458583183,53.5,HFET
386553:10197,110:110,10/03/24 15:40:22,STABLE BEAMS,6800,408244.587467131,398247.587368906,53.4,HFET
386553:10197,111:111,10/03/24 15:40:45,STABLE BEAMS,6800,429922.565335869,416797.503451417,54.0,HFET
386553:10197,112:112,10/03/24 15:41:08,STABLE BEAMS,6800,463605.319351609,445602.297456546,59.6,HFET
386553:10197,113:113,10/03/24 15:41:32,STABLE BEAMS,6800,473398.760402799,454550.585233335,61.9,HFET
386553:10197,114:114,10/03/24 15:41:55,STABLE BEAMS,6800,472332.157058437,453617.608598838,61.6,HFET
386553:10197,115:115,10/03/24 15:42:18,STABLE BEAMS,6800,471315.907327915,452385.277270772,61.6,HFET
386553:10197,116:116,10/03/24 15:42:42,STABLE BEAMS,6800,469913.071637518,452720.325429232,61.4,HFET
386553:10197,117:117,10/03/24 15:43:05,STABLE BEAMS,6800,468652.378084574,434708.923309099,61.2,HFET
386553:10197,118:118,10/03/24 15:43:28,STABLE BEAMS,6800,470607.523056396,358563.580514606,61.0,HFET
386553:10197,119:119,10/03/24 15:43:51,STABLE BEAMS,6800,473304.789990266,454820.934324523,61.9,HFET
386553:10197,120:120,10/03/24 15:44:15,STABLE BEAMS,6800,471794.051034692,447195.805995316,61.6,HFET
386553:10197,121:121,10/03/24 15:44:38,STABLE BEAMS,6800,470940.885845529,453480.473616725,61.5,HFET
386553:10197,122:122,10/03/24 15:45:01,STABLE BEAMS,6800,469097.648930725,450571.908457174,61.2,HFET
386553:10197,123:123,10/03/24 15:45:25,STABLE BEAMS,6800,467868.916786946,450905.042800673,61.0,HFET
386553:10197,124:124,10/03/24 15:45:48,STABLE BEAMS,6800,473039.583256938,454426.336449885,60.9,HFET
386553:10197,125:125,10/03/24 15:46:11,STABLE BEAMS,6800,476035.566169030,456203.373083246,62.2,HFET
386553:10197,126:126,10/03/24 15:46:35,STABLE BEAMS,6800,475072.903257404,455800.215490538,62.0,HFET
386553:10197,127:127,10/03/24 15:46:58,STABLE BEAMS,6800,474853.863521997,454336.962922982,61.9,HFET
386553:10197,128:128,10/03/24 15:47:21,STABLE BEAMS,6800,473239.911429995,454382.174178962,61.9,HFET
386553:10197,129:129,10/03/24 15:47:45,STABLE BEAMS,6800,472378.095610724,453250.053558983,61.6,HFET
386553:10197,130:130,10/03/24 15:48:08,STABLE BEAMS,6800,471281.577543599,452616.608779975,61.5,HFET
386553:10197,131:131,10/03/24 15:48:31,STABLE BEAMS,6800,469525.984495892,450879.729625695,61.4,HFET
386553:10197,132:132,10/03/24 15:48:54,STABLE BEAMS,6800,468793.380324932,451734.671096222,61.1,HFET
386553:10197,133:133,10/03/24 15:49:18,STABLE BEAMS,6800,468708.240035505,443974.685248016,61.2,HFET
386553:10197,134:134,10/03/24 15:49:41,STABLE BEAMS,6800,469103.022065298,449655.913725219,61.0,HFET
386553:10197,135:135,10/03/24 15:50:04,STABLE BEAMS,6800,477014.709801449,456144.140393663,62.2,HFET
386553:10197,136:136,10/03/24 15:50:28,STABLE BEAMS,6800,476465.130212253,456730.462432808,62.2,HFET
386553:10197,137:137,10/03/24 15:50:51,STABLE BEAMS,6800,476206.844449227,456735.879857861,62.1,HFET
386553:10197,138:138,10/03/24 15:51:14,STABLE BEAMS,6800,477212.441153719,456446.362313055,62.2,HFET
386553:10197,139:139,10/03/24 15:51:38,STABLE BEAMS,6800,477128.168025274,455245.446921924,62.2,HFET
386553:10197,140:140,10/03/24 15:52:01,STABLE BEAMS,6800,476937.355312227,453256.927907727,62.2,HFET
386553:10197,141:141,10/03/24 15:52:24,STABLE BEAMS,6800,477447.961609919,458142.948785735,62.2,HFET
386553:10197,142:142,10/03/24 15:52:48,STABLE BEAMS,6800,477280.963188756,456720.263966971,62.3,HFET
386553:10197,143:143,10/03/24 15:53:11,STABLE BEAMS,6800,477509.243316981,457939.800008412,62.2,HFET
386553:10197,144:144,10/03/24 15:53:34,STABLE BEAMS,6800,477157.397411133,349235.581126685,62.3,HFET
386553:10197,145:145,10/03/24 15:53:58,STABLE BEAMS,6800,476626.711208362,456984.512627280,62.2,HFET
386553:10197,146:146,10/03/24 15:54:21,STABLE BEAMS,6800,475816.344609547,447397.682004103,62.1,HFET
386553:10197,147:147,10/03/24 15:54:44,STABLE BEAMS,6800,475229.430476613,455290.793380423,62.0,HFET
386553:10197,148:148,10/03/24 15:55:07,STABLE BEAMS,6800,474930.807741508,454413.315048704,61.9,HFET
386553:10197,149:149,10/03/24 15:55:31,STABLE BEAMS,6800,474914.236108676,455153.933465504,62.0,HFET
386553:10197,150:150,10/03/24 15:55:54,STABLE BEAMS,6800,474393.293811551,455193.815877392,61.9,HFET
386553:10197,151:151,10/03/24 15:56:17,STABLE BEAMS,6800,474350.178194608,455872.196845188,61.9,HFET
386553:10197,152:152,10/03/24 15:56:41,STABLE BEAMS,6800,474874.032008037,456089.416008749,61.9,HFET
386553:10197,153:153,10/03/24 15:57:04,STABLE BEAMS,6800,474849.038190733,456441.261914597,61.9,HFET
386553:10197,154:154,10/03/24 15:57:27,STABLE BEAMS,6800,475736.987724404,454011.842825322,61.9,HFET
386553:10197,155:155,10/03/24 15:57:51,STABLE BEAMS,6800,475931.805229293,455970.402826276,62.1,HFET
386553:10197,156:156,10/03/24 15:58:14,STABLE BEAMS,6800,475294.584104077,455131.168158677,62.0,HFET
386553:10197,157:157,10/03/24 15:58:37,STABLE BEAMS,6800,475252.058249844,456526.584028101,62.0,HFET
386553:10197,158:158,10/03/24 15:59:01,STABLE BEAMS,6800,474953.617338815,454056.005096245,62.0,HFET
386553:10197,159:159,10/03/24 15:59:24,STABLE BEAMS,6800,474814.890230493,445635.941903959,61.9,HFET
386553:10197,160:160,10/03/24 15:59:47,STABLE BEAMS,6800,475651.211050709,456949.318013060,62.0,HFET
386553:10197,161:161,10/03/24 16:00:11,STABLE BEAMS,6800,475875.167029419,456894.411804070,62.1,HFET
386553:10197,162:162,10/03/24 16:00:34,STABLE BEAMS,6800,474821.310019045,456518.933430414,62.0,HFET
386553:10197,163:163,10/03/24 16:00:57,STABLE BEAMS,6800,474400.259072333,455557.319503846,61.9,HFET
386553:10197,164:164,10/03/24 16:01:20,STABLE BEAMS,6800,472811.529243270,454563.058831208,61.8,HFET
386553:10197,165:165,10/03/24 16:01:44,STABLE BEAMS,6800,472435.733843020,454925.149824452,61.5,HFET
386553:10197,166:166,10/03/24 16:02:07,STABLE BEAMS,6800,471801.107207513,454526.045976222,61.6,HFET
386553:10197,167:167,10/03/24 16:02:30,STABLE BEAMS,6800,471077.473024334,453368.518938150,61.5,HFET
386553:10197,168:168,10/03/24 16:02:54,STABLE BEAMS,6800,473969.557463093,455461.115918679,61.5,HFET
386553:10197,169:169,10/03/24 16:03:17,STABLE BEAMS,6800,476010.707554244,456363.816513337,61.8,HFET
386553:10197,170:170,10/03/24 16:03:40,STABLE BEAMS,6800,478306.863581807,310236.237495137,62.5,HFET
386553:10197,171:171,10/03/24 16:04:04,STABLE BEAMS,6800,477689.857564190,454918.184563669,62.3,HFET
386553:10197,172:172,10/03/24 16:04:27,STABLE BEAMS,6800,476707.070457004,450925.120374674,62.2,HFET
386553:10197,173:173,10/03/24 16:04:50,STABLE BEAMS,6800,475932.168877446,456809.499960278,62.1,HFET
386553:10197,174:174,10/03/24 16:05:14,STABLE BEAMS,6800,474854.045346074,455342.832363589,62.0,HFET
386553:10197,175:175,10/03/24 16:05:37,STABLE BEAMS,6800,473573.957224955,454991.394396375,61.8,HFET
386553:10197,176:176,10/03/24 16:06:00,STABLE BEAMS,6800,473278.201715674,455359.541530017,61.7,HFET
386553:10197,177:177,10/03/24 16:06:23,STABLE BEAMS,6800,471743.468975217,454047.582911772,61.7,HFET
386553:10197,178:178,10/03/24 16:06:47,STABLE BEAMS,6800,470279.486780276,453092.477354716,61.4,HFET
386553:10197,179:179,10/03/24 16:07:10,STABLE BEAMS,6800,470605.063769205,453239.125465762,61.3,HFET
386553:10197,180:180,10/03/24 16:07:33,STABLE BEAMS,6800,470184.877652397,451444.696660147,61.3,HFET
386553:10197,181:181,10/03/24 16:07:57,STABLE BEAMS,6800,470480.178601487,453120.522552999,61.3,HFET
386553:10197,182:182,10/03/24 16:08:20,STABLE BEAMS,6800,468133.529095408,450933.225532552,61.3,HFET
386553:10197,183:183,10/03/24 16:08:43,STABLE BEAMS,6800,474817.804077875,455530.092513908,60.9,HFET
386553:10197,184:184,10/03/24 16:09:07,STABLE BEAMS,6800,477987.205199681,458419.582462957,62.3,HFET
386553:10197,185:185,10/03/24 16:09:30,STABLE BEAMS,6800,476976.100158097,451455.669043849,62.4,HFET
386553:10197,186:186,10/03/24 16:09:53,STABLE BEAMS,6800,477145.968136161,456701.505783064,62.2,HFET
386553:10197,187:187,10/03/24 16:10:17,STABLE BEAMS,6800,478312.418540457,458231.047213024,62.3,HFET
386553:10197,188:188,10/03/24 16:10:40,STABLE BEAMS,6800,477878.618928679,456733.194456114,62.4,HFET
386553:10197,189:189,10/03/24 16:11:03,STABLE BEAMS,6800,478161.490570376,457387.670219987,62.3,HFET
386553:10197,190:190,10/03/24 16:11:27,STABLE BEAMS,6800,478086.322632230,457484.190831749,62.3,HFET
386553:10197,191:191,10/03/24 16:11:50,STABLE BEAMS,6800,478417.862518442,458716.794895930,62.4,HFET
386553:10197,192:192,10/03/24 16:12:13,STABLE BEAMS,6800,478564.648163084,457099.609598872,62.4,HFET
386553:10197,193:193,10/03/24 16:12:36,STABLE BEAMS,6800,478713.436203647,458099.331987042,62.3,HFET
386553:10197,194:194,10/03/24 16:13:00,STABLE BEAMS,6800,478997.172675247,458987.328142272,62.5,HFET
386553:10197,195:195,10/03/24 16:13:23,STABLE BEAMS,6800,478436.028608561,458183.288088893,62.4,HFET
386553:10197,196:196,10/03/24 16:13:46,STABLE BEAMS,6800,478928.743883326,459466.154854875,62.4,HFET
386553:10197,197:197,10/03/24 16:14:10,STABLE BEAMS,6800,477930.159061174,458257.362751501,62.4,HFET
386553:10197,198:198,10/03/24 16:14:33,STABLE BEAMS,6800,477613.959998659,451603.410430432,62.3,HFET
386553:10197,199:199,10/03/24 16:14:56,STABLE BEAMS,6800,477731.879905595,458605.567513661,62.3,HFET
386553:10197,200:200,10/03/24 16:15:20,STABLE BEAMS,6800,476333.004716559,456603.619159649,62.2,HFET
386553:10197,201:201,10/03/24 16:15:43,STABLE BEAMS,6800,476005.926513459,456046.344682286,62.1,HFET
386553:10197,202:202,10/03/24 16:16:06,STABLE BEAMS,6800,476207.618367091,456749.264907195,62.1,HFET
386553:10197,203:203,10/03/24 16:16:30,STABLE BEAMS,6800,476081.047830047,457247.486187974,62.1,HFET
386553:10197,204:204,10/03/24 16:16:53,STABLE BEAMS,6800,475973.463922545,457663.984539536,62.1,HFET
386553:10197,205:205,10/03/24 16:17:16,STABLE BEAMS,6800,475105.274936280,456621.465892095,62.1,HFET
386553:10197,206:206,10/03/24 16:17:40,STABLE BEAMS,6800,475306.283784085,456455.831151508,61.9,HFET
386553:10197,207:207,10/03/24 16:18:03,STABLE BEAMS,6800,475026.053253655,457361.401303068,62.0,HFET
386553:10197,208:208,10/03/24 16:18:26,STABLE BEAMS,6800,475134.867970292,456395.551807945,61.9,HFET
386553:10197,209:209,10/03/24 16:18:49,STABLE BEAMS,6800,475458.032293589,456635.261211141,62.0,HFET
386553:10197,210:210,10/03/24 16:19:13,STABLE BEAMS,6800,475777.825878234,455336.186460480,62.1,HFET
386553:10197,211:211,10/03/24 16:19:36,STABLE BEAMS,6800,475214.907861261,447328.113315086,62.0,HFET
386553:10197,212:212,10/03/24 16:19:59,STABLE BEAMS,6800,475518.859440459,457233.509044852,62.1,HFET
386553:10197,213:213,10/03/24 16:20:23,STABLE BEAMS,6800,475807.055264093,457821.971013514,61.9,HFET
386553:10197,214:214,10/03/24 16:20:46,STABLE BEAMS,6800,477867.101072747,459016.830264246,62.2,HFET
386553:10197,215:215,10/03/24 16:21:09,STABLE BEAMS,6800,478091.057051456,459240.695330917,62.4,HFET
386553:10197,216:216,10/03/24 16:21:33,STABLE BEAMS,6800,476446.919831653,458224.946782145,62.2,HFET
386553:10197,217:217,10/03/24 16:21:56,STABLE BEAMS,6800,475220.779846506,456656.068412527,62.0,HFET
386553:10197,218:218,10/03/24 16:22:19,STABLE BEAMS,6800,485666.878420803,464117.109836876,62.1,HFET
386553:10197,219:219,10/03/24 16:22:43,STABLE BEAMS,6800,484824.046899996,462423.572414096,63.3,HFET
386553:10197,220:220,10/03/24 16:23:06,STABLE BEAMS,6800,484970.058626773,463053.646454453,63.2,HFET
386553:10197,221:221,10/03/24 16:23:29,STABLE BEAMS,6800,485250.060711568,463010.076277318,63.3,HFET
386553:10197,222:222,10/03/24 16:23:52,STABLE BEAMS,6800,485105.051348290,463298.819904260,63.3,HFET
386553:10197,223:223,10/03/24 16:24:16,STABLE BEAMS,6800,485080.603003216,356154.807782341,63.3,HFET
386553:10197,224:224,10/03/24 16:24:39,STABLE BEAMS,6800,484041.772121022,456401.288590671,63.2,HFET
386553:10197,225:225,10/03/24 16:25:02,STABLE BEAMS,6800,483286.810581869,461562.849870363,63.0,HFET
386553:10197,226:226,10/03/24 16:25:26,STABLE BEAMS,6800,483101.417624953,462720.148462801,63.0,HFET
386553:10197,227:227,10/03/24 16:25:49,STABLE BEAMS,6800,482039.138430106,461492.779999596,62.9,HFET
386553:10197,228:228,10/03/24 16:26:12,STABLE BEAMS,6800,481623.094638736,461767.138544782,62.9,HFET
386553:10197,229:229,10/03/24 16:26:36,STABLE BEAMS,6800,480697.584446771,461340.896287575,62.7,HFET
386553:10197,230:230,10/03/24 16:26:59,STABLE BEAMS,6800,480246.439284297,460247.065953274,62.6,HFET
386553:10197,231:231,10/03/24 16:27:22,STABLE BEAMS,6800,479855.482553348,459829.520947733,62.6,HFET
386553:10197,232:232,10/03/24 16:27:46,STABLE BEAMS,6800,479768.568313635,459756.492939104,62.6,HFET
386553:10197,233:233,10/03/24 16:28:09,STABLE BEAMS,6800,479483.465830382,459326.926564804,62.6,HFET
386553:10197,234:234,10/03/24 16:28:32,STABLE BEAMS,6800,477705.883724791,458631.290958350,62.3,HFET
386553:10197,235:235,10/03/24 16:28:56,STABLE BEAMS,6800,479381.753908124,459016.191548900,62.5,HFET
386553:10197,236:236,10/03/24 16:29:19,STABLE BEAMS,6800,478946.317879657,459776.705715624,62.5,HFET
386553:10197,237:237,10/03/24 16:29:42,STABLE BEAMS,6800,478657.163983004,452601.403158796,62.5,HFET
386553:10197,238:238,10/03/24 16:30:05,STABLE BEAMS,6800,477957.020071881,459107.341357168,62.3,HFET
386553:10197,239:239,10/03/24 16:30:29,STABLE BEAMS,6800,477831.041628625,457434.611135774,62.3,HFET
386553:10197,240:240,10/03/24 16:30:52,STABLE BEAMS,6800,476523.999253682,458227.632183893,62.2,HFET
386553:10197,241:241,10/03/24 16:31:15,STABLE BEAMS,6800,475738.808296249,457761.372312279,62.1,HFET
386553:10197,242:242,10/03/24 16:31:39,STABLE BEAMS,6800,477954.197136537,459282.400645727,62.0,HFET
386553:10197,243:243,10/03/24 16:32:02,STABLE BEAMS,6800,482804.387016057,461743.645941649,63.0,HFET
386553:10197,244:244,10/03/24 16:32:25,STABLE BEAMS,6800,482938.333083595,461589.575678551,63.0,HFET
386553:10197,245:245,10/03/24 16:32:49,STABLE BEAMS,6800,482539.226904287,459493.244311217,63.0,HFET
386553:10197,246:246,10/03/24 16:33:12,STABLE BEAMS,6800,481820.872612565,459403.733250718,62.8,HFET
386553:10197,247:247,10/03/24 16:33:35,STABLE BEAMS,6800,481662.114551799,460303.021147322,62.8,HFET
386553:10197,248:248,10/03/24 16:33:59,STABLE BEAMS,6800,481596.597276182,317328.518712355,62.8,HFET
386553:10197,249:249,10/03/24 16:34:22,STABLE BEAMS,6800,481217.706204473,0,62.8,HFET
386553:10197,250:250,10/03/24 16:34:45,STABLE BEAMS,6800,480459.970682612,291939.621000011,62.7,HFET
386553:10197,251:251,10/03/24 16:35:09,STABLE BEAMS,6800,480728.543492436,454074.898482671,62.7,HFET
386553:10197,252:252,10/03/24 16:35:32,STABLE BEAMS,6800,480740.063679446,460220.612881201,62.7,HFET
386553:10197,253:253,10/03/24 16:35:55,STABLE BEAMS,6800,480745.390192460,460091.175118333,62.7,HFET
386553:10197,254:254,10/03/24 16:36:18,STABLE BEAMS,6800,479613.498018116,458626.237181450,62.7,HFET
386553:10197,255:255,10/03/24 16:36:42,STABLE BEAMS,6800,479127.703713653,457703.095364637,62.5,HFET
386553:10197,256:256,10/03/24 16:37:05,STABLE BEAMS,6800,478439.217523136,459007.359094716,62.5,HFET
386553:10197,257:257,10/03/24 16:37:28,STABLE BEAMS,6800,477132.310350712,456614.181273640,62.3,HFET
386553:10197,258:258,10/03/24 16:37:52,STABLE BEAMS,6800,476246.729192193,455640.818714427,62.1,HFET
386553:10197,259:259,10/03/24 16:38:15,STABLE BEAMS,6800,476475.965062358,457848.969557818,62.1,HFET
386553:10197,260:260,10/03/24 16:38:38,STABLE BEAMS,6800,476058.466678375,457087.408737114,62.1,HFET
386553:10197,261:261,10/03/24 16:39:02,STABLE BEAMS,6800,480678.234169076,460752.709386105,62.0,HFET
386553:10197,262:262,10/03/24 16:39:25,STABLE BEAMS,6800,485101.592028678,464047.496857379,63.3,HFET
386553:10197,263:263,10/03/24 16:39:48,STABLE BEAMS,6800,485639.015046596,464378.081001649,63.3,HFET
386553:10197,264:264,10/03/24 16:40:12,STABLE BEAMS,6800,486700.247587464,456739.476711070,63.5,HFET
386553:10197,265:265,10/03/24 16:40:35,STABLE BEAMS,6800,485909.911941092,464175.797054229,63.5,HFET
386553:10197,266:266,10/03/24 16:40:58,STABLE BEAMS,6800,485844.259462957,463226.111253304,63.6,HFET
386553:10197,267:267,10/03/24 16:41:21,STABLE BEAMS,6800,485270.366731204,463846.441388015,63.4,HFET
386553:10197,268:268,10/03/24 16:41:45,STABLE BEAMS,6800,484720.241669778,463551.779154271,63.3,HFET
386553:10197,269:269,10/03/24 16:42:08,STABLE BEAMS,6800,484987.359886989,463817.713183906,63.2,HFET
386553:10197,270:270,10/03/24 16:42:31,STABLE BEAMS,6800,482500.391146379,461967.191650646,62.8,HFET
386553:10197,271:271,10/03/24 16:42:55,STABLE BEAMS,6800,481312.816514102,461454.899983629,62.8,HFET
386553:10197,272:272,10/03/24 16:43:18,STABLE BEAMS,6800,480950.634608820,460486.136641124,62.8,HFET
386553:10197,273:273,10/03/24 16:43:41,STABLE BEAMS,6800,479030.409184026,458602.108194049,62.6,HFET
386553:10197,274:274,10/03/24 16:44:05,STABLE BEAMS,6800,477924.513190486,459193.936239207,62.4,HFET
386553:10197,275:275,10/03/24 16:44:28,STABLE BEAMS,6800,477577.445994345,458117.999258911,62.4,HFET
386553:10197,276:276,10/03/24 16:44:51,STABLE BEAMS,6800,476678.614989010,458020.203547535,62.1,HFET
386553:10197,277:277,10/03/24 16:45:15,STABLE BEAMS,6800,476862.369198158,451591.664128865,62.2,HFET
386553:10197,278:278,10/03/24 16:45:38,STABLE BEAMS,6800,476587.693626377,458217.753075728,62.2,HFET
386553:10197,279:279,10/03/24 16:46:01,STABLE BEAMS,6800,476738.987575688,457899.187969140,62.2,HFET
386553:10197,280:280,10/03/24 16:46:25,STABLE BEAMS,6800,476848.893236785,458710.738755531,62.2,HFET
386553:10197,281:281,10/03/24 16:46:48,STABLE BEAMS,6800,476865.875139328,458876.874677868,62.2,HFET
386553:10197,282:282,10/03/24 16:47:11,STABLE BEAMS,6800,476274.410742322,458110.761262014,62.1,HFET
386553:10197,283:283,10/03/24 16:47:34,STABLE BEAMS,6800,476935.080180191,458997.934546743,62.1,HFET
386553:10197,284:284,10/03/24 16:47:58,STABLE BEAMS,6800,476216.588354872,458438.021289191,62.1,HFET
386553:10197,285:285,10/03/24 16:48:21,STABLE BEAMS,6800,475697.287136593,457378.975299399,62.0,HFET
386553:10197,286:286,10/03/24 16:48:44,STABLE BEAMS,6800,484752.886084769,463616.247444830,62.9,HFET
386553:10197,287:287,10/03/24 16:49:08,STABLE BEAMS,6800,484234.540608431,462679.307977893,63.2,HFET
386553:10197,288:288,10/03/24 16:49:31,STABLE BEAMS,6800,484258.124123603,462929.488583041,63.1,HFET
386553:10197,289:289,10/03/24 16:49:54,STABLE BEAMS,6800,484660.827156119,463842.343353057,63.2,HFET
386553:10197,290:290,10/03/24 16:50:18,STABLE BEAMS,6800,483773.604918754,455445.863675942,63.2,HFET
386553:10197,291:291,10/03/24 16:50:41,STABLE BEAMS,6800,484644.390725806,317161.564581673,63.1,HFET
386553:10197,292:292,10/03/24 16:51:04,STABLE BEAMS,6800,484330.697572040,463451.022973954,63.2,HFET
386553:10197,293:293,10/03/24 16:51:28,STABLE BEAMS,6800,484152.589233579,462459.540946181,63.1,HFET
386553:10197,294:294,10/03/24 16:51:51,STABLE BEAMS,6800,484030.023488377,463258.026040910,63.2,HFET
386553:10197,295:295,10/03/24 16:52:14,STABLE BEAMS,6800,482116.264473693,461313.305649483,63.0,HFET
386553:10197,296:296,10/03/24 16:52:38,STABLE BEAMS,6800,488123.979060208,464792.758781367,63.2,HFET
386553:10197,297:297,10/03/24 16:53:01,STABLE BEAMS,6800,492203.502928724,467516.613989829,64.0,HFET
386553:10197,298:298,10/03/24 16:53:24,STABLE BEAMS,6800,481345.141571420,460226.030306254,64.1,HFET
386553:10197,299:299,10/03/24 16:53:47,STABLE BEAMS,6800,479684.020117996,460421.668350565,62.6,HFET
386553:10197,300:300,10/03/24 16:54:11,STABLE BEAMS,6800,479598.562801974,460304.021179744,62.6,HFET
386553:10197,301:301,10/03/24 16:54:34,STABLE BEAMS,6800,478843.832039534,459925.540377746,62.5,HFET
386553:10197,302:302,10/03/24 16:54:57,STABLE BEAMS,6800,479086.909850303,459355.472944836,62.4,HFET
386553:10197,303:303,10/03/24 16:55:21,STABLE BEAMS,6800,479220.035378418,453405.305678579,62.5,HFET
386553:10197,304:304,10/03/24 16:55:44,STABLE BEAMS,6800,478363.501781681,459564.724484117,62.4,HFET
386553:10197,305:305,10/03/24 16:56:07,STABLE BEAMS,6800,478513.564921859,459024.434240374,62.4,HFET
386553:10197,306:306,10/03/24 16:56:31,STABLE BEAMS,6800,478787.695021410,459855.015946787,62.4,HFET
386553:10197,307:307,10/03/24 16:56:54,STABLE BEAMS,6800,477727.737580157,458122.733678137,62.4,HFET
386553:10197,308:308,10/03/24 16:57:17,STABLE BEAMS,6800,477569.434079583,457741.975413026,62.3,HFET
386553:10197,309:309,10/03/24 16:57:41,STABLE BEAMS,6800,477242.626281520,457849.151381894,62.3,HFET
386553:10197,310:310,10/03/24 16:58:04,STABLE BEAMS,6800,476773.678677081,457760.507482376,62.2,HFET
386553:10197,311:311,10/03/24 16:58:27,STABLE BEAMS,6800,476169.694060644,457254.498070314,62.1,HFET
386553:10197,312:312,10/03/24 16:58:50,STABLE BEAMS,6800,475832.188946072,456123.561637912,62.1,HFET
386553:10197,313:313,10/03/24 16:59:14,STABLE BEAMS,6800,477338.965069205,458455.140725330,61.9,HFET
386553:10197,314:314,10/03/24 16:59:37,STABLE BEAMS,6800,481727.720408376,461771.099046144,62.9,HFET
386553:10197,315:315,10/03/24 17:00:00,STABLE BEAMS,6800,481883.385128761,461289.768755870,62.8,HFET
386553:10197,316:316,10/03/24 17:00:24,STABLE BEAMS,6800,481335.989759562,454800.812460041,62.9,HFET
386553:10197,317:317,10/03/24 17:00:47,STABLE BEAMS,6800,481213.836615149,461291.088145964,62.7,HFET
386553:10197,318:318,10/03/24 17:01:10,STABLE BEAMS,6800,478095.518734568,458582.711294796,62.8,HFET
386553:10197,319:319,10/03/24 17:01:34,STABLE BEAMS,6800,481356.752670468,460039.089513609,61.8,HFET
386553:10197,320:320,10/03/24 17:01:57,STABLE BEAMS,6800,491468.577004171,468199.090661505,64.2,HFET
386553:10197,321:321,10/03/24 17:02:20,STABLE BEAMS,6800,481702.178787764,461046.369256349,62.9,HFET
386553:10197,322:322,10/03/24 17:02:44,STABLE BEAMS,6800,483512.953111654,463879.994923389,63.0,HFET
386553:10197,323:323,10/03/24 17:03:07,STABLE BEAMS,6800,481673.588117251,462406.546221073,63.0,HFET
386553:10197,324:324,10/03/24 17:03:30,STABLE BEAMS,6800,482378.328914004,462391.657626490,62.8,HFET
386553:10197,325:325,10/03/24 17:03:54,STABLE BEAMS,6800,481918.577411903,462386.739052109,62.9,HFET
386553:10197,326:326,10/03/24 17:04:17,STABLE BEAMS,6800,481709.554318257,461699.390427609,62.7,HFET
386553:10197,327:327,10/03/24 17:04:40,STABLE BEAMS,6800,481916.575015982,462695.744408206,62.9,HFET
386553:10197,328:328,10/03/24 17:05:03,STABLE BEAMS,6800,480970.439446707,460577.969455218,62.8,HFET
386553:10197,329:329,10/03/24 17:05:27,STABLE BEAMS,6800,481517.014276483,455816.561008813,62.8,HFET
386553:10197,330:330,10/03/24 17:05:50,STABLE BEAMS,6800,481606.294560270,462114.842125191,62.8,HFET
386553:10197,331:331,10/03/24 17:06:13,STABLE BEAMS,6800,481241.972725471,461666.701722138,62.8,HFET
386553:10197,332:332,10/03/24 17:06:37,STABLE BEAMS,6800,480301.072757172,461158.370556483,62.7,HFET
386553:10197,333:333,10/03/24 17:07:00,STABLE BEAMS,6800,479641.314770764,460776.064455642,62.6,HFET
386553:10197,334:334,10/03/24 17:07:23,STABLE BEAMS,6800,478823.253283783,460381.876850715,62.5,HFET
386553:10197,335:335,10/03/24 17:07:47,STABLE BEAMS,6800,478236.567596484,457680.148233733,62.4,HFET
386553:10197,336:336,10/03/24 17:08:10,STABLE BEAMS,6800,477499.000560663,458887.709527973,62.3,HFET
386553:10197,337:337,10/03/24 17:08:33,STABLE BEAMS,6800,475855.089455417,455694.498776438,62.1,HFET
386553:10197,338:338,10/03/24 17:08:57,STABLE BEAMS,6800,478395.645014923,459142.216613714,62.0,HFET
386553:10197,339:339,10/03/24 17:09:20,STABLE BEAMS,6800,479447.089359664,460891.571696945,62.6,HFET
386553:10197,340:340,10/03/24 17:09:43,STABLE BEAMS,6800,478922.415006812,459733.956077912,62.5,HFET
386553:10197,341:341,10/03/24 17:10:06,STABLE BEAMS,6800,478412.034823678,458737.555475758,62.4,HFET
386553:10197,342:342,10/03/24 17:10:30,STABLE BEAMS,6800,478346.610791177,452532.517475606,62.4,HFET
386553:10197,343:343,10/03/24 17:10:53,STABLE BEAMS,6800,477286.061256136,458106.663227056,62.3,HFET
386553:10197,344:344,10/03/24 17:11:16,STABLE BEAMS,6800,476810.784775183,458715.839153988,62.2,HFET
386553:10197,345:345,10/03/24 17:11:40,STABLE BEAMS,6800,476269.175141346,458413.071762366,62.1,HFET
386553:10197,346:346,10/03/24 17:12:03,STABLE BEAMS,6800,475505.838039278,457162.303939145,62.1,HFET
386553:10197,347:347,10/03/24 17:12:26,STABLE BEAMS,6800,483542.229119071,463292.127379592,62.3,HFET
386553:10197,348:348,10/03/24 17:12:50,STABLE BEAMS,6800,483076.468098129,463327.002636139,63.1,HFET
386553:10197,349:349,10/03/24 17:13:13,STABLE BEAMS,6800,482276.570370188,462986.537052627,63.0,HFET
386553:10197,350:350,10/03/24 17:13:36,STABLE BEAMS,6800,481848.008690465,462231.988114263,62.9,HFET
386553:10197,351:351,10/03/24 17:14:00,STABLE BEAMS,6800,481463.108099914,462202.940552480,62.8,HFET
386553:10197,352:352,10/03/24 17:14:23,STABLE BEAMS,6800,482079.794759859,462588.843506530,62.9,HFET
386553:10197,353:353,10/03/24 17:14:46,STABLE BEAMS,6800,481898.728283536,222615.845750964,62.8,HFET
386553:10197,354:354,10/03/24 17:15:10,STABLE BEAMS,6800,482192.206329704,461234.904506282,62.9,HFET
386553:10197,355:355,10/03/24 17:15:33,STABLE BEAMS,6800,482027.072770866,455918.499045628,62.9,HFET
386553:10197,356:356,10/03/24 17:15:56,STABLE BEAMS,6800,482569.822301799,461950.755220334,62.9,HFET
386553:10197,357:357,10/03/24 17:16:19,STABLE BEAMS,6800,481038.276144840,461295.640741114,62.7,HFET
386553:10197,358:358,10/03/24 17:16:43,STABLE BEAMS,6800,481235.371112842,175923.217035080,62.8,HFET
386553:10197,359:359,10/03/24 17:17:06,STABLE BEAMS,6800,480354.978933741,330647.966852283,62.7,HFET
386553:10197,360:360,10/03/24 17:17:29,STABLE BEAMS,6800,480360.944162101,460753.846952123,62.7,HFET
386553:10197,361:361,10/03/24 17:17:53,STABLE BEAMS,6800,479850.200330814,459298.972278559,62.6,HFET
386553:10197,362:362,10/03/24 17:18:16,STABLE BEAMS,6800,477835.503311736,458549.248671460,62.4,HFET
386553:10197,363:363,10/03/24 17:18:39,STABLE BEAMS,6800,478552.629125402,459219.433569340,62.4,HFET
386553:10197,364:364,10/03/24 17:19:03,STABLE BEAMS,6800,479310.138532706,460538.131333810,62.5,HFET
386553:10197,365:365,10/03/24 17:19:26,STABLE BEAMS,6800,479197.272402669,460157.692426371,62.5,HFET
386553:10197,366:366,10/03/24 17:19:49,STABLE BEAMS,6800,479808.268901446,460365.396129922,62.5,HFET
386553:10197,367:367,10/03/24 17:20:13,STABLE BEAMS,6800,477335.142101440,458634.661697001,62.1,HFET
386553:10197,368:368,10/03/24 17:20:36,STABLE BEAMS,6800,482570.596219664,390016.651520340,62.8,HFET
386553:10197,369:369,10/03/24 17:20:59,STABLE BEAMS,6800,481452.499364366,453897.701595671,62.9,HFET
386553:10197,370:370,10/03/24 17:21:23,STABLE BEAMS,6800,480560.132438063,461262.723590008,62.7,HFET
386553:10197,371:371,10/03/24 17:21:46,STABLE BEAMS,6800,480322.518673904,461105.648567490,62.6,HFET
386553:10197,372:372,10/03/24 17:22:09,STABLE BEAMS,6800,480149.144754670,460400.952061217,62.6,HFET
386553:10197,373:373,10/03/24 17:22:32,STABLE BEAMS,6800,479614.362848019,459851.146357464,62.6,HFET
386553:10197,374:374,10/03/24 17:22:56,STABLE BEAMS,6800,479708.605996667,460861.659305260,62.5,HFET
386553:10197,375:375,10/03/24 17:23:19,STABLE BEAMS,6800,479672.956822256,459393.628027996,62.6,HFET
386553:10197,376:376,10/03/24 17:23:42,STABLE BEAMS,6800,479606.530426256,459854.834122711,62.5,HFET
386553:10197,377:377,10/03/24 17:24:06,STABLE BEAMS,6800,480522.935427922,256352.667720079,62.6,HFET
386553:10197,378:378,10/03/24 17:24:29,STABLE BEAMS,6800,480159.569335064,460817.450412779,62.7,HFET
386553:10197,379:379,10/03/24 17:24:52,STABLE BEAMS,6800,479744.119968560,459034.858820769,62.6,HFET
386553:10197,380:380,10/03/24 17:25:16,STABLE BEAMS,6800,480037.369569093,461022.011823313,62.6,HFET
386553:10197,381:381,10/03/24 17:25:39,STABLE BEAMS,6800,479597.425235956,460670.939835330,62.6,HFET
386553:10197,382:382,10/03/24 17:26:02,STABLE BEAMS,6800,478912.717722724,452804.188287966,62.5,HFET
386553:10197,383:383,10/03/24 17:26:26,STABLE BEAMS,6800,478946.634906252,460132.605365950,62.4,HFET
386553:10197,384:384,10/03/24 17:26:49,STABLE BEAMS,6800,478843.559303419,460095.226531733,62.4,HFET
386553:10197,385:385,10/03/24 17:27:12,STABLE BEAMS,6800,478448.276091877,459049.246233602,62.4,HFET
386553:10197,386:386,10/03/24 17:27:35,STABLE BEAMS,6800,478334.999692129,457583.853736528,62.3,HFET
386553:10197,387:387,10/03/24 17:27:59,STABLE BEAMS,6800,477592.651615523,457809.541706121,62.3,HFET
386553:10197,388:388,10/03/24 17:28:22,STABLE BEAMS,6800,477231.061804030,458259.684505095,62.2,HFET
386553:10197,389:389,10/03/24 17:28:45,STABLE BEAMS,6800,476789.296899049,457635.027889791,62.2,HFET
386553:10197,390:390,10/03/24 17:29:09,STABLE BEAMS,6800,476176.249051715,457194.309638790,62.1,HFET
386553:10197,391:391,10/03/24 17:29:32,STABLE BEAMS,6800,476328.818100641,455023.994520886,62.1,HFET
386553:10197,392:392,10/03/24 17:29:55,STABLE BEAMS,6800,476069.301528480,456766.020695181,62.1,HFET
386553:10197,393:393,10/03/24 17:30:19,STABLE BEAMS,6800,474692.282525888,455406.526736284,62.1,HFET
386553:10197,394:394,10/03/24 17:30:42,STABLE BEAMS,6800,479365.410720927,459755.171217932,61.7,HFET
386553:10197,395:395,10/03/24 17:31:05,STABLE BEAMS,6800,480438.571387438,454004.238849194,62.7,HFET
386553:10197,396:396,10/03/24 17:31:29,STABLE BEAMS,6800,479764.789636350,458611.166762790,62.6,HFET
386553:10197,397:397,10/03/24 17:31:52,STABLE BEAMS,6800,480012.786021500,338208.011486364,62.6,HFET
386553:10197,398:398,10/03/24 17:32:15,STABLE BEAMS,6800,480388.625712231,460946.116588860,62.7,HFET
386553:10197,399:399,10/03/24 17:32:39,STABLE BEAMS,6800,480450.909782793,461323.732560955,62.6,HFET
386553:10197,400:400,10/03/24 17:33:02,STABLE BEAMS,6800,480296.203135427,461551.604750546,62.7,HFET
386553:10197,401:401,10/03/24 17:33:25,STABLE BEAMS,6800,479465.938455609,459861.983538648,62.6,HFET
386553:10197,402:402,10/03/24 17:33:48,STABLE BEAMS,6800,479214.708865404,460522.014261170,62.5,HFET
386553:10197,403:403,10/03/24 17:34:12,STABLE BEAMS,6800,477994.126169983,457646.137807090,62.4,HFET
386553:10197,404:404,10/03/24 17:34:35,STABLE BEAMS,6800,477844.335765921,459794.508157590,62.3,HFET
386553:10197,405:405,10/03/24 17:34:58,STABLE BEAMS,6800,477865.005433710,459373.002650687,62.4,HFET
386553:10197,406:406,10/03/24 17:35:22,STABLE BEAMS,6800,477717.401580723,459307.531996628,62.3,HFET
386553:10197,407:407,10/03/24 17:35:45,STABLE BEAMS,6800,477401.158227729,459301.657680306,62.3,HFET
386553:10197,408:408,10/03/24 17:36:08,STABLE BEAMS,6800,476437.812310276,450923.481626906,62.2,HFET
386553:10197,409:409,10/03/24 17:36:32,STABLE BEAMS,6800,475673.018284517,456462.887324328,62.1,HFET
386553:10197,410:410,10/03/24 17:36:55,STABLE BEAMS,6800,482764.914873880,462222.015762982,62.0,HFET
386553:10197,411:411,10/03/24 17:37:18,STABLE BEAMS,6800,487328.181698303,464212.903152332,63.6,HFET
386553:10197,412:412,10/03/24 17:37:42,STABLE BEAMS,6800,487225.831060699,465503.875076192,63.5,HFET
386553:10197,413:413,10/03/24 17:38:05,STABLE BEAMS,6800,487419.921269281,465785.515908755,63.6,HFET
386553:10197,414:414,10/03/24 17:38:28,STABLE BEAMS,6800,486673.293333640,464983.660075373,63.5,HFET
386553:10197,415:415,10/03/24 17:38:52,STABLE BEAMS,6800,486973.738971668,465784.786281370,63.5,HFET
386553:10197,416:416,10/03/24 17:39:15,STABLE BEAMS,6800,486292.672602125,465089.241586955,63.5,HFET
386553:10197,417:417,10/03/24 17:39:38,STABLE BEAMS,6800,485604.002256453,464731.295250228,63.4,HFET
386553:10197,418:418,10/03/24 17:40:01,STABLE BEAMS,6800,485699.522835794,463469.461800188,63.3,HFET
386553:10197,419:419,10/03/24 17:40:25,STABLE BEAMS,6800,485989.222204677,464961.671017489,63.3,HFET
386553:10197,420:420,10/03/24 17:40:48,STABLE BEAMS,6800,486641.378546034,464840.972465690,63.4,HFET
386553:10197,421:421,10/03/24 17:41:11,STABLE BEAMS,6800,486601.493803068,456983.738709415,63.5,HFET
386553:10197,422:422,10/03/24 17:41:35,STABLE BEAMS,6800,485738.540417779,464385.365620105,63.4,HFET
386553:10197,423:423,10/03/24 17:41:58,STABLE BEAMS,6800,485663.053121960,465026.913225913,63.3,HFET
386553:10197,424:424,10/03/24 17:42:21,STABLE BEAMS,6800,485365.066771122,464368.975811350,63.3,HFET
386553:10197,425:425,10/03/24 17:42:45,STABLE BEAMS,6800,484852.458077510,463116.613530841,63.3,HFET
386553:10197,426:426,10/03/24 17:43:08,STABLE BEAMS,6800,485112.655324419,464729.155320711,63.3,HFET
386553:10197,427:427,10/03/24 17:43:31,STABLE BEAMS,6800,485116.114644031,464820.850601208,63.3,HFET
386553:10197,428:428,10/03/24 17:43:55,STABLE BEAMS,6800,484425.033963804,463699.702364931,63.2,HFET
386553:10197,429:429,10/03/24 17:44:18,STABLE BEAMS,6800,484263.177900502,464252.650361701,63.2,HFET
386553:10197,430:430,10/03/24 17:44:41,STABLE BEAMS,6800,482897.585841803,462060.071118720,63.1,HFET
386553:10197,431:431,10/03/24 17:45:04,STABLE BEAMS,6800,488248.046019581,466572.527438033,63.1,HFET
386553:10197,432:432,10/03/24 17:45:28,STABLE BEAMS,6800,482002.169865600,462687.184690137,63.1,HFET
386553:10197,433:433,10/03/24 17:45:51,STABLE BEAMS,6800,481154.876661681,461119.262062459,62.8,HFET
386553:10197,434:434,10/03/24 17:46:14,STABLE BEAMS,6800,481481.409392552,454971.818004123,62.7,HFET
386553:10197,435:435,10/03/24 17:46:38,STABLE BEAMS,6800,490313.781989403,466600.572636316,64.0,HFET
386553:10197,436:436,10/03/24 17:47:01,STABLE BEAMS,6800,489878.935723646,467493.440744369,63.9,HFET
386553:10197,437:437,10/03/24 17:47:24,STABLE BEAMS,6800,490075.620421937,466394.782747726,63.9,HFET
386553:10197,438:438,10/03/24 17:47:48,STABLE BEAMS,6800,488852.534148845,466978.326142008,63.9,HFET
386553:10197,439:439,10/03/24 17:48:11,STABLE BEAMS,6800,487866.422924566,465733.884864222,63.6,HFET
386553:10197,440:440,10/03/24 17:48:34,STABLE BEAMS,6800,488073.807270444,466513.886842238,63.7,HFET
386553:10197,441:441,10/03/24 17:48:58,STABLE BEAMS,6800,487418.329143071,466167.912921634,63.6,HFET
386553:10197,442:442,10/03/24 17:49:21,STABLE BEAMS,6800,487089.290503452,464637.504330693,63.6,HFET
386553:10197,443:443,10/03/24 17:49:44,STABLE BEAMS,6800,486041.216897363,353580.652065903,63.5,HFET
386553:10197,444:444,10/03/24 17:50:08,STABLE BEAMS,6800,485883.139511345,462841.756134984,63.3,HFET
386553:10197,445:445,10/03/24 17:50:31,STABLE BEAMS,6800,486197.242934823,465541.072086333,63.4,HFET
386553:10197,446:446,10/03/24 17:50:54,STABLE BEAMS,6800,485999.010400803,464880.218493309,63.4,HFET
386553:10197,447:447,10/03/24 17:51:17,STABLE BEAMS,6800,485554.968032708,465139.506619835,63.4,HFET
386553:10197,448:448,10/03/24 17:51:41,STABLE BEAMS,6800,485733.624174476,458787.090881253,63.3,HFET
386553:10197,449:449,10/03/24 17:52:04,STABLE BEAMS,6800,484566.080494643,463994.273686637,63.3,HFET
386553:10197,450:450,10/03/24 17:52:27,STABLE BEAMS,6800,482899.543947244,463022.731699268,63.1,HFET
386553:10197,451:451,10/03/24 17:52:51,STABLE BEAMS,6800,492383.114812434,469222.853456117,63.0,HFET
386553:10197,452:452,10/03/24 17:53:14,STABLE BEAMS,6800,493682.916859401,469060.771278258,64.4,HFET
386553:10197,453:453,10/03/24 17:53:37,STABLE BEAMS,6800,492457.872480869,360635.622050163,64.3,HFET
386553:10197,454:454,10/03/24 17:54:01,STABLE BEAMS,6800,491904.971105657,467847.881139925,64.2,HFET
386553:10197,455:455,10/03/24 17:54:24,STABLE BEAMS,6800,490969.989744161,466787.331604885,64.1,HFET
386553:10197,456:456,10/03/24 17:54:47,STABLE BEAMS,6800,491210.563977259,467461.614537722,64.0,HFET
386553:10197,457:457,10/03/24 17:55:11,STABLE BEAMS,6800,490992.435693314,468078.441062342,64.1,HFET
386553:10197,458:458,10/03/24 17:55:34,STABLE BEAMS,6800,490564.009216109,466585.686372811,64.0,HFET
386553:10197,459:459,10/03/24 17:55:57,STABLE BEAMS,6800,490152.518019889,467623.242155390,64.0,HFET
386553:10197,460:460,10/03/24 17:56:21,STABLE BEAMS,6800,489588.779463494,467893.866313771,63.9,HFET
386553:10197,461:461,10/03/24 17:56:44,STABLE BEAMS,6800,489562.009364825,459679.229361921,63.8,HFET
386553:10197,462:462,10/03/24 17:57:07,STABLE BEAMS,6800,490013.975066722,468227.592751058,63.9,HFET
386553:10197,463:463,10/03/24 17:57:30,STABLE BEAMS,6800,489213.074975282,458520.520467350,63.9,HFET
386553:10197,464:464,10/03/24 17:57:54,STABLE BEAMS,6800,488786.925961190,466976.414658125,63.8,HFET
386553:10197,465:465,10/03/24 17:58:17,STABLE BEAMS,6800,488206.296414291,466903.612764053,63.7,HFET
386553:10197,466:466,10/03/24 17:58:40,STABLE BEAMS,6800,488044.167614874,466286.287388762,63.7,HFET
386553:10197,467:467,10/03/24 17:59:04,STABLE BEAMS,6800,487590.973434921,466296.485854600,63.6,HFET
386553:10197,468:468,10/03/24 17:59:27,STABLE BEAMS,6800,487979.244764123,466653.021889194,63.7,HFET
386553:10197,469:469,10/03/24 17:59:50,STABLE BEAMS,6800,487163.957259849,466579.765434930,63.6,HFET
386553:10197,470:470,10/03/24 18:00:14,STABLE BEAMS,6800,486165.509971293,466271.489706217,63.5,HFET
386553:10197,471:471,10/03/24 18:00:37,STABLE BEAMS,6800,485263.629916057,465631.308112061,63.3,HFET
386553:10197,472:472,10/03/24 18:01:00,STABLE BEAMS,6800,484774.238758385,464551.636744960,63.2,HFET
386553:10197,473:473,10/03/24 18:01:24,STABLE BEAMS,6800,484640.292690848,465159.038721606,63.2,HFET
386553:10197,474:474,10/03/24 18:01:47,STABLE BEAMS,6800,484426.581799534,457918.629158873,63.2,HFET
386553:10197,475:475,10/03/24 18:02:10,STABLE BEAMS,6800,484804.242062109,463618.114638233,63.2,HFET
386553:10197,476:476,10/03/24 18:02:33,STABLE BEAMS,6800,484685.548237308,464621.296346015,63.2,HFET
386553:10197,477:477,10/03/24 18:02:57,STABLE BEAMS,6800,484240.778572907,464929.208426575,63.2,HFET
386553:10197,478:478,10/03/24 18:03:20,STABLE BEAMS,6800,483822.914209692,463281.928913755,63.0,HFET
386553:10197,479:479,10/03/24 18:03:43,STABLE BEAMS,6800,483994.148199409,464620.158779997,63.1,HFET
386553:10197,480:480,10/03/24 18:04:07,STABLE BEAMS,6800,484036.900168199,464531.104610767,63.1,HFET
386553:10197,481:481,10/03/24 18:04:30,STABLE BEAMS,6800,484041.543675387,464408.359372566,63.1,HFET
386553:10197,482:482,10/03/24 18:04:53,STABLE BEAMS,6800,483113.802641866,461647.351444443,63.1,HFET
386553:10197,483:483,10/03/24 18:05:17,STABLE BEAMS,6800,487469.638498853,466579.266584258,63.0,HFET
386553:10197,484:484,10/03/24 18:05:40,STABLE BEAMS,6800,491252.131758473,469273.435515592,64.1,HFET
386553:10197,485:485,10/03/24 18:06:03,STABLE BEAMS,6800,490951.867944522,359568.813570945,64.0,HFET
386553:10197,486:486,10/03/24 18:06:27,STABLE BEAMS,6800,490822.702917769,467821.157662815,64.1,HFET
386553:10197,487:487,10/03/24 18:06:50,STABLE BEAMS,6800,491469.532746112,461907.229333679,64.0,HFET
386553:10197,488:488,10/03/24 18:07:13,STABLE BEAMS,6800,490925.552406045,468334.859631965,64.1,HFET
386553:10197,489:489,10/03/24 18:07:37,STABLE BEAMS,6800,490724.953827951,467911.440310101,64.0,HFET
386553:10197,490:490,10/03/24 18:08:00,STABLE BEAMS,6800,490221.949175310,466428.473816696,64.0,HFET
386553:10197,491:491,10/03/24 18:08:23,STABLE BEAMS,6800,489572.890836489,468126.519544146,63.9,HFET
386553:10197,492:492,10/03/24 18:08:46,STABLE BEAMS,6800,489086.049878046,466464.896908972,63.8,HFET
386553:10197,493:493,10/03/24 18:09:10,STABLE BEAMS,6800,488636.270727225,467516.021896041,63.8,HFET
386553:10197,494:494,10/03/24 18:09:33,STABLE BEAMS,6800,488230.061753539,466866.553287509,63.7,HFET
386553:10197,495:495,10/03/24 18:09:56,STABLE BEAMS,6800,488098.302237077,465976.508114800,63.7,HFET
386553:10197,496:496,10/03/24 18:10:20,STABLE BEAMS,6800,487415.641410246,466086.507019013,63.6,HFET
386553:10197,497:497,10/03/24 18:10:43,STABLE BEAMS,6800,486770.634484825,465359.273651548,63.5,HFET
386553:10197,498:498,10/03/24 18:11:06,STABLE BEAMS,6800,486747.004348096,465930.296826398,63.5,HFET
386553:10197,499:499,10/03/24 18:11:30,STABLE BEAMS,6800,486111.923152397,465177.615081437,63.4,HFET
386553:10197,500:500,10/03/24 18:11:53,STABLE BEAMS,6800,485932.721538399,458349.878571422,63.4,HFET
386553:10197,501:501,10/03/24 18:12:16,STABLE BEAMS,6800,485486.583531267,465318.479788198,63.3,HFET
386553:10197,502:502,10/03/24 18:12:40,STABLE BEAMS,6800,484350.364876330,463987.352716335,63.3,HFET
386553:10197,503:503,10/03/24 18:13:03,STABLE BEAMS,6800,483734.041864539,464113.832341341,63.1,HFET
386553:10197,504:504,10/03/24 18:13:26,STABLE BEAMS,6800,484743.006976605,464340.065783164,63.0,HFET
386553:10197,505:505,10/03/24 18:13:49,STABLE BEAMS,6800,491237.881879236,468564.778507957,64.1,HFET
386553:10197,506:506,10/03/24 18:14:13,STABLE BEAMS,6800,491073.340414186,467464.894364336,64.0,HFET
386553:10197,507:507,10/03/24 18:14:36,STABLE BEAMS,6800,490998.307678559,468196.768907911,64.0,HFET
386553:10197,508:508,10/03/24 18:14:59,STABLE BEAMS,6800,490836.680060891,467639.042201435,64.0,HFET
386553:10197,509:509,10/03/24 18:15:23,STABLE BEAMS,6800,490843.237383040,467955.329844909,64.0,HFET
386553:10197,510:510,10/03/24 18:15:46,STABLE BEAMS,6800,490340.918067303,468494.983704383,64.0,HFET
386553:10197,511:511,10/03/24 18:16:09,STABLE BEAMS,6800,489810.642134244,465226.376569067,63.9,HFET
386553:10197,512:512,10/03/24 18:16:33,STABLE BEAMS,6800,489514.203619136,467892.728747753,63.8,HFET
386553:10197,513:513,10/03/24 18:16:56,STABLE BEAMS,6800,489114.232609925,461179.133467389,63.8,HFET
386553:10197,514:514,10/03/24 18:17:19,STABLE BEAMS,6800,488630.398741981,466720.268824616,63.8,HFET
386553:10197,515:515,10/03/24 18:17:43,STABLE BEAMS,6800,488611.274578843,462181.632169345,63.8,HFET
386553:10197,516:516,10/03/24 18:18:06,STABLE BEAMS,6800,487801.362540219,466909.030189106,63.7,HFET
386553:10197,517:517,10/03/24 18:18:29,STABLE BEAMS,6800,487507.427602782,464363.239028624,63.6,HFET
386553:10197,518:518,10/03/24 18:18:53,STABLE BEAMS,6800,487425.795585603,465696.962921274,63.6,HFET
386553:10197,519:519,10/03/24 18:19:16,STABLE BEAMS,6800,486910.044598974,465806.048042948,63.6,HFET
386553:10197,520:520,10/03/24 18:19:39,STABLE BEAMS,6800,486811.428348175,466232.518745790,63.5,HFET
386553:10197,521:521,10/03/24 18:20:02,STABLE BEAMS,6800,486702.159071346,466410.855529885,63.5,HFET
386553:10197,522:522,10/03/24 18:20:26,STABLE BEAMS,6800,485752.244824786,465911.494352011,63.4,HFET
386553:10197,523:523,10/03/24 18:20:49,STABLE BEAMS,6800,485676.212056737,465298.674950312,63.4,HFET
386553:10197,524:524,10/03/24 18:21:12,STABLE BEAMS,6800,485230.575231355,463679.669081410,63.3,HFET
386553:10197,525:525,10/03/24 18:21:36,STABLE BEAMS,6800,485050.508787453,464628.445761952,63.3,HFET
386553:10197,526:526,10/03/24 18:21:59,STABLE BEAMS,6800,485251.974526529,457697.085845796,63.3,HFET
386553:10197,527:527,10/03/24 18:22:22,STABLE BEAMS,6800,484615.343164023,464548.997964771,63.2,HFET
386553:10197,528:528,10/03/24 18:22:46,STABLE BEAMS,6800,484476.982034932,462687.275602175,63.2,HFET
386553:10197,529:529,10/03/24 18:23:09,STABLE BEAMS,6800,484322.457211643,463548.774394851,63.1,HFET
386553:10197,530:530,10/03/24 18:23:32,STABLE BEAMS,6800,483718.150906456,464572.308743828,63.1,HFET
386553:10197,531:531,10/03/24 18:23:56,STABLE BEAMS,6800,483726.757246083,464501.374043158,63.1,HFET
386553:10197,532:532,10/03/24 18:24:19,STABLE BEAMS,6800,483375.911372657,463580.551648861,63.1,HFET
386553:10197,533:533,10/03/24 18:24:42,STABLE BEAMS,6800,482758.404173290,462382.142166479,63.0,HFET
386553:10197,534:534,10/03/24 18:25:06,STABLE BEAMS,6800,482447.850981463,462135.101523270,62.9,HFET
386553:10197,535:535,10/03/24 18:25:29,STABLE BEAMS,6800,481816.457551011,462988.996339817,62.9,HFET
386553:10197,536:536,10/03/24 18:25:52,STABLE BEAMS,6800,488244.449166373,467617.095102953,63.2,HFET
386553:10197,537:537,10/03/24 18:26:15,STABLE BEAMS,6800,486417.012297613,465936.215433201,63.6,HFET
386553:10197,538:538,10/03/24 18:26:39,STABLE BEAMS,6800,485596.400611403,465589.013034541,63.4,HFET
386553:10197,539:539,10/03/24 18:27:02,STABLE BEAMS,6800,485254.340570603,457712.291466975,63.3,HFET
386553:10197,540:540,10/03/24 18:27:25,STABLE BEAMS,6800,485309.703670863,465288.567396513,63.3,HFET
386553:10197,541:541,10/03/24 18:27:49,STABLE BEAMS,6800,484977.389866786,462835.245434393,63.2,HFET
386553:10197,542:542,10/03/24 18:28:12,STABLE BEAMS,6800,484706.402060252,464992.767596751,63.2,HFET
386553:10197,543:543,10/03/24 18:28:35,STABLE BEAMS,6800,484808.477630664,465072.215393932,63.2,HFET
386553:10197,544:544,10/03/24 18:28:59,STABLE BEAMS,6800,485112.382588304,464639.098787981,63.3,HFET
386553:10197,545:545,10/03/24 18:29:22,STABLE BEAMS,6800,484749.652879714,465042.303002246,63.2,HFET
386553:10197,546:546,10/03/24 18:29:45,STABLE BEAMS,6800,483863.798985080,464127.264012233,63.1,HFET
386553:10197,547:547,10/03/24 18:30:09,STABLE BEAMS,6800,483442.109323022,462936.456174901,63.1,HFET
386553:10197,548:548,10/03/24 18:30:32,STABLE BEAMS,6800,483605.193864381,462855.187805876,63.1,HFET
386553:10197,549:549,10/03/24 18:30:55,STABLE BEAMS,6800,486949.882720382,466920.732200192,63.0,HFET
386553:10197,550:550,10/03/24 18:31:18,STABLE BEAMS,6800,493659.834525979,469704.092834352,64.3,HFET
386553:10197,551:551,10/03/24 18:31:42,STABLE BEAMS,6800,493278.393255041,461632.281025783,64.4,HFET
386553:10197,552:552,10/03/24 18:32:05,STABLE BEAMS,6800,492966.520673119,469321.742443031,64.5,HFET
386553:10197,553:553,10/03/24 18:32:28,STABLE BEAMS,6800,493245.795461608,469745.115143336,64.3,HFET
386553:10197,554:554,10/03/24 18:32:52,STABLE BEAMS,6800,492611.851831928,468901.512035742,64.3,HFET
386553:10197,555:555,10/03/24 18:33:15,STABLE BEAMS,6800,491641.403120097,469579.981584499,64.3,HFET
386553:10197,556:556,10/03/24 18:33:38,STABLE BEAMS,6800,491920.586996547,467886.036223085,64.1,HFET
386553:10197,557:557,10/03/24 18:34:02,STABLE BEAMS,6800,491964.886801066,469849.330643265,64.2,HFET
386553:10197,558:558,10/03/24 18:34:25,STABLE BEAMS,6800,491479.866414468,360165.126609995,64.1,HFET
386553:10197,559:559,10/03/24 18:34:48,STABLE BEAMS,6800,492717.706079624,469671.676864996,64.0,HFET
386553:10197,560:560,10/03/24 18:35:12,STABLE BEAMS,6800,493956.363953126,469897.455746628,64.5,HFET
386553:10197,561:561,10/03/24 18:35:35,STABLE BEAMS,6800,493043.828540783,470440.023453484,64.4,HFET
386553:10197,562:562,10/03/24 18:35:58,STABLE BEAMS,6800,491626.197498918,468154.382918352,64.2,HFET
386553:10197,563:563,10/03/24 18:36:22,STABLE BEAMS,6800,489363.366561094,467836.043926320,63.9,HFET
386553:10197,564:564,10/03/24 18:36:45,STABLE BEAMS,6800,488330.316752106,394991.635655540,63.7,HFET
386553:10197,565:565,10/03/24 18:37:08,STABLE BEAMS,6800,487927.478517072,456147.145153083,63.7,HFET
386553:10197,566:566,10/03/24 18:37:31,STABLE BEAMS,6800,487830.501014040,465922.511026193,63.6,HFET
386553:10197,567:567,10/03/24 18:37:55,STABLE BEAMS,6800,487239.444555668,466539.701198965,63.6,HFET
386553:10197,568:568,10/03/24 18:38:18,STABLE BEAMS,6800,486844.573944915,465271.632115528,63.5,HFET
386553:10197,569:569,10/03/24 18:38:41,STABLE BEAMS,6800,486517.358208219,465705.611220304,63.5,HFET
386553:10197,570:570,10/03/24 18:39:05,STABLE BEAMS,6800,486798.134210879,466753.367799799,63.5,HFET
386553:10197,571:571,10/03/24 18:39:28,STABLE BEAMS,6800,486331.736805668,464476.834786045,63.5,HFET
386553:10197,572:572,10/03/24 18:39:51,STABLE BEAMS,6800,486248.873979355,466027.547065545,63.4,HFET
386553:10197,573:573,10/03/24 18:40:15,STABLE BEAMS,6800,485594.032236251,466026.954971757,63.4,HFET
386553:10197,574:574,10/03/24 18:40:38,STABLE BEAMS,6800,484647.759133379,464136.823762724,63.3,HFET
386553:10197,575:575,10/03/24 18:41:01,STABLE BEAMS,6800,484879.594155410,463979.112355938,63.2,HFET
386553:10197,576:576,10/03/24 18:41:25,STABLE BEAMS,6800,485217.644742212,465519.535257562,63.3,HFET
386553:10197,577:577,10/03/24 18:41:48,STABLE BEAMS,6800,484604.051422648,465319.845799851,63.2,HFET
386553:10197,578:578,10/03/24 18:42:11,STABLE BEAMS,6800,484759.396785360,458642.445166128,63.2,HFET
386553:10197,579:579,10/03/24 18:42:35,STABLE BEAMS,6800,483753.026163002,464502.784345291,63.2,HFET
386553:10197,580:580,10/03/24 18:42:58,STABLE BEAMS,6800,486425.662927721,465725.052410038,63.0,HFET
386553:10197,581:581,10/03/24 18:43:21,STABLE BEAMS,6800,491613.768191525,468606.120174614,64.2,HFET
386553:10197,582:582,10/03/24 18:43:44,STABLE BEAMS,6800,491518.657881896,469577.750742943,64.1,HFET
386553:10197,583:583,10/03/24 18:44:08,STABLE BEAMS,6800,491878.154385430,468315.462732712,64.1,HFET
386553:10197,584:584,10/03/24 18:44:31,STABLE BEAMS,6800,492122.097026103,469900.642330125,64.2,HFET
386553:10197,585:585,10/03/24 18:44:54,STABLE BEAMS,6800,491290.240220075,469095.919270919,64.1,HFET
386553:10197,586:586,10/03/24 18:45:18,STABLE BEAMS,6800,490764.882861397,469061.864553795,64.0,HFET
386553:10197,587:587,10/03/24 18:45:41,STABLE BEAMS,6800,490030.001227323,467514.975242061,64.0,HFET
386553:10197,588:588,10/03/24 18:46:04,STABLE BEAMS,6800,489341.922975439,234104.393972796,63.8,HFET
386553:10197,589:589,10/03/24 18:46:28,STABLE BEAMS,6800,489843.969555061,467419.454662720,63.8,HFET
386553:10197,590:590,10/03/24 18:46:51,STABLE BEAMS,6800,489149.289690549,466961.162415388,63.9,HFET
386553:10197,591:591,10/03/24 18:47:14,STABLE BEAMS,6800,488904.664044050,460662.107381145,63.7,HFET
386553:10197,592:592,10/03/24 18:47:38,STABLE BEAMS,6800,489336.323726310,467633.487242785,63.8,HFET
386553:10197,593:593,10/03/24 18:48:01,STABLE BEAMS,6800,488679.978437956,467732.693256295,63.8,HFET
386553:10197,594:594,10/03/24 18:48:24,STABLE BEAMS,6800,488424.242874159,465246.454143069,63.7,HFET
386553:10197,595:595,10/03/24 18:48:47,STABLE BEAMS,6800,487648.886734409,467468.125238313,63.6,HFET
386553:10197,596:596,10/03/24 18:49:11,STABLE BEAMS,6800,487203.296530585,300699.284945907,63.6,HFET
386553:10197,597:597,10/03/24 18:49:34,STABLE BEAMS,6800,486382.500689220,378089.066687107,63.5,HFET
386553:10197,598:598,10/03/24 18:49:57,STABLE BEAMS,6800,485834.333733235,466447.050176527,63.4,HFET
386553:10197,599:599,10/03/24 18:50:21,STABLE BEAMS,6800,485218.099302404,464387.596461660,63.3,HFET
386553:10197,600:600,10/03/24 18:50:44,STABLE BEAMS,6800,485501.609659447,466060.009656459,63.3,HFET
386553:10197,601:601,10/03/24 18:51:07,STABLE BEAMS,6800,485215.504812695,465260.522198230,63.3,HFET
386553:10197,602:602,10/03/24 18:51:31,STABLE BEAMS,6800,484464.415193943,464769.401380752,63.2,HFET
386553:10197,603:603,10/03/24 18:51:54,STABLE BEAMS,6800,483904.000754641,464381.815388454,63.2,HFET
386553:10197,604:604,10/03/24 18:52:17,STABLE BEAMS,6800,483098.184419898,457479.593946119,63.1,HFET
386553:10197,605:605,10/03/24 18:52:41,STABLE BEAMS,6800,490013.201148857,467068.200850661,62.9,HFET
386553:10197,606:606,10/03/24 18:53:04,STABLE BEAMS,6800,492049.159929512,467639.224025511,64.2,HFET
386553:10197,607:607,10/03/24 18:53:27,STABLE BEAMS,6800,491767.428184911,469800.205507481,64.1,HFET
386553:10197,608:608,10/03/24 18:53:51,STABLE BEAMS,6800,491782.542894051,470012.552718220,64.2,HFET
386553:10197,609:609,10/03/24 18:54:14,STABLE BEAMS,6800,491604.980027821,469197.857307734,64.1,HFET
386553:10197,610:610,10/03/24 18:54:37,STABLE BEAMS,6800,491164.443600896,468646.275322617,64.1,HFET
386553:10197,611:611,10/03/24 18:55:00,STABLE BEAMS,6800,490751.222744870,468390.176110667,64.0,HFET
386553:10197,612:612,10/03/24 18:55:24,STABLE BEAMS,6800,489847.293672155,466619.377441781,63.9,HFET
386553:10197,613:613,10/03/24 18:55:47,STABLE BEAMS,6800,489484.974233277,468315.008172520,63.8,HFET
386553:10197,614:614,10/03/24 18:56:10,STABLE BEAMS,6800,489135.722817138,467565.237943863,63.9,HFET
386553:10197,615:615,10/03/24 18:56:34,STABLE BEAMS,6800,488137.410731100,467213.893219765,63.7,HFET
386553:10197,616:616,10/03/24 18:56:57,STABLE BEAMS,6800,488274.909361366,466685.985661858,63.7,HFET
386553:10197,617:617,10/03/24 18:57:20,STABLE BEAMS,6800,487946.735551650,458881.655718652,63.7,HFET
386553:10197,618:618,10/03/24 18:57:44,STABLE BEAMS,6800,487309.696250511,465269.536476491,63.6,HFET
386553:10197,619:619,10/03/24 18:58:07,STABLE BEAMS,6800,486612.058248136,466474.866929175,63.5,HFET
386553:10197,620:620,10/03/24 18:58:30,STABLE BEAMS,6800,486180.216741800,465321.757283734,63.4,HFET
386553:10197,621:621,10/03/24 18:58:54,STABLE BEAMS,6800,485784.889239777,464469.275100397,63.4,HFET
386553:10197,622:622,10/03/24 18:59:17,STABLE BEAMS,6800,485168.246870313,464613.102607177,63.3,HFET
386553:10197,623:623,10/03/24 18:59:40,STABLE BEAMS,6800,483910.921724943,464134.502009130,63.2,HFET
386553:10197,624:624,10/03/24 19:00:03,STABLE BEAMS,6800,483923.714680489,463985.259408376,63.1,HFET
386553:10197,625:625,10/03/24 19:00:27,STABLE BEAMS,6800,483735.316964153,463700.611485314,63.1,HFET
386553:10197,626:626,10/03/24 19:00:50,STABLE BEAMS,6800,483777.157481482,464256.701775101,63.1,HFET
386553:10197,627:627,10/03/24 19:01:13,STABLE BEAMS,6800,484306.111693369,465190.317124945,63.1,HFET
386553:10197,628:628,10/03/24 19:01:37,STABLE BEAMS,6800,483894.576206668,464340.657876952,63.2,HFET
386553:10197,629:629,10/03/24 19:02:00,STABLE BEAMS,6800,483382.058425094,463488.129072057,63.1,HFET
386553:10197,630:630,10/03/24 19:02:23,STABLE BEAMS,6800,488274.909361366,460594.042237377,63.0,HFET
386553:10197,631:631,10/03/24 19:02:47,STABLE BEAMS,6800,491279.904220642,467006.417961849,64.2,HFET
386553:10197,632:632,10/03/24 19:03:10,STABLE BEAMS,6800,490874.970346570,467388.176259382,64.0,HFET
386553:10197,633:633,10/03/24 19:03:33,STABLE BEAMS,6800,490166.723608646,467271.713276137,64.0,HFET
386553:10197,634:634,10/03/24 19:03:57,STABLE BEAMS,6800,489789.834932858,465467.449652838,63.9,HFET
386553:10197,635:635,10/03/24 19:04:20,STABLE BEAMS,6800,489486.932338717,467143.869970557,63.9,HFET
386553:10197,636:636,10/03/24 19:04:43,STABLE BEAMS,6800,489299.534654803,467582.222177484,63.8,HFET
386553:10197,637:637,10/03/24 19:05:07,STABLE BEAMS,6800,489135.585283541,467677.558601670,63.8,HFET
386553:10197,638:638,10/03/24 19:05:30,STABLE BEAMS,6800,489243.353346198,468409.207030688,63.8,HFET
386553:10197,639:639,10/03/24 19:05:53,STABLE BEAMS,6800,488886.407041893,468412.258411667,63.8,HFET
386553:10197,640:640,10/03/24 19:06:16,STABLE BEAMS,6800,488522.859124958,467614.181255571,63.7,HFET
386553:10197,641:641,10/03/24 19:06:40,STABLE BEAMS,6800,488471.183789946,466770.759972053,63.7,HFET
386553:10197,642:642,10/03/24 19:07:03,STABLE BEAMS,6800,487751.964668320,467507.417887491,63.7,HFET
386553:10197,643:643,10/03/24 19:07:26,STABLE BEAMS,6800,487315.069385084,460387.431809364,63.5,HFET
386553:10197,644:644,10/03/24 19:07:50,STABLE BEAMS,6800,487286.476383493,467301.126817151,63.6,HFET
386553:10197,645:645,10/03/24 19:08:13,STABLE BEAMS,6800,486837.198414422,466443.043053607,63.5,HFET
386553:10197,646:646,10/03/24 19:08:36,STABLE BEAMS,6800,486534.431022800,465554.457135667,63.5,HFET
386553:10197,647:647,10/03/24 19:09:00,STABLE BEAMS,6800,486470.645738067,466933.023973989,63.5,HFET
386553:10197,648:648,10/03/24 19:09:23,STABLE BEAMS,6800,485808.519376507,464557.648594879,63.4,HFET
386553:10197,649:649,10/03/24 19:09:46,STABLE BEAMS,6800,485756.161035668,465972.321498881,63.4,HFET
386553:10197,650:650,10/03/24 19:10:10,STABLE BEAMS,6800,485108.739113537,465405.121291796,63.3,HFET
386553:10197,651:651,10/03/24 19:10:33,STABLE BEAMS,6800,484888.470900075,465366.831006118,63.2,HFET
386553:10197,652:652,10/03/24 19:10:56,STABLE BEAMS,6800,484655.773379219,464314.978722743,63.2,HFET
386553:10197,653:653,10/03/24 19:11:20,STABLE BEAMS,6800,484753.615712154,465032.013624371,63.2,HFET
386553:10197,654:654,10/03/24 19:11:43,STABLE BEAMS,6800,484114.117123824,464780.602210089,63.2,HFET
386553:10197,655:655,10/03/24 19:12:06,STABLE BEAMS,6800,483248.065735999,463700.338749199,63.1,HFET
386553:10197,656:656,10/03/24 19:12:29,STABLE BEAMS,6800,488895.239496077,460978.576848697,63.0,HFET
386553:10197,657:657,10/03/24 19:12:53,STABLE BEAMS,6800,491682.425429081,470182.511608322,64.1,HFET
386553:10197,658:658,10/03/24 19:13:16,STABLE BEAMS,6800,491235.695328160,469235.191851471,64.1,HFET
386553:10197,659:659,10/03/24 19:13:39,STABLE BEAMS,6800,491230.869996896,465820.936637532,64.0,HFET
386553:10197,660:660,10/03/24 19:14:03,STABLE BEAMS,6800,491158.434082055,469046.064507751,64.1,HFET
386553:10197,661:661,10/03/24 19:14:26,STABLE BEAMS,6800,490273.307483727,467417.589800396,64.0,HFET
386553:10197,662:662,10/03/24 19:14:49,STABLE BEAMS,6800,490013.609087490,467319.474731346,63.9,HFET
386553:10197,663:663,10/03/24 19:15:13,STABLE BEAMS,6800,489651.201067652,467896.050533768,63.9,HFET
386553:10197,664:664,10/03/24 19:15:36,STABLE BEAMS,6800,489087.597713775,467710.384840738,63.8,HFET
386553:10197,665:665,10/03/24 19:15:59,STABLE BEAMS,6800,488670.052708234,467613.043689553,63.7,HFET
386553:10197,666:666,10/03/24 19:16:23,STABLE BEAMS,6800,488315.111130927,466455.518982558,63.7,HFET
386553:10197,667:667,10/03/24 19:16:46,STABLE BEAMS,6800,487939.770290868,467193.631490609,63.6,HFET
386553:10197,668:668,10/03/24 19:17:09,STABLE BEAMS,6800,488148.884296552,194611.199831543,63.7,HFET
386553:10197,669:669,10/03/24 19:17:33,STABLE BEAMS,6800,487520.812652116,462499.742715742,63.6,HFET
386553:10197,670:670,10/03/24 19:17:56,STABLE BEAMS,6800,487079.182949653,458545.514284655,63.5,HFET
386553:10197,671:671,10/03/24 19:18:19,STABLE BEAMS,6800,486576.863633917,465153.756499072,63.5,HFET
386553:10197,672:672,10/03/24 19:18:42,STABLE BEAMS,6800,484411.693204950,463143.019981356,63.4,HFET
386553:10197,673:673,10/03/24 19:19:06,STABLE BEAMS,6800,486890.102227491,462745.188901663,63.2,HFET
386553:10197,674:674,10/03/24 19:19:29,STABLE BEAMS,6800,487249.689643064,338460.903135116,63.7,HFET
386553:10197,675:675,10/03/24 19:19:52,STABLE BEAMS,6800,485993.411151673,462595.216673524,63.4,HFET
386553:10197,676:676,10/03/24 19:20:16,STABLE BEAMS,6800,486173.433305094,464848.212793665,63.4,HFET
386553:10197,677:677,10/03/24 19:20:39,STABLE BEAMS,6800,485640.973152037,464463.904296902,63.4,HFET
386553:10197,678:678,10/03/24 19:21:02,STABLE BEAMS,6800,484932.497968479,464373.118136788,63.3,HFET
386553:10197,679:679,10/03/24 19:21:26,STABLE BEAMS,6800,484646.803391438,348889.674807340,63.2,HFET
386553:10197,680:680,10/03/24 19:21:49,STABLE BEAMS,6800,483975.527549099,460308.347660337,63.1,HFET
386553:10197,681:681,10/03/24 19:22:12,STABLE BEAMS,6800,483647.582185017,463273.688553359,63.0,HFET
386553:10197,682:682,10/03/24 19:22:36,STABLE BEAMS,6800,483485.180649485,463800.365302132,63.1,HFET
386553:10197,683:683,10/03/24 19:22:59,STABLE BEAMS,6800,483121.814556628,456613.178910140,63.0,HFET
386553:10197,684:684,10/03/24 19:23:22,STABLE BEAMS,6800,482432.279381053,461765.772533129,63.0,HFET
386553:10197,685:685,10/03/24 19:23:45,STABLE BEAMS,6800,485883.095220865,359473.337282085,63.1,HFET
386553:10197,686:686,10/03/24 19:24:09,STABLE BEAMS,6800,485849.630266452,465051.680928661,63.4,HFET
386553:10197,687:687,10/03/24 19:24:32,STABLE BEAMS,6800,485196.382980634,464964.356419237,63.4,HFET
386553:10197,688:688,10/03/24 19:24:55,STABLE BEAMS,6800,483605.102952342,257323.410147726,63.2,HFET
386553:10197,689:689,10/03/24 19:25:19,STABLE BEAMS,6800,488718.222102077,467245.034089507,63.0,HFET
386553:10197,690:690,10/03/24 19:25:42,STABLE BEAMS,6800,493564.542392273,470953.042416807,64.5,HFET
386553:10197,691:691,10/03/24 19:26:05,STABLE BEAMS,6800,493020.335937650,362291.347058235,64.3,HFET
386553:10197,692:692,10/03/24 19:26:29,STABLE BEAMS,6800,493006.221260931,469648.275173901,64.3,HFET
386553:10197,693:693,10/03/24 19:26:52,STABLE BEAMS,6800,492442.939595805,469208.829691436,64.3,HFET
386553:10197,694:694,10/03/24 19:27:15,STABLE BEAMS,6800,491597.968145480,467912.032403889,64.1,HFET
386553:10197,695:695,10/03/24 19:27:39,STABLE BEAMS,6800,491575.340372250,357658.080295383,64.1,HFET
386553:10197,696:696,10/03/24 19:28:02,STABLE BEAMS,6800,491486.013466905,457950.543946479,64.1,HFET
386553:10197,697:697,10/03/24 19:28:25,STABLE BEAMS,6800,491160.163741861,462453.440515301,64.1,HFET
386553:10197,698:698,10/03/24 19:28:49,STABLE BEAMS,6800,491361.993129090,469332.122732945,64.1,HFET
386553:10197,699:699,10/03/24 19:29:12,STABLE BEAMS,6800,491033.364759182,467995.214587875,64.0,HFET
386553:10197,700:700,10/03/24 19:29:35,STABLE BEAMS,6800,491641.675856212,470186.882379395,64.1,HFET
386553:10197,701:701,10/03/24 19:29:58,STABLE BEAMS,6800,490739.658267380,469162.392288477,64.0,HFET
386553:10197,702:702,10/03/24 19:30:22,STABLE BEAMS,6800,494890.342951122,471351.328056692,64.0,HFET
386553:10197,703:703,10/03/24 19:30:45,STABLE BEAMS,6800,499222.096442266,473077.873542616,65.1,HFET
386553:10197,704:704,10/03/24 19:31:08,STABLE BEAMS,6800,498886.230075461,472234.997731329,65.1,HFET
386553:10197,705:705,10/03/24 19:31:32,STABLE BEAMS,6800,498174.295572291,471653.685178603,65.0,HFET
386553:10197,706:706,10/03/24 19:31:55,STABLE BEAMS,6800,497821.901863136,473175.123781763,64.8,HFET
386553:10197,707:707,10/03/24 19:32:18,STABLE BEAMS,6800,497818.442543523,472759.809617777,65.0,HFET
386553:10197,708:708,10/03/24 19:32:42,STABLE BEAMS,6800,497624.487537460,472896.578620659,64.9,HFET
386553:10197,709:709,10/03/24 19:33:05,STABLE BEAMS,6800,497532.929790559,472828.466855333,64.9,HFET
386553:10197,710:710,10/03/24 19:33:28,STABLE BEAMS,6800,497300.642539415,465804.318383142,64.9,HFET
386553:10197,711:711,10/03/24 19:33:52,STABLE BEAMS,6800,497014.220666068,472492.782312605,64.8,HFET
386553:10197,712:712,10/03/24 19:34:15,STABLE BEAMS,6800,496824.820586232,472848.817165449,64.8,HFET
386553:10197,713:713,10/03/24 19:34:38,STABLE BEAMS,6800,496212.455744725,472663.696944649,64.7,HFET
386553:10197,714:714,10/03/24 19:35:01,STABLE BEAMS,6800,494574.782603954,471563.036552085,64.7,HFET
386553:10197,715:715,10/03/24 19:35:25,STABLE BEAMS,6800,497656.768304298,472849.910440987,64.9,HFET
386553:10197,716:716,10/03/24 19:35:48,STABLE BEAMS,6800,498678.027521239,448365.170246993,65.0,HFET
386553:10197,717:717,10/03/24 19:36:11,STABLE BEAMS,6800,499066.205607324,387661.122938518,65.1,HFET
386553:10197,718:718,10/03/24 19:36:35,STABLE BEAMS,6800,498409.816028490,473639.973351244,65.1,HFET
386553:10197,719:719,10/03/24 19:36:58,STABLE BEAMS,6800,497293.721569113,472860.656710132,64.9,HFET
386553:10197,720:720,10/03/24 19:37:21,STABLE BEAMS,6800,496683.816014796,471236.867469368,64.8,HFET
386553:10197,721:721,10/03/24 19:37:45,STABLE BEAMS,6800,495380.326202582,472480.399626770,64.7,HFET
386553:10197,722:722,10/03/24 19:38:08,STABLE BEAMS,6800,495103.464079726,471463.602092941,64.5,HFET
386553:10197,723:723,10/03/24 19:38:31,STABLE BEAMS,6800,495421.437092527,465624.706499432,64.6,HFET
386553:10197,724:724,10/03/24 19:38:55,STABLE BEAMS,6800,494744.969939691,469585.035361398,64.5,HFET
386553:10197,725:725,10/03/24 19:39:18,STABLE BEAMS,6800,494755.713877758,470894.718847608,64.5,HFET
386553:10197,726:726,10/03/24 19:39:41,STABLE BEAMS,6800,494806.480092388,470529.623094944,64.6,HFET
386553:10197,727:727,10/03/24 19:40:05,STABLE BEAMS,6800,494232.496448597,471305.251970809,64.5,HFET
386553:10197,728:728,10/03/24 19:40:28,STABLE BEAMS,6800,494424.719463777,470780.032145727,64.4,HFET
386553:10197,729:729,10/03/24 19:40:51,STABLE BEAMS,6800,492234.189238275,469687.020019771,64.2,HFET
386553:10197,730:730,10/03/24 19:41:14,STABLE BEAMS,6800,491602.795807823,468741.658368361,64.1,HFET
386553:10197,731:731,10/03/24 19:41:38,STABLE BEAMS,6800,493890.210293241,470738.282540436,64.2,HFET
386553:10197,732:732,10/03/24 19:42:01,STABLE BEAMS,6800,492917.167091701,469888.986940596,64.5,HFET
386553:10197,733:733,10/03/24 19:42:24,STABLE BEAMS,6800,495883.100078511,471251.345794240,64.6,HFET
386553:10197,734:734,10/03/24 19:42:48,STABLE BEAMS,6800,496476.114642323,92591.085996703,64.8,HFET
386553:10197,735:735,10/03/24 19:43:11,STABLE BEAMS,6800,495659.463457475,472146.579946367,64.7,HFET
386553:10197,736:736,10/03/24 19:43:34,STABLE BEAMS,6800,494877.913643729,471293.643202838,64.6,HFET
386553:10197,737:737,10/03/24 19:43:58,STABLE BEAMS,6800,494045.373831876,463309.246815732,64.5,HFET
386553:10197,738:738,10/03/24 19:44:21,STABLE BEAMS,6800,493773.201837766,350446.967719768,64.4,HFET
386553:10197,739:739,10/03/24 19:44:44,STABLE BEAMS,6800,493972.709471400,470773.565735616,64.4,HFET
386553:10197,740:740,10/03/24 19:45:08,STABLE BEAMS,6800,493710.645031089,470846.139184053,64.4,HFET
386553:10197,741:741,10/03/24 19:45:31,STABLE BEAMS,6800,494135.020094894,471138.980845953,64.4,HFET
386553:10197,742:742,10/03/24 19:45:54,STABLE BEAMS,6800,494118.082482831,471428.500721837,64.5,HFET
386553:10197,743:743,10/03/24 19:46:18,STABLE BEAMS,6800,493548.196873999,471016.282229310,64.4,HFET
386553:10197,744:744,10/03/24 19:46:41,STABLE BEAMS,6800,492828.476570624,461086.981295622,64.3,HFET
386553:10197,745:745,10/03/24 19:47:04,STABLE BEAMS,6800,493005.493964624,470569.097568198,64.3,HFET
386553:10197,746:746,10/03/24 19:47:27,STABLE BEAMS,6800,493414.889521807,469983.323332361,64.3,HFET
386553:10197,747:747,10/03/24 19:47:51,STABLE BEAMS,6800,492330.984917230,469974.306723022,64.4,HFET
386553:10197,748:748,10/03/24 19:48:14,STABLE BEAMS,6800,492590.270712677,356859.891247547,64.2,HFET
386553:10197,749:749,10/03/24 19:48:37,STABLE BEAMS,6800,494212.008604884,438159.510703276,64.5,HFET
386553:10197,750:750,10/03/24 19:49:01,STABLE BEAMS,6800,492884.615919826,462354.642440426,64.5,HFET
386553:10197,751:751,10/03/24 19:49:24,STABLE BEAMS,6800,494657.736342305,471605.697608837,64.1,HFET
386553:10197,752:752,10/03/24 19:49:47,STABLE BEAMS,6800,495350.413810897,472337.119923298,64.7,HFET
386553:10197,753:753,10/03/24 19:50:11,STABLE BEAMS,6800,493535.494830491,470887.982032460,64.4,HFET
386553:10197,754:754,10/03/24 19:50:34,STABLE BEAMS,6800,492832.120045390,470768.831316390,64.3,HFET
386553:10197,755:755,10/03/24 19:50:57,STABLE BEAMS,6800,492417.034327039,469523.525208701,64.2,HFET
386553:10197,756:756,10/03/24 19:51:21,STABLE BEAMS,6800,491519.522711799,469079.846488760,64.2,HFET
386553:10197,757:757,10/03/24 19:51:44,STABLE BEAMS,6800,490951.413384330,468377.609269677,64.0,HFET
386553:10197,758:758,10/03/24 19:52:07,STABLE BEAMS,6800,499438.814424078,474269.728033928,65.1,HFET
386553:10197,759:759,10/03/24 19:52:30,STABLE BEAMS,6800,497284.297021141,473211.866231712,65.1,HFET
386553:10197,760:760,10/03/24 19:52:54,STABLE BEAMS,6800,496485.401656699,473000.155405241,64.8,HFET
386553:10197,761:761,10/03/24 19:53:17,STABLE BEAMS,6800,496606.463856652,257352.798046883,64.8,HFET
386553:10197,762:762,10/03/24 19:53:40,STABLE BEAMS,6800,496358.148113829,472962.503834909,64.7,HFET
386553:10197,763:763,10/03/24 19:54:04,STABLE BEAMS,6800,496468.920935906,466509.334247088,64.7,HFET
386553:10197,764:764,10/03/24 19:54:27,STABLE BEAMS,6800,496802.691663674,473195.066153246,64.8,HFET
386553:10197,765:765,10/03/24 19:54:50,STABLE BEAMS,6800,496851.954333054,473268.868079739,64.8,HFET
386553:10197,766:766,10/03/24 19:55:14,STABLE BEAMS,6800,496317.034892807,472242.783531534,64.7,HFET
386553:10197,767:767,10/03/24 19:55:37,STABLE BEAMS,6800,495857.605079456,472793.454065190,64.7,HFET
386553:10197,768:768,10/03/24 19:56:00,STABLE BEAMS,6800,495587.344569229,472061.304454422,64.6,HFET
386553:10197,769:769,10/03/24 19:56:24,STABLE BEAMS,6800,495563.579229981,54774.753446216,64.6,HFET
386553:10197,770:770,10/03/24 19:56:47,STABLE BEAMS,6800,495107.242757011,327858.207409272,64.6,HFET
386553:10197,771:771,10/03/24 19:57:10,STABLE BEAMS,6800,495033.531742556,472602.643683221,64.5,HFET
386553:10197,772:772,10/03/24 19:57:34,STABLE BEAMS,6800,495054.292322384,472517.139745641,64.6,HFET
386553:10197,773:773,10/03/24 19:57:57,STABLE BEAMS,6800,494521.421899616,470955.956264190,64.5,HFET
386553:10197,774:774,10/03/24 19:58:20,STABLE BEAMS,6800,494137.160024411,471555.343994996,64.5,HFET
386553:10197,775:775,10/03/24 19:58:43,STABLE BEAMS,6800,493598.280082802,470137.165149823,64.4,HFET
386553:10197,776:776,10/03/24 19:59:07,STABLE BEAMS,6800,493192.935939019,471279.484235639,64.3,HFET
386553:10197,777:777,10/03/24 19:59:30,STABLE BEAMS,6800,493313.634490819,469067.417181367,64.3,HFET
386553:10197,778:778,10/03/24 19:59:53,STABLE BEAMS,6800,492987.829056255,463875.307125721,64.3,HFET
386553:10197,779:779,10/03/24 20:00:17,STABLE BEAMS,6800,492656.468663042,470206.323569129,64.3,HFET
386553:10197,780:780,10/03/24 20:00:40,STABLE BEAMS,6800,492307.718428653,470587.126124721,64.2,HFET
386553:10197,781:781,10/03/24 20:01:03,STABLE BEAMS,6800,492137.349268839,469906.241579254,64.2,HFET
386553:10197,782:782,10/03/24 20:01:27,STABLE BEAMS,6800,492258.593292869,470547.835806621,64.2,HFET
386553:10197,783:783,10/03/24 20:01:50,STABLE BEAMS,6800,492004.997658589,469556.169623692,64.2,HFET
386553:10197,784:784,10/03/24 20:02:13,STABLE BEAMS,6800,491915.032037898,469143.496570974,64.1,HFET
386553:10197,785:785,10/03/24 20:02:37,STABLE BEAMS,6800,491378.292025806,469861.440592985,64.1,HFET
386553:10197,786:786,10/03/24 20:03:00,STABLE BEAMS,6800,491214.571100179,466679.246515632,64.1,HFET
386553:10197,787:787,10/03/24 20:03:23,STABLE BEAMS,6800,490872.739505014,469084.536617506,64.0,HFET
386553:10197,788:788,10/03/24 20:03:47,STABLE BEAMS,6800,490724.133288528,468110.810410140,64.0,HFET
386553:10197,789:789,10/03/24 20:04:10,STABLE BEAMS,6800,498334.375354229,473110.564579165,65.0,HFET
386553:10197,790:790,10/03/24 20:04:33,STABLE BEAMS,6800,497797.998990291,472792.635856845,64.9,HFET
386553:10197,791:791,10/03/24 20:04:56,STABLE BEAMS,6800,497459.946072411,466946.273820805,64.9,HFET
386553:10197,792:792,10/03/24 20:05:20,STABLE BEAMS,6800,497159.819792056,472237.683133076,64.8,HFET
386553:10197,793:793,10/03/24 20:05:43,STABLE BEAMS,6800,497003.702842557,473112.021502856,64.8,HFET
386553:10197,794:794,10/03/24 20:06:06,STABLE BEAMS,6800,496961.862325229,473043.361934223,64.8,HFET
386553:10197,795:795,10/03/24 20:06:30,STABLE BEAMS,6800,496817.626879815,472957.403436451,64.8,HFET
386553:10197,796:796,10/03/24 20:06:53,STABLE BEAMS,6800,496983.396822921,473001.386214375,64.8,HFET
386553:10197,797:797,10/03/24 20:07:16,STABLE BEAMS,6800,496633.735137071,473062.211030168,64.8,HFET
386553:10197,798:798,10/03/24 20:07:40,STABLE BEAMS,6800,496568.082658936,473394.480543764,64.8,HFET
386553:10197,799:799,10/03/24 20:08:03,STABLE BEAMS,6800,496100.137417996,472144.486638407,64.8,HFET
386553:10197,800:800,10/03/24 20:08:26,STABLE BEAMS,6800,493427.910922988,471123.728603216,64.5,HFET
386553:10197,801:801,10/03/24 20:08:50,STABLE BEAMS,6800,497789.893832413,472495.833693584,64.3,HFET
386553:10197,802:802,10/03/24 20:09:13,STABLE BEAMS,6800,502914.896817310,476563.655551014,65.6,HFET
386553:10197,803:803,10/03/24 20:09:36,STABLE BEAMS,6800,501031.824112176,307554.110912264,65.5,HFET
386553:10197,804:804,10/03/24 20:09:59,STABLE BEAMS,6800,500238.618908903,390897.770995747,65.2,HFET
386553:10197,805:805,10/03/24 20:10:23,STABLE BEAMS,6800,500266.118634956,474803.008726407,65.2,HFET
386553:10197,806:806,10/03/24 20:10:46,STABLE BEAMS,6800,500448.735278086,362511.934629371,65.3,HFET
386553:10197,807:807,10/03/24 20:11:10,STABLE BEAMS,6800,500093.336809510,474717.322964751,65.2,HFET
386553:10197,808:808,10/03/24 20:11:33,STABLE BEAMS,6800,499618.106950115,473814.074566784,65.2,HFET
386553:10197,809:809,10/03/24 20:11:56,STABLE BEAMS,6800,499394.696443635,460384.245225867,65.1,HFET
386553:10197,810:810,10/03/24 20:12:19,STABLE BEAMS,6800,499469.409821590,474966.184179804,65.1,HFET
386553:10197,811:811,10/03/24 20:12:43,STABLE BEAMS,6800,499558.417369262,474911.047194101,65.2,HFET
386553:10197,812:812,10/03/24 20:13:06,STABLE BEAMS,6800,499232.749468295,473491.959228545,65.1,HFET
386553:10197,813:813,10/03/24 20:13:29,STABLE BEAMS,6800,498894.151078185,473848.313439063,65.1,HFET
386553:10197,814:814,10/03/24 20:13:53,STABLE BEAMS,6800,498753.330661903,473391.795142017,65.1,HFET
386553:10197,815:815,10/03/24 20:14:16,STABLE BEAMS,6800,498512.618895208,473366.344433443,65.0,HFET
386553:10197,816:816,10/03/24 20:14:39,STABLE BEAMS,6800,498464.950683115,472933.729009241,65.0,HFET
386553:10197,817:817,10/03/24 20:15:03,STABLE BEAMS,6800,498338.335855591,466996.946792318,65.0,HFET
386553:10197,818:818,10/03/24 20:15:26,STABLE BEAMS,6800,497968.778419816,473245.237943009,65.0,HFET
386553:10197,819:819,10/03/24 20:15:49,STABLE BEAMS,6800,497389.605796607,473696.702463156,64.9,HFET
386553:10197,820:820,10/03/24 20:16:12,STABLE BEAMS,6800,496852.000954612,473108.923500320,64.8,HFET
386553:10197,821:821,10/03/24 20:16:36,STABLE BEAMS,6800,496737.994927480,472251.387540083,64.8,HFET
386553:10197,822:822,10/03/24 20:16:59,STABLE BEAMS,6800,496192.515704320,473101.823037019,64.8,HFET
386553:10197,823:823,10/03/24 20:17:22,STABLE BEAMS,6800,496076.826638939,469659.930563430,64.7,HFET
386553:10197,824:824,10/03/24 20:17:46,STABLE BEAMS,6800,495765.408617209,470081.163334218,64.7,HFET
386553:10197,825:825,10/03/24 20:18:09,STABLE BEAMS,6800,495738.363451348,468435.841926839,64.6,HFET
386553:10197,826:826,10/03/24 20:18:32,STABLE BEAMS,6800,494134.155264991,451085.428602247,64.6,HFET
386553:10197,827:827,10/03/24 20:18:56,STABLE BEAMS,6800,493784.857227294,444040.246814113,64.4,HFET
386553:10197,828:828,10/03/24 20:19:19,STABLE BEAMS,6800,493774.339403784,443777.499367976,64.4,HFET
386553:10197,829:829,10/03/24 20:19:42,STABLE BEAMS,6800,493320.734954119,399995.849176599,64.4,HFET
386553:10197,830:830,10/03/24 20:20:06,STABLE BEAMS,6800,492729.314847594,440286.164732007,64.3,HFET
386553:10197,831:831,10/03/24 20:20:29,STABLE BEAMS,6800,492908.835819266,438227.440644525,64.2,HFET
386553:10197,832:832,10/03/24 20:20:52,STABLE BEAMS,6800,492154.377792940,442235.801366737,64.2,HFET
386553:10197,833:833,10/03/24 20:21:16,STABLE BEAMS,6800,491587.816301201,445974.039112319,64.1,HFET
386553:10197,834:834,10/03/24 20:21:39,STABLE BEAMS,6800,490982.463342034,442435.763560564,64.0,HFET
386553:10197,835:835,10/03/24 20:22:02,STABLE BEAMS,6800,490687.481750617,452776.324913760,64.0,HFET
386553:10197,836:836,10/03/24 20:22:25,STABLE BEAMS,6800,499182.850414646,444397.829502687,63.9,HFET
386553:10197,837:837,10/03/24 20:22:49,STABLE BEAMS,6800,501449.460029756,442333.095896364,65.4,HFET
386553:10197,838:838,10/03/24 20:23:12,STABLE BEAMS,6800,501043.069231993,455479.282008798,65.4,HFET
386553:10197,839:839,10/03/24 20:23:35,STABLE BEAMS,6800,500710.025800532,445281.273062767,65.3,HFET
386553:10197,840:840,10/03/24 20:23:59,STABLE BEAMS,6800,500390.686776079,453964.855287978,65.3,HFET
386553:10197,841:841,10/03/24 20:24:22,STABLE BEAMS,6800,500128.347268575,436529.576741152,65.2,HFET
386553:10197,842:842,10/03/24 20:24:45,STABLE BEAMS,6800,499996.042279883,436348.099995118,65.2,HFET
386553:10197,843:843,10/03/24 20:25:09,STABLE BEAMS,6800,499599.076030093,433286.373692853,65.2,HFET
386553:10197,844:844,10/03/24 20:25:32,STABLE BEAMS,6800,499147.837624503,434095.740259246,65.1,HFET
386553:10197,845:845,10/03/24 20:25:55,STABLE BEAMS,6800,498995.226616175,273645.076833144,65.1,HFET
386553:10197,846:846,10/03/24 20:26:19,STABLE BEAMS,6800,498802.047859054,444135.357123742,65.0,HFET
386553:10197,847:847,10/03/24 20:26:42,STABLE BEAMS,6800,498373.164490580,441469.869774960,65.0,HFET
386553:10197,848:848,10/03/24 20:27:05,STABLE BEAMS,6800,498123.347533585,434801.665243575,65.0,HFET
386553:10197,849:849,10/03/24 20:27:28,STABLE BEAMS,6800,496669.657047597,440541.443404535,65.0,HFET
386553:10197,850:850,10/03/24 20:27:52,STABLE BEAMS,6800,480792.102662612,433579.898360579,63.7,HFET
386553:10197,851:851,10/03/24 20:28:15,STABLE BEAMS,6800,466352.485339127,432894.552132000,60.9,HFET
386553:10197,852:852,10/03/24 20:28:38,STABLE BEAMS,6800,474812.251450303,437696.663529716,60.9,HFET
386553:10197,853:853,10/03/24 20:29:02,STABLE BEAMS,6800,475480.296418666,427273.696241477,62.0,HFET
386553:10197,854:854,10/03/24 20:29:25,STABLE BEAMS,6800,475335.694994021,427831.105921358,62.0,HFET
386553:10197,855:855,10/03/24 20:29:48,STABLE BEAMS,6800,475179.212065292,441283.155096872,62.0,HFET
386553:10197,856:856,10/03/24 20:30:12,STABLE BEAMS,6800,474658.453923321,432516.572511752,61.9,HFET
386553:10197,857:857,10/03/24 20:30:35,STABLE BEAMS,6800,473427.945498178,429557.513873686,61.8,HFET
386553:10197,858:858,10/03/24 20:30:58,STABLE BEAMS,6800,473252.158913311,439480.621133379,61.5,HFET
386553:10197,859:859,10/03/24 20:31:22,STABLE BEAMS,6800,472278.614530022,431874.843081867,61.7,HFET
386553:10197,860:860,10/03/24 20:31:45,STABLE BEAMS,6800,471546.693364888,435127.652502216,61.5,HFET
386553:10197,861:861,10/03/24 20:32:08,STABLE BEAMS,6800,471768.737859715,438155.459289876,61.5,HFET
386553:10197,862:862,10/03/24 20:32:32,STABLE BEAMS,6800,472027.886121566,433766.340302552,61.5,HFET
386553:10197,863:863,10/03/24 20:32:55,STABLE BEAMS,6800,471531.895682343,428575.227948250,61.5,HFET
386553:10197,864:864,10/03/24 20:33:18,STABLE BEAMS,6800,471356.290921553,435269.384369958,61.5,HFET
386553:10197,865:865,10/03/24 20:33:41,STABLE BEAMS,6800,471218.610467211,432930.201306412,61.5,HFET
386553:10197,866:866,10/03/24 20:34:05,STABLE BEAMS,6800,471173.310630270,436106.113128809,61.4,HFET
386553:10197,867:867,10/03/24 20:34:28,STABLE BEAMS,6800,471355.927273400,434365.818945397,61.5,HFET
386553:10197,868:868,10/03/24 20:34:51,STABLE BEAMS,6800,471328.380925789,430466.543344858,61.5,HFET
386553:10197,869:869,10/03/24 20:35:15,STABLE BEAMS,6800,470901.912554024,434427.282476536,61.4,HFET
386553:10197,870:870,10/03/24 20:35:38,STABLE BEAMS,6800,470537.362273591,427834.154971259,61.4,HFET
386553:10197,871:871,10/03/24 20:36:01,STABLE BEAMS,6800,469529.581349100,438895.394700849,61.3,HFET
386553:10197,872:872,10/03/24 20:36:25,STABLE BEAMS,6800,469804.166008843,426618.535140699,61.2,HFET
386553:10197,873:873,10/03/24 20:36:48,STABLE BEAMS,6800,469602.199088018,426576.011617544,61.2,HFET
386553:10197,874:874,10/03/24 20:37:11,STABLE BEAMS,6800,470029.215263090,439895.480737173,61.3,HFET
386553:10197,875:875,10/03/24 20:37:35,STABLE BEAMS,6800,470200.220807172,432646.875104523,61.3,HFET
386553:10197,876:876,10/03/24 20:37:58,STABLE BEAMS,6800,469952.226753099,432132.490129547,61.3,HFET
386553:10197,877:877,10/03/24 20:38:21,STABLE BEAMS,6800,469999.622229077,435028.535069667,61.3,HFET
386553:10197,878:878,10/03/24 20:38:45,STABLE BEAMS,6800,469882.977421756,443872.791501682,61.3,HFET
386553:10197,879:879,10/03/24 20:39:08,STABLE BEAMS,6800,469961.194409802,425575.515311509,61.3,HFET
386553:10197,880:880,10/03/24 20:39:31,STABLE BEAMS,6800,469726.720607583,437253.758727639,61.3,HFET
386553:10197,881:881,10/03/24 20:39:54,STABLE BEAMS,6800,469473.807979129,430993.357627228,61.3,HFET
386553:10197,882:882,10/03/24 20:40:18,STABLE BEAMS,6800,469288.552555810,433248.813034558,61.2,HFET
386553:10197,883:883,10/03/24 20:40:41,STABLE BEAMS,6800,469606.572190169,420868.467601864,61.2,HFET
386553:10197,884:884,10/03/24 20:41:04,STABLE BEAMS,6800,469120.276703956,431965.445086826,61.2,HFET
386553:10197,885:885,10/03/24 20:41:28,STABLE BEAMS,6800,468922.636263724,432296.029231097,61.2,HFET
386553:10197,886:886,10/03/24 20:41:51,STABLE BEAMS,6800,468718.121474748,430682.760144921,61.1,HFET
386553:10197,887:887,10/03/24 20:42:14,STABLE BEAMS,6800,469707.736309119,435262.281575580,61.1,HFET
386553:10197,888:888,10/03/24 20:42:38,STABLE BEAMS,6800,467067.016663085,430368.703343001,61.0,HFET
386553:10197,889:889,10/03/24 20:43:01,STABLE BEAMS,6800,477209.937576049,434870.870284439,62.2,HFET
386553:10197,890:890,10/03/24 20:43:24,STABLE BEAMS,6800,477130.944339059,430893.741344007,62.2,HFET
386553:10197,891:891,10/03/24 20:43:48,STABLE BEAMS,6800,476793.075576334,431080.591224614,62.2,HFET
386553:10197,892:892,10/03/24 20:44:11,STABLE BEAMS,6800,476494.907401420,440010.214060612,62.2,HFET
386553:10197,893:893,10/03/24 20:44:34,STABLE BEAMS,6800,476019.903656581,441781.877559400,62.1,HFET
386553:10197,894:894,10/03/24 20:44:57,STABLE BEAMS,6800,475964.493934764,434505.499464582,62.1,HFET
386553:10197,895:895,10/03/24 20:45:21,STABLE BEAMS,6800,475489.993702753,443447.504986416,62.0,HFET
386553:10197,896:896,10/03/24 20:45:44,STABLE BEAMS,6800,476349.895707064,428769.455690428,62.0,HFET
386553:10197,897:897,10/03/24 20:46:07,STABLE BEAMS,6800,475559.697594289,426604.830733692,62.1,HFET
386553:10197,898:898,10/03/24 20:46:31,STABLE BEAMS,6800,475003.835750137,435227.907500783,62.0,HFET
386553:10197,899:899,10/03/24 20:46:54,STABLE BEAMS,6800,474901.942003802,431661.675331705,62.0,HFET
386553:10197,900:900,10/03/24 20:47:17,STABLE BEAMS,6800,474620.664819392,431311.468173625,61.9,HFET
386553:10197,901:901,10/03/24 20:47:41,STABLE BEAMS,6800,474594.258368877,436340.906288701,61.8,HFET
386553:10197,902:902,10/03/24 20:48:04,STABLE BEAMS,6800,473948.750261707,421267.116889902,61.8,HFET
386553:10197,903:903,10/03/24 20:48:27,STABLE BEAMS,6800,473614.112372958,434264.470671292,61.8,HFET
386553:10197,904:904,10/03/24 20:48:51,STABLE BEAMS,6800,473380.594312680,426838.439706008,61.7,HFET
386553:10197,905:905,10/03/24 20:49:14,STABLE BEAMS,6800,473455.034954520,421660.260171927,61.8,HFET
386553:10197,906:906,10/03/24 20:49:37,STABLE BEAMS,6800,472544.047377906,428208.630981415,61.7,HFET
386553:10197,907:907,10/03/24 20:50:01,STABLE BEAMS,6800,471720.249108199,400387.535534933,61.5,HFET
386553:10197,908:908,10/03/24 20:50:24,STABLE BEAMS,6800,471482.497810444,420220.637741100,61.5,HFET
386553:10197,909:909,10/03/24 20:50:47,STABLE BEAMS,6800,471200.353465054,427711.547266654,61.4,HFET
386679:10209,22:22,10/08/24 07:20:42,STABLE BEAMS,6800,55063.400799640,36721.921078465,1.7,HFET
386679:10209,23:23,10/08/24 07:21:05,STABLE BEAMS,6800,256690.217125131,251154.226456841,11.5,HFET
386679:10209,24:24,10/08/24 07:21:29,STABLE BEAMS,6800,332430.420910696,324879.437176435,49.0,HFET
386679:10209,25:25,10/08/24 07:21:52,STABLE BEAMS,6800,145245.810570703,143990.670810870,35.8,HFET
386679:10209,26:26,10/08/24 07:22:15,STABLE BEAMS,6800,14565.375503189,14535.916902439,5.0,HFET
386679:10209,27:27,10/08/24 07:22:39,STABLE BEAMS,6800,151951.666206205,62030.700109406,0.2,HFET
386679:10209,28:28,10/08/24 07:23:02,STABLE BEAMS,6800,87808.938882602,85497.643203365,48.7,HFET
386679:10209,29:29,10/08/24 07:23:25,STABLE BEAMS,6800,35035.916067722,34736.341786615,0.8,HFET
386679:10209,30:30,10/08/24 07:23:48,STABLE BEAMS,6800,171549.395513404,169432.530846338,12.8,HFET
386679:10209,31:31,10/08/24 07:24:12,STABLE BEAMS,6800,342788.966529935,334757.356490927,33.8,HFET
386679:10209,32:32,10/08/24 07:24:35,STABLE BEAMS,6800,258825.817830864,255340.378490919,43.5,HFET
386679:10209,33:33,10/08/24 07:24:58,STABLE BEAMS,6800,83723.992227554,46031.535254944,17.6,HFET
386679:10209,34:34,10/08/24 07:25:22,STABLE BEAMS,6800,17817.175100589,17650.967707404,5.1,HFET
386679:10209,35:35,10/08/24 07:25:45,STABLE BEAMS,6800,362021.405905681,351208.847898145,28.1,HFET
386679:10209,36:36,10/08/24 07:26:08,STABLE BEAMS,6800,375356.994429028,365652.334810953,48.9,HFET
386679:10209,37:37,10/08/24 07:26:32,STABLE BEAMS,6800,375568.908059276,366823.358790099,49.0,HFET
386679:10209,38:38,10/08/24 07:26:55,STABLE BEAMS,6800,371381.117277431,280006.527829688,48.7,HFET
386679:10209,39:39,10/08/24 07:27:18,STABLE BEAMS,6800,368618.312088243,359456.378690321,48.1,HFET
386679:10209,40:40,10/08/24 07:27:42,STABLE BEAMS,6800,372192.987421495,363167.869648013,48.3,HFET
386679:10209,41:41,10/08/24 07:28:05,STABLE BEAMS,6800,373308.923367575,364489.844908019,48.7,HFET
386679:10209,42:42,10/08/24 07:28:28,STABLE BEAMS,6800,371412.076323096,357997.862873069,48.7,HFET
386679:10209,43:43,10/08/24 07:28:51,STABLE BEAMS,6800,370737.658187740,362116.926485021,48.4,HFET
386679:10209,44:44,10/08/24 07:29:15,STABLE BEAMS,6800,369111.526213680,361219.438180560,48.2,HFET
386679:10209,45:45,10/08/24 07:29:38,STABLE BEAMS,6800,368592.702866371,360617.297446747,48.1,HFET
386679:10209,46:46,10/08/24 07:30:01,STABLE BEAMS,6800,368058.580654767,360262.787118852,48.1,HFET
386679:10209,47:47,10/08/24 07:30:25,STABLE BEAMS,6800,367319.395850880,358368.898212236,47.9,HFET
386679:10209,48:48,10/08/24 07:30:48,STABLE BEAMS,6800,368425.930559766,360007.983986218,48.0,HFET
386679:10209,49:49,10/08/24 07:31:11,STABLE BEAMS,6800,368092.978040343,359600.977783888,48.1,HFET
386679:10209,50:50,10/08/24 07:31:35,STABLE BEAMS,6800,367227.360233008,358955.947547688,48.0,HFET
386679:10209,51:51,10/08/24 07:31:58,STABLE BEAMS,6800,366861.353028883,359157.914468513,47.8,HFET
386679:10209,52:52,10/08/24 07:32:21,STABLE BEAMS,6800,367018.929233151,358679.064445131,47.9,HFET
386679:10209,53:53,10/08/24 07:32:45,STABLE BEAMS,6800,366073.362446885,358365.462203403,47.8,HFET
386679:10209,54:54,10/08/24 07:33:08,STABLE BEAMS,6800,366000.469640775,358228.147728292,47.8,HFET
386679:10209,55:55,10/08/24 07:33:31,STABLE BEAMS,6800,365273.238604387,351876.505907575,47.7,HFET
386679:10209,56:56,10/08/24 07:33:55,STABLE BEAMS,6800,365017.160372138,356911.247224887,47.6,HFET
386679:10209,57:57,10/08/24 07:34:18,STABLE BEAMS,6800,364508.192822214,356744.885187993,47.6,HFET
386679:10209,58:58,10/08/24 07:34:41,STABLE BEAMS,6800,370090.464711243,362054.779948056,47.5,HFET
386679:10209,59:59,10/08/24 07:35:04,STABLE BEAMS,6800,378753.675646637,369481.857567320,48.9,HFET
386679:10209,60:60,10/08/24 07:35:28,STABLE BEAMS,6800,394346.582108561,384646.794443309,50.7,HFET
386679:10209,61:61,10/08/24 07:35:51,STABLE BEAMS,6800,408384.633965547,397001.735788987,52.0,HFET
386679:10209,62:62,10/08/24 07:36:14,STABLE BEAMS,6800,422266.431339439,408921.875159389,54.2,HFET
386679:10209,63:63,10/08/24 07:36:38,STABLE BEAMS,6800,437418.892286477,423538.325721719,56.5,HFET
386679:10209,64:64,10/08/24 07:37:01,STABLE BEAMS,6800,453883.586918952,435908.018128385,58.3,HFET
386679:10209,65:65,10/08/24 07:37:24,STABLE BEAMS,6800,458158.564676626,320475.839864239,59.7,HFET
386679:10209,66:66,10/08/24 07:37:48,STABLE BEAMS,6800,446061.319331263,430852.991771138,59.4,HFET
386679:10209,67:67,10/08/24 07:38:11,STABLE BEAMS,6800,423840.501019553,411170.682332533,57.2,HFET
386679:10209,68:68,10/08/24 07:38:34,STABLE BEAMS,6800,401509.366777036,386120.380679221,52.4,HFET
386679:10209,69:69,10/08/24 07:38:58,STABLE BEAMS,6800,407418.283288674,397231.701286537,52.8,HFET
386679:10209,70:70,10/08/24 07:39:21,STABLE BEAMS,6800,417000.288580587,313289.245566035,53.6,HFET
386679:10209,71:71,10/08/24 07:39:44,STABLE BEAMS,6800,414463.649231963,403136.111824584,54.5,HFET
386679:10209,72:72,10/08/24 07:40:08,STABLE BEAMS,6800,407902.257021294,395718.458753293,53.5,HFET
386679:10209,73:73,10/08/24 07:40:31,STABLE BEAMS,6800,409061.693212171,398148.833584510,52.7,HFET
386679:10209,74:74,10/08/24 07:40:54,STABLE BEAMS,6800,436501.575833349,421598.887552826,55.0,HFET
386679:10209,75:75,10/08/24 07:41:17,STABLE BEAMS,6800,485013.265155755,453600.899432410,59.6,HFET
386679:10209,76:76,10/08/24 07:41:41,STABLE BEAMS,6800,488470.773520234,352109.021604354,63.8,HFET
386679:10209,77:77,10/08/24 07:42:04,STABLE BEAMS,6800,487514.712221237,455857.946965950,63.7,HFET
386679:10209,78:78,10/08/24 07:42:27,STABLE BEAMS,6800,486671.062492085,456769.251569159,63.5,HFET
386679:10209,79:79,10/08/24 07:42:51,STABLE BEAMS,6800,485649.532870107,379791.436564072,63.3,HFET
386679:10209,80:80,10/08/24 07:43:14,STABLE BEAMS,6800,484914.604614475,456430.653179049,63.3,HFET
386679:10209,81:81,10/08/24 07:43:37,STABLE BEAMS,6800,484115.483135477,319967.737144218,63.2,HFET
386679:10209,82:82,10/08/24 07:44:01,STABLE BEAMS,6800,483346.136514568,449144.305064028,63.0,HFET
386679:10209,83:83,10/08/24 07:44:24,STABLE BEAMS,6800,482867.081356330,454753.915834735,63.1,HFET
386679:10209,84:84,10/08/24 07:44:47,STABLE BEAMS,6800,485828.142390317,456847.016328092,62.9,HFET
386679:10209,85:85,10/08/24 07:45:11,STABLE BEAMS,6800,490020.028876043,459011.914020943,63.9,HFET
386679:10209,86:86,10/08/24 07:45:34,STABLE BEAMS,6800,489101.302120783,426467.742373137,63.8,HFET
386679:10209,87:87,10/08/24 07:45:57,STABLE BEAMS,6800,489423.328878061,349545.609825983,63.8,HFET
386679:10209,88:88,10/08/24 07:46:21,STABLE BEAMS,6800,488675.880402998,457873.872463084,63.7,HFET
386679:10209,89:89,10/08/24 07:46:44,STABLE BEAMS,6800,487358.003177950,458153.056339534,63.7,HFET
386679:10209,90:90,10/08/24 07:47:07,STABLE BEAMS,6800,486960.670948929,458140.627032141,63.5,HFET
386679:10209,91:91,10/08/24 07:47:30,STABLE BEAMS,6800,486801.320794376,457533.043231418,63.5,HFET
386679:10209,92:92,10/08/24 07:47:54,STABLE BEAMS,6800,485910.685858957,316446.079846852,63.5,HFET
386679:10209,93:93,10/08/24 07:48:17,STABLE BEAMS,6800,485095.081328088,457484.465898942,63.2,HFET
386679:10209,94:94,10/08/24 07:48:40,STABLE BEAMS,6800,484158.006658632,456575.254603693,63.3,HFET
386679:10209,95:95,10/08/24 07:49:04,STABLE BEAMS,6800,485811.022954178,450078.465886102,63.0,HFET
386679:10209,96:96,10/08/24 07:49:27,STABLE BEAMS,6800,490391.318302702,459099.054375213,64.0,HFET
386679:10209,97:97,10/08/24 07:49:50,STABLE BEAMS,6800,489999.722856406,458473.442017967,63.9,HFET
386679:10209,98:98,10/08/24 07:50:14,STABLE BEAMS,6800,488886.497953931,458656.606464405,63.8,HFET
386679:10209,99:99,10/08/24 07:50:37,STABLE BEAMS,6800,488409.263367537,459483.728851206,63.7,HFET
386679:10209,100:100,10/08/24 07:51:00,STABLE BEAMS,6800,487542.121035252,458686.381322494,63.6,HFET
386679:10209,101:101,10/08/24 07:51:24,STABLE BEAMS,6800,488138.049446446,458784.815749217,63.5,HFET
386679:10209,102:102,10/08/24 07:51:47,STABLE BEAMS,6800,487762.207424638,458731.865314590,63.7,HFET
386679:10209,103:103,10/08/24 07:52:10,STABLE BEAMS,6800,487591.110968517,458095.324864123,63.6,HFET
386679:10209,104:104,10/08/24 07:52:33,STABLE BEAMS,6800,487094.572725987,456780.862668207,63.6,HFET
386679:10209,105:105,10/08/24 07:52:57,STABLE BEAMS,6800,486306.377009132,458506.725148305,63.4,HFET
386679:10209,106:106,10/08/24 07:53:20,STABLE BEAMS,6800,485239.953157769,458204.230492798,63.4,HFET
386679:10209,107:107,10/08/24 07:53:43,STABLE BEAMS,6800,484683.774287022,457676.824116640,63.2,HFET
386679:10209,108:108,10/08/24 07:54:07,STABLE BEAMS,6800,484902.676488832,347162.903206859,63.3,HFET
386679:10209,109:109,10/08/24 07:54:30,STABLE BEAMS,6800,483612.387570798,456485.790164751,63.1,HFET
386679:10209,110:110,10/08/24 07:54:53,STABLE BEAMS,6800,483682.047171853,457067.694811266,63.0,HFET
386679:10209,111:111,10/08/24 07:55:17,STABLE BEAMS,6800,490250.724000977,458994.155869458,62.9,HFET
386679:10209,112:112,10/08/24 07:55:40,STABLE BEAMS,6800,491409.707962741,460370.813554975,64.2,HFET
386679:10209,113:113,10/08/24 07:56:03,STABLE BEAMS,6800,490330.854803985,459228.447847601,63.9,HFET
386679:10209,114:114,10/08/24 07:56:27,STABLE BEAMS,6800,489424.648268156,458768.015670751,63.9,HFET
386679:10209,115:115,10/08/24 07:56:50,STABLE BEAMS,6800,489125.160703147,459535.723543892,63.9,HFET
386679:10209,116:116,10/08/24 07:57:13,STABLE BEAMS,6800,488418.186733760,459626.826730602,63.8,HFET
386679:10209,117:117,10/08/24 07:57:37,STABLE BEAMS,6800,487748.822375303,459238.965671111,63.7,HFET
386679:10209,118:118,10/08/24 07:58:00,STABLE BEAMS,6800,487603.493654352,458464.975543014,63.6,HFET
386679:10209,119:119,10/08/24 07:58:23,STABLE BEAMS,6800,486972.510493612,340254.807448202,63.5,HFET
386679:10209,120:120,10/08/24 07:58:46,STABLE BEAMS,6800,485695.835070547,457515.469235088,63.4,HFET
386679:10209,121:121,10/08/24 07:59:10,STABLE BEAMS,6800,484876.451862393,457707.601338229,63.3,HFET
386679:10209,122:122,10/08/24 07:59:33,STABLE BEAMS,6800,484357.740406824,451649.850164469,63.2,HFET
386679:10209,123:123,10/08/24 07:59:56,STABLE BEAMS,6800,482501.985603666,455516.297194862,63.0,HFET
386679:10209,124:124,10/08/24 08:00:20,STABLE BEAMS,6800,489169.322974070,457787.596938717,62.8,HFET
386679:10209,125:125,10/08/24 08:00:43,STABLE BEAMS,6800,490867.049343846,459637.251310996,64.0,HFET
386679:10209,126:126,10/08/24 08:01:06,STABLE BEAMS,6800,489650.562352306,458607.980179293,63.9,HFET
386679:10209,127:127,10/08/24 08:01:30,STABLE BEAMS,6800,488456.432728958,458903.735688575,63.8,HFET
386679:10209,128:128,10/08/24 08:01:53,STABLE BEAMS,6800,487450.472376312,457966.525816601,63.6,HFET
386679:10209,129:129,10/08/24 08:02:16,STABLE BEAMS,6800,487883.269624591,457838.498355866,63.6,HFET
386679:10209,130:130,10/08/24 08:02:40,STABLE BEAMS,6800,487622.981465644,459013.277701518,63.7,HFET
386679:10209,131:131,10/08/24 08:03:03,STABLE BEAMS,6800,487487.895501010,428111.061384595,63.6,HFET
386679:10209,132:132,10/08/24 08:03:26,STABLE BEAMS,6800,486997.278196360,456943.446027816,63.5,HFET
386679:10209,133:133,10/08/24 08:03:49,STABLE BEAMS,6800,486229.796437775,458158.564676626,63.5,HFET
386679:10209,134:134,10/08/24 08:04:13,STABLE BEAMS,6800,484804.288683667,456360.902665955,63.4,HFET
386679:10209,135:135,10/08/24 08:04:36,STABLE BEAMS,6800,487228.061902255,454413.907142492,63.1,HFET
386679:10209,136:136,10/08/24 08:04:59,STABLE BEAMS,6800,482962.007510804,457095.602475952,63.1,HFET
386679:10209,137:137,10/08/24 08:05:23,STABLE BEAMS,6800,493203.225316895,400028.311767513,63.0,HFET
386679:10209,138:138,10/08/24 08:05:46,STABLE BEAMS,6800,495559.753931137,461080.379682993,64.6,HFET
386679:10209,139:139,10/08/24 08:06:09,STABLE BEAMS,6800,494929.134418551,460794.230545760,64.6,HFET
386679:10209,140:140,10/08/24 08:06:33,STABLE BEAMS,6800,494150.635985784,460824.825943272,64.5,HFET
386679:10209,141:141,10/08/24 08:06:56,STABLE BEAMS,6800,493649.316702469,462013.267736530,64.4,HFET
386679:10209,142:142,10/08/24 08:07:19,STABLE BEAMS,6800,492361.396159587,461587.799397187,64.3,HFET
386679:10209,143:143,10/08/24 08:07:43,STABLE BEAMS,6800,492857.661666003,447363.624955901,64.2,HFET
386679:10209,144:144,10/08/24 08:08:06,STABLE BEAMS,6800,491973.490809616,459840.719445992,64.3,HFET
386679:10209,145:145,10/08/24 08:08:29,STABLE BEAMS,6800,490826.164568459,460164.748599192,64.1,HFET
386679:10209,146:146,10/08/24 08:08:53,STABLE BEAMS,6800,491077.210003510,460688.877479814,64.0,HFET
386679:10209,147:147,10/08/24 08:09:16,STABLE BEAMS,6800,490854.347300338,453598.894705411,64.0,HFET
386679:10209,148:148,10/08/24 08:09:39,STABLE BEAMS,6800,490708.517397638,459442.070157954,63.9,HFET
386679:10209,149:149,10/08/24 08:10:02,STABLE BEAMS,6800,490095.562793420,459428.685108620,64.0,HFET
386679:10209,150:150,10/08/24 08:10:26,STABLE BEAMS,6800,489829.309406112,459428.594196581,63.9,HFET
386679:10209,151:151,10/08/24 08:10:49,STABLE BEAMS,6800,488496.587876962,459295.920897580,63.9,HFET
386679:10209,152:152,10/08/24 08:11:12,STABLE BEAMS,6800,487841.291573665,459244.063738491,63.6,HFET
386679:10209,153:153,10/08/24 08:11:36,STABLE BEAMS,6800,487690.454515623,459601.329400469,63.6,HFET
386679:10209,154:154,10/08/24 08:11:59,STABLE BEAMS,6800,487790.070798844,459456.865509421,63.6,HFET
386679:10209,155:155,10/08/24 08:12:22,STABLE BEAMS,6800,487376.213558549,458051.118302720,63.6,HFET
386679:10209,156:156,10/08/24 08:12:46,STABLE BEAMS,6800,486537.072134067,458617.952530574,63.5,HFET
386679:10209,157:157,10/08/24 08:13:09,STABLE BEAMS,6800,486864.560606878,458424.181679665,63.4,HFET
386679:10209,158:158,10/08/24 08:13:32,STABLE BEAMS,6800,485903.993334290,458312.954297396,63.5,HFET
386679:10209,159:159,10/08/24 08:13:56,STABLE BEAMS,6800,485945.605405984,457616.498151519,63.3,HFET
386679:10209,160:160,10/08/24 08:14:19,STABLE BEAMS,6800,486472.648133988,451188.278090523,63.5,HFET
386679:10209,161:161,10/08/24 08:14:42,STABLE BEAMS,6800,485644.660917284,457160.891305934,63.4,HFET
386679:10209,162:162,10/08/24 08:15:06,STABLE BEAMS,6800,484872.218624916,456955.555977535,63.3,HFET
386679:10209,163:163,10/08/24 08:15:29,STABLE BEAMS,6800,484651.631053781,457007.140400510,63.3,HFET
386679:10209,164:164,10/08/24 08:15:52,STABLE BEAMS,6800,483906.595244350,456775.627067231,63.2,HFET
386679:10209,165:165,10/08/24 08:16:15,STABLE BEAMS,6800,483049.742289940,456029.090043629,63.0,HFET
386679:10209,166:166,10/08/24 08:16:39,STABLE BEAMS,6800,489400.472659196,458464.884630976,63.0,HFET
386679:10209,167:167,10/08/24 08:17:02,STABLE BEAMS,6800,489571.797560951,459750.026528994,64.0,HFET
386679:10209,168:168,10/08/24 08:17:25,STABLE BEAMS,6800,488468.586969159,459592.359412688,63.8,HFET
386679:10209,169:169,10/08/24 08:17:49,STABLE BEAMS,6800,488502.142835611,459174.497380552,63.7,HFET
386679:10209,170:170,10/08/24 08:18:12,STABLE BEAMS,6800,488148.474026841,458445.988913472,63.7,HFET
386679:10209,171:171,10/08/24 08:18:35,STABLE BEAMS,6800,487080.595582864,458111.579470359,63.6,HFET
386679:10209,172:172,10/08/24 08:18:59,STABLE BEAMS,6800,485476.977159218,458450.905156775,63.5,HFET
386679:10209,173:173,10/08/24 08:19:22,STABLE BEAMS,6800,484239.958033484,451302.556853771,63.1,HFET
386679:10209,174:174,10/08/24 08:19:45,STABLE BEAMS,6800,484611.382662661,457825.204218570,63.2,HFET
386679:10209,175:175,10/08/24 08:20:09,STABLE BEAMS,6800,483053.430055187,455776.221705655,63.2,HFET
386679:10209,176:176,10/08/24 08:20:32,STABLE BEAMS,6800,491009.326683819,459598.005283376,63.7,HFET
386679:10209,177:177,10/08/24 08:20:55,STABLE BEAMS,6800,490631.755002204,460689.879843313,64.0,HFET
386679:10209,178:178,10/08/24 08:21:18,STABLE BEAMS,6800,489413.948620569,443884.857160921,63.9,HFET
386679:10209,179:179,10/08/24 08:21:42,STABLE BEAMS,6800,489983.925141440,0,63.9,HFET
386679:10209,180:180,10/08/24 08:22:05,STABLE BEAMS,6800,489557.820417829,47.033613197,63.9,HFET
386679:10209,182:182,10/08/24 08:22:52,STABLE BEAMS,6800,487080.185313153,459284.083683975,63.5,HFET
386679:10209,183:183,10/08/24 08:23:15,STABLE BEAMS,6800,485857.371776176,459161.475979371,63.5,HFET
386679:10209,184:184,10/08/24 08:23:38,STABLE BEAMS,6800,485385.510324355,457224.175408917,63.2,HFET
386679:10209,185:185,10/08/24 08:24:02,STABLE BEAMS,6800,484938.826844993,458692.754489489,63.3,HFET
386679:10209,186:186,10/08/24 08:24:25,STABLE BEAMS,6800,484911.145294863,458049.614757470,63.2,HFET
386679:10209,187:187,10/08/24 08:24:48,STABLE BEAMS,6800,484862.064449559,353452.988253322,63.3,HFET
386679:10209,188:188,10/08/24 08:25:12,STABLE BEAMS,6800,484911.781679131,458552.344342918,63.3,HFET
386679:10209,189:189,10/08/24 08:25:35,STABLE BEAMS,6800,484687.142694596,451711.542141242,63.2,HFET
386679:10209,190:190,10/08/24 08:25:58,STABLE BEAMS,6800,483947.845998969,458167.898312560,63.1,HFET
386679:10209,191:191,10/08/24 08:26:22,STABLE BEAMS,6800,484095.221406321,456713.706644822,63.1,HFET
386679:10209,192:192,10/08/24 08:26:45,STABLE BEAMS,6800,483226.713062383,457341.869201297,63.1,HFET
386679:10209,193:193,10/08/24 08:27:08,STABLE BEAMS,6800,487470.412416718,458712.696860972,62.9,HFET
386679:10209,194:194,10/08/24 08:27:31,STABLE BEAMS,6800,491729.410635347,460276.113515057,64.2,HFET
386679:10209,195:195,10/08/24 08:27:55,STABLE BEAMS,6800,490627.067204536,460175.222132222,64.0,HFET
386679:10209,196:196,10/08/24 08:28:18,STABLE BEAMS,6800,489835.911018741,460040.455525261,63.9,HFET
386679:10209,197:197,10/08/24 08:28:41,STABLE BEAMS,6800,489638.953584336,459568.048601210,63.9,HFET
386679:10209,198:198,10/08/24 08:29:05,STABLE BEAMS,6800,488610.684816132,458466.066487474,63.8,HFET
386679:10209,199:199,10/08/24 08:29:28,STABLE BEAMS,6800,487465.906443126,458531.583763091,63.6,HFET
386679:10209,200:200,10/08/24 08:29:51,STABLE BEAMS,6800,486837.699596171,459061.722162554,63.5,HFET
386679:10209,201:201,10/08/24 08:30:15,STABLE BEAMS,6800,485671.293482356,458545.288170098,63.4,HFET
386679:10209,202:202,10/08/24 08:30:38,STABLE BEAMS,6800,485028.836756164,451151.854998247,63.3,HFET
386679:10209,203:203,10/08/24 08:31:01,STABLE BEAMS,6800,484706.903242002,456415.491848350,63.2,HFET
386679:10209,204:204,10/08/24 08:31:25,STABLE BEAMS,6800,484589.256071181,456917.813495165,63.2,HFET
386679:10209,205:205,10/08/24 08:31:48,STABLE BEAMS,6800,484383.920742782,74734.312199717,63.2,HFET
386679:10209,206:206,10/08/24 08:32:11,STABLE BEAMS,6800,483767.140839721,102.648706242,63.1,HFET
386679:10209,208:208,10/08/24 08:32:58,STABLE BEAMS,6800,487895.743222464,152.298078369,63.0,HFET
386679:10209,209:209,10/08/24 08:33:21,STABLE BEAMS,6800,492117.908079106,0,64.1,HFET
386679:10209,210:210,10/08/24 08:33:44,STABLE BEAMS,6800,492617.269256981,388435.297221770,64.2,HFET
386679:10209,211:211,10/08/24 08:34:08,STABLE BEAMS,6800,492491.836285954,461832.427374764,64.2,HFET
386679:10209,212:212,10/08/24 08:34:31,STABLE BEAMS,6800,492395.679322346,461162.787949114,64.2,HFET
386679:10209,213:213,10/08/24 08:34:54,STABLE BEAMS,6800,492512.279839187,460944.249395458,64.3,HFET
386679:10209,214:214,10/08/24 08:35:18,STABLE BEAMS,6800,492503.447385003,460974.115165585,64.2,HFET
386679:10209,215:215,10/08/24 08:35:41,STABLE BEAMS,6800,492546.108441754,461793.771109854,64.2,HFET
386679:10209,216:216,10/08/24 08:36:04,STABLE BEAMS,6800,492752.716538689,461200.257695370,64.2,HFET
386679:10209,217:217,10/08/24 08:36:28,STABLE BEAMS,6800,492672.494823644,460547.737705859,64.3,HFET
386679:10209,218:218,10/08/24 08:36:51,STABLE BEAMS,6800,491562.365592627,461436.598690992,64.1,HFET
386679:10209,219:219,10/08/24 08:37:14,STABLE BEAMS,6800,491527.035775889,454095.022678230,64.1,HFET
386679:10209,220:220,10/08/24 08:37:38,STABLE BEAMS,6800,490944.767481221,460566.815247439,64.0,HFET
386679:10209,221:221,10/08/24 08:38:01,STABLE BEAMS,6800,490142.137729975,460414.931535417,64.0,HFET
386679:10209,222:222,10/08/24 08:38:24,STABLE BEAMS,6800,489456.246029167,459876.233417885,63.9,HFET
386679:10209,223:223,10/08/24 08:38:47,STABLE BEAMS,6800,487784.790907388,460234.272997728,63.8,HFET
386679:10209,224:224,10/08/24 08:39:11,STABLE BEAMS,6800,486962.174494178,457807.310864566,63.5,HFET
386679:10209,225:225,10/08/24 08:39:34,STABLE BEAMS,6800,487310.470168376,460269.966462620,63.5,HFET
386679:10209,226:226,10/08/24 08:39:57,STABLE BEAMS,6800,487405.125917814,460039.136135167,63.6,HFET
386679:10209,227:227,10/08/24 08:40:21,STABLE BEAMS,6800,488125.209869342,460184.509146598,63.6,HFET
386679:10209,228:228,10/08/24 08:40:44,STABLE BEAMS,6800,488018.033900473,460431.731613884,63.7,HFET
386679:10209,229:229,10/08/24 08:41:07,STABLE BEAMS,6800,487438.406717073,459371.091166804,63.6,HFET
386679:10209,230:230,10/08/24 08:41:31,STABLE BEAMS,6800,487294.306474178,459602.832945719,63.5,HFET
386679:10209,231:231,10/08/24 08:41:54,STABLE BEAMS,6800,487116.608405429,459870.405723121,63.5,HFET
386679:10209,232:232,10/08/24 08:42:17,STABLE BEAMS,6800,486603.043969875,452983.026253811,63.5,HFET
386679:10209,233:233,10/08/24 08:42:41,STABLE BEAMS,6800,486074.406784584,459152.051431398,63.4,HFET
386679:10209,234:234,10/08/24 08:43:04,STABLE BEAMS,6800,484934.910634111,457144.091227468,63.4,HFET
386679:10209,235:235,10/08/24 08:43:27,STABLE BEAMS,6800,484411.784116989,458679.961533942,63.1,HFET
386679:10209,236:236,10/08/24 08:43:51,STABLE BEAMS,6800,484761.217357204,458177.187658014,63.2,HFET
386679:10209,237:237,10/08/24 08:44:14,STABLE BEAMS,6800,484555.199022979,457903.512118655,63.2,HFET
386679:10209,238:238,10/08/24 08:44:37,STABLE BEAMS,6800,484008.990172434,458369.545875712,63.2,HFET
386679:10209,239:239,10/08/24 08:45:00,STABLE BEAMS,6800,483536.310512268,457233.418132813,63.1,HFET
386679:10209,240:240,10/08/24 08:45:24,STABLE BEAMS,6800,485357.190058879,458234.007681965,63.0,HFET
386679:10209,241:241,10/08/24 08:45:47,STABLE BEAMS,6800,492283.542819693,461055.702892283,64.3,HFET
386679:10209,242:242,10/08/24 08:46:10,STABLE BEAMS,6800,492119.320712317,460863.664032259,64.2,HFET
386679:10209,243:243,10/08/24 08:46:34,STABLE BEAMS,6800,491792.832271927,460815.993489088,64.2,HFET
386679:10209,244:244,10/08/24 08:46:57,STABLE BEAMS,6800,491776.123105499,454447.234563309,64.1,HFET
386679:10209,245:245,10/08/24 08:47:20,STABLE BEAMS,6800,491072.885853995,460685.963632432,64.1,HFET
386679:10209,246:246,10/08/24 08:47:44,STABLE BEAMS,6800,490837.318776238,461071.866586481,64.0,HFET
386679:10209,247:247,10/08/24 08:48:07,STABLE BEAMS,6800,490416.995125833,459166.802492385,64.0,HFET
386679:10209,248:248,10/08/24 08:48:30,STABLE BEAMS,6800,490711.475535500,461573.139248239,63.9,HFET
386679:10209,249:249,10/08/24 08:48:54,STABLE BEAMS,6800,489538.288316057,459824.420549276,63.9,HFET
386679:10209,250:250,10/08/24 08:49:17,STABLE BEAMS,6800,489649.744143961,460698.439561383,63.9,HFET
386679:10209,251:251,10/08/24 08:49:40,STABLE BEAMS,6800,489036.742918185,459999.388925797,63.8,HFET
386679:10209,252:252,10/08/24 08:50:04,STABLE BEAMS,6800,488270.445347177,458503.993124999,63.7,HFET
386679:10209,253:253,10/08/24 08:50:27,STABLE BEAMS,6800,488336.508095023,459557.621689738,63.7,HFET
386679:10209,254:254,10/08/24 08:50:50,STABLE BEAMS,6800,488042.983427297,459053.435180599,63.7,HFET
386679:10209,255:255,10/08/24 08:51:14,STABLE BEAMS,6800,488323.987875592,458872.776642910,63.7,HFET
386679:10209,256:256,10/08/24 08:51:37,STABLE BEAMS,6800,487610.458915134,458877.147413983,63.7,HFET
386679:10209,257:257,10/08/24 08:52:00,STABLE BEAMS,6800,487042.123473109,451582.377114489,63.5,HFET
386679:10209,258:258,10/08/24 08:52:23,STABLE BEAMS,6800,487124.576029710,458571.284350902,63.6,HFET
386679:10209,259:259,10/08/24 08:52:47,STABLE BEAMS,6800,486318.305134776,458249.213303143,63.6,HFET
386679:10209,260:260,10/08/24 08:53:10,STABLE BEAMS,6800,494281.395469825,460889.979570736,63.9,HFET
386679:10209,261:261,10/08/24 08:53:33,STABLE BEAMS,6800,496395.300833490,461561.346325114,64.8,HFET
386679:10209,262:262,10/08/24 08:53:57,STABLE BEAMS,6800,494631.329891790,460401.089594814,64.6,HFET
386679:10209,263:263,10/08/24 08:54:20,STABLE BEAMS,6800,494152.594091225,461945.475328877,64.4,HFET
386679:10209,264:264,10/08/24 08:54:43,STABLE BEAMS,6800,494349.870883304,461921.253098359,64.5,HFET
386679:10209,265:265,10/08/24 08:55:07,STABLE BEAMS,6800,493728.673587611,461318.315135902,64.4,HFET
386679:10209,266:266,10/08/24 08:55:30,STABLE BEAMS,6800,493433.419260080,461081.563870569,64.3,HFET
386679:10209,267:267,10/08/24 08:55:53,STABLE BEAMS,6800,493361.302702912,460136.840934505,64.4,HFET
386679:10209,268:268,10/08/24 08:56:16,STABLE BEAMS,6800,493431.325952120,462552.054435023,64.3,HFET
386679:10209,269:269,10/08/24 08:56:40,STABLE BEAMS,6800,493635.339559346,462115.114861306,64.3,HFET
386679:10209,270:270,10/08/24 08:57:03,STABLE BEAMS,6800,493314.361787125,440523.552381609,64.4,HFET
386679:10209,271:271,10/08/24 08:57:26,STABLE BEAMS,6800,493001.260727148,353418.409043669,64.3,HFET
386679:10209,272:272,10/08/24 08:57:50,STABLE BEAMS,6800,492794.876413691,461735.086223579,64.3,HFET
386679:10209,273:273,10/08/24 08:58:13,STABLE BEAMS,6800,492275.029723182,461533.711396542,64.2,HFET
386679:10209,274:274,10/08/24 08:58:36,STABLE BEAMS,6800,492215.158318253,461244.921148042,64.2,HFET
386679:10209,275:275,10/08/24 08:59:00,STABLE BEAMS,6800,492731.228662555,461000.477325620,64.3,HFET
386679:10209,276:276,10/08/24 08:59:23,STABLE BEAMS,6800,491927.552257329,461782.024808288,64.2,HFET
386679:10209,277:277,10/08/24 08:59:46,STABLE BEAMS,6800,491153.471217194,461251.933030383,64.1,HFET
386679:10209,278:278,10/08/24 09:00:10,STABLE BEAMS,6800,490133.442809387,460704.267256147,64.1,HFET
386679:10209,279:279,10/08/24 09:00:33,STABLE BEAMS,6800,490281.275108009,460626.458206734,63.9,HFET
386679:10209,280:280,10/08/24 09:00:56,STABLE BEAMS,6800,490808.816686685,461024.016550312,64.0,HFET
386679:10209,281:281,10/08/24 09:01:20,STABLE BEAMS,6800,490101.891669934,460797.874020527,64.0,HFET
386679:10209,282:282,10/08/24 09:01:43,STABLE BEAMS,6800,488435.853973207,458985.598482466,63.8,HFET
386679:10209,283:283,10/08/24 09:02:06,STABLE BEAMS,6800,488101.351286977,458943.028337753,63.7,HFET
386679:10209,284:284,10/08/24 09:02:29,STABLE BEAMS,6800,487351.856125513,452485.623181378,63.7,HFET
386679:10209,285:285,10/08/24 09:02:53,STABLE BEAMS,6800,486457.533424848,458757.588759279,63.5,HFET
386679:10209,286:286,10/08/24 09:03:16,STABLE BEAMS,6800,487100.719778424,459266.374485126,63.6,HFET
386679:10209,287:287,10/08/24 09:03:39,STABLE BEAMS,6800,486065.530039919,458893.537222737,63.4,HFET
386679:10209,288:288,10/08/24 09:04:03,STABLE BEAMS,6800,485502.427867792,459048.243870103,63.4,HFET
386679:10209,289:289,10/08/24 09:04:26,STABLE BEAMS,6800,484518.458904108,458645.268101472,63.3,HFET
386679:10209,290:290,10/08/24 09:04:49,STABLE BEAMS,6800,483330.292178043,457239.383361174,63.1,HFET
386679:10209,291:291,10/08/24 09:05:13,STABLE BEAMS,6800,488833.820255419,458886.434428359,62.9,HFET
386679:10209,292:292,10/08/24 09:05:36,STABLE BEAMS,6800,491404.381449726,460801.470873735,64.2,HFET
386679:10209,293:293,10/08/24 09:05:59,STABLE BEAMS,6800,490172.460391372,459729.538685281,64.0,HFET
386679:10209,294:294,10/08/24 09:06:23,STABLE BEAMS,6800,489497.084182997,460935.736298946,63.8,HFET
386679:10209,295:295,10/08/24 09:06:46,STABLE BEAMS,6800,489531.141231198,460784.307147116,63.9,HFET
386679:10209,296:296,10/08/24 09:07:09,STABLE BEAMS,6800,489517.073176038,460505.624452415,63.9,HFET
386679:10209,297:297,10/08/24 09:07:33,STABLE BEAMS,6800,488827.491378905,453123.937582131,63.8,HFET
386679:10209,298:298,10/08/24 09:07:56,STABLE BEAMS,6800,489672.052559518,460871.948683135,63.8,HFET
386679:10209,299:299,10/08/24 09:08:19,STABLE BEAMS,6800,490286.053817715,461153.545225218,63.9,HFET
386679:10209,300:300,10/08/24 09:08:42,STABLE BEAMS,6800,491087.590293424,461144.393413360,64.0,HFET
386679:10209,301:301,10/08/24 09:09:06,STABLE BEAMS,6800,490623.470351327,460704.129722551,64.0,HFET
386679:10209,302:302,10/08/24 09:09:29,STABLE BEAMS,6800,489949.413533046,459907.465199665,63.9,HFET
386679:10209,303:303,10/08/24 09:09:52,STABLE BEAMS,6800,489918.319284863,461155.731776294,63.9,HFET
386679:10209,304:304,10/08/24 09:10:16,STABLE BEAMS,6800,489190.904093321,460426.722127464,63.8,HFET
386679:10209,305:305,10/08/24 09:10:39,STABLE BEAMS,6800,489098.206449324,460319.865516268,63.8,HFET
386679:10209,306:306,10/08/24 09:11:02,STABLE BEAMS,6800,488682.528637185,459537.271379622,63.8,HFET
386679:10209,307:307,10/08/24 09:11:26,STABLE BEAMS,6800,488230.926583442,460341.446635519,63.7,HFET
386679:10209,308:308,10/08/24 09:11:49,STABLE BEAMS,6800,487434.126858038,459938.925427080,63.6,HFET
386679:10209,309:309,10/08/24 09:12:12,STABLE BEAMS,6800,486354.865760648,453488.441241007,63.4,HFET
386679:10209,310:310,10/08/24 09:12:36,STABLE BEAMS,6800,485906.678736037,459465.017288857,63.4,HFET
386679:10209,311:311,10/08/24 09:12:59,STABLE BEAMS,6800,485424.483615860,458606.022073852,63.3,HFET
386679:10209,312:312,10/08/24 09:13:22,STABLE BEAMS,6800,485756.615595860,351772.882501434,63.4,HFET
386679:10209,313:313,10/08/24 09:13:45,STABLE BEAMS,6800,484671.752918263,459212.330774961,63.2,HFET
386679:10209,314:314,10/08/24 09:14:09,STABLE BEAMS,6800,484810.480026585,458416.621994017,63.3,HFET
386679:10209,315:315,10/08/24 09:14:32,STABLE BEAMS,6800,484120.308466742,459042.553708935,63.2,HFET
386679:10209,316:316,10/08/24 09:14:55,STABLE BEAMS,6800,483586.162944359,458566.778377310,63.1,HFET
386679:10209,317:317,10/08/24 09:15:19,STABLE BEAMS,6800,483104.287181855,456769.433393235,63.1,HFET
386679:10209,318:318,10/08/24 09:15:42,STABLE BEAMS,6800,487590.108605018,458872.503906795,62.9,HFET
386679:10209,319:319,10/08/24 09:16:05,STABLE BEAMS,6800,492643.948443611,462156.272372809,64.3,HFET
386679:10209,320:320,10/08/24 09:16:29,STABLE BEAMS,6800,492106.709580847,461258.033461262,64.2,HFET
386679:10209,321:321,10/08/24 09:16:52,STABLE BEAMS,6800,491963.474167856,462168.065295934,64.2,HFET
386679:10209,322:322,10/08/24 09:17:15,STABLE BEAMS,6800,491608.213232876,454836.596836971,64.1,HFET
386679:10209,323:323,10/08/24 09:17:39,STABLE BEAMS,6800,490929.058347215,460181.504387178,64.1,HFET
386679:10209,324:324,10/08/24 09:18:02,STABLE BEAMS,6800,490378.523016078,458570.829790710,64.0,HFET
386679:10209,325:325,10/08/24 09:18:25,STABLE BEAMS,6800,490222.541269098,460526.930504473,64.0,HFET
386679:10209,326:326,10/08/24 09:18:49,STABLE BEAMS,6800,488927.792999030,459261.229796188,63.9,HFET
386679:10209,327:327,10/08/24 09:19:12,STABLE BEAMS,6800,488070.119505197,459907.784557338,63.7,HFET
386679:10209,328:328,10/08/24 09:19:35,STABLE BEAMS,6800,487011.390542001,458185.199572776,63.6,HFET
386679:10209,329:329,10/08/24 09:19:58,STABLE BEAMS,6800,486419.879523437,458462.015074074,63.4,HFET
386679:10209,330:330,10/08/24 09:20:22,STABLE BEAMS,6800,486225.243842626,458989.148714116,63.4,HFET
386679:10209,331:331,10/08/24 09:20:45,STABLE BEAMS,6800,485644.842741361,458793.237933690,63.4,HFET
386679:10209,332:332,10/08/24 09:21:08,STABLE BEAMS,6800,485063.574479115,458378.058972223,63.3,HFET
386679:10209,333:333,10/08/24 09:21:32,STABLE BEAMS,6800,484612.657762276,457980.957519915,63.2,HFET
386679:10209,334:334,10/08/24 09:21:55,STABLE BEAMS,6800,484196.842416541,458585.534230139,63.2,HFET
386679:10209,335:335,10/08/24 09:22:18,STABLE BEAMS,6800,483840.215469908,450777.563143245,63.2,HFET
386679:10209,336:336,10/08/24 09:22:42,STABLE BEAMS,6800,482889.343150329,456443.448465673,63.0,HFET
386679:10209,337:337,10/08/24 09:23:05,STABLE BEAMS,6800,489099.299724862,459729.447773243,62.9,HFET
386679:10209,338:338,10/08/24 09:23:28,STABLE BEAMS,6800,492093.550646070,460774.108681279,64.1,HFET
386679:10209,339:339,10/08/24 09:23:52,STABLE BEAMS,6800,492295.242499702,461832.700110879,64.2,HFET
386679:10209,340:340,10/08/24 09:24:15,STABLE BEAMS,6800,492075.156110316,461163.016394749,64.2,HFET
386679:10209,341:341,10/08/24 09:24:38,STABLE BEAMS,6800,491795.473383194,461459.590112375,64.2,HFET
386679:10209,342:342,10/08/24 09:25:01,STABLE BEAMS,6800,491431.289081991,461088.303016794,64.1,HFET
386679:10209,343:343,10/08/24 09:25:25,STABLE BEAMS,6800,491955.688367651,462200.026705098,64.1,HFET
386679:10209,344:344,10/08/24 09:25:48,STABLE BEAMS,6800,492326.203876445,462028.291533632,64.2,HFET
386679:10209,345:345,10/08/24 09:26:11,STABLE BEAMS,6800,490926.645681583,462009.987909917,64.2,HFET
386679:10209,346:346,10/08/24 09:26:35,STABLE BEAMS,6800,489306.728361220,460363.165288366,63.9,HFET
386679:10209,347:347,10/08/24 09:26:58,STABLE BEAMS,6800,487468.773668950,460246.928419678,63.7,HFET
386679:10209,348:348,10/08/24 09:27:21,STABLE BEAMS,6800,486727.563158362,453153.668149740,63.5,HFET
386679:10209,349:349,10/08/24 09:27:45,STABLE BEAMS,6800,486265.536524225,459577.382237144,63.4,HFET
386679:10209,350:350,10/08/24 09:28:08,STABLE BEAMS,6800,485533.114177342,459081.662202959,63.3,HFET
386679:10209,351:351,10/08/24 09:28:31,STABLE BEAMS,6800,487068.576545183,458342.684865005,63.3,HFET
386679:10209,352:352,10/08/24 09:28:55,STABLE BEAMS,6800,485157.957492437,458154.967823417,63.5,HFET
386679:10209,353:353,10/08/24 09:29:18,STABLE BEAMS,6800,484121.310830241,458111.579470359,63.3,HFET
386679:10209,354:354,10/08/24 09:29:41,STABLE BEAMS,6800,484126.364607141,458388.031323504,63.1,HFET
386679:10209,355:355,10/08/24 09:30:05,STABLE BEAMS,6800,483913.378681055,457648.916451953,63.1,HFET
386679:10209,356:356,10/08/24 09:30:28,STABLE BEAMS,6800,483698.119954012,457046.022779977,63.1,HFET
386679:10209,357:357,10/08/24 09:30:51,STABLE BEAMS,6800,483342.630573398,456274.944168184,63.0,HFET
386679:10209,358:358,10/08/24 09:31:14,STABLE BEAMS,6800,485480.254654753,458519.245367736,63.0,HFET
386679:10209,359:359,10/08/24 09:31:38,STABLE BEAMS,6800,490981.416688054,461762.539328074,64.1,HFET
386679:10209,360:360,10/08/24 09:32:01,STABLE BEAMS,6800,491489.428496037,461343.991959033,64.1,HFET
386679:10209,361:361,10/08/24 09:32:24,STABLE BEAMS,6800,491468.439470574,455533.463252559,64.1,HFET
386679:10209,362:362,10/08/24 09:32:48,STABLE BEAMS,6800,490930.470980426,461932.498218176,64.0,HFET
386679:10209,363:363,10/08/24 09:33:11,STABLE BEAMS,6800,490740.707252437,461129.050258585,64.0,HFET
386679:10209,364:364,10/08/24 09:33:34,STABLE BEAMS,6800,490127.978762776,461801.102349868,64.0,HFET
386679:10209,365:365,10/08/24 09:33:58,STABLE BEAMS,6800,489696.090634881,460435.463669611,63.9,HFET
386679:10209,366:366,10/08/24 09:34:21,STABLE BEAMS,6800,489286.559875180,461411.467340091,63.8,HFET
386679:10209,367:367,10/08/24 09:34:44,STABLE BEAMS,6800,488571.392166954,461243.147197756,63.8,HFET
386679:10209,368:368,10/08/24 09:35:08,STABLE BEAMS,6800,488641.051768009,460808.391844037,63.7,HFET
386679:10209,369:369,10/08/24 09:35:31,STABLE BEAMS,6800,488726.098814320,461376.135192275,63.7,HFET
386679:10209,370:370,10/08/24 09:35:54,STABLE BEAMS,6800,488420.508487354,461111.613795851,63.7,HFET
386679:10209,371:371,10/08/24 09:36:18,STABLE BEAMS,6800,488113.689682332,459834.346278998,63.7,HFET
386679:10209,372:372,10/08/24 09:36:41,STABLE BEAMS,6800,487379.947945354,460870.948650714,63.6,HFET
386679:10209,373:373,10/08/24 09:37:04,STABLE BEAMS,6800,486574.541880323,459632.789627884,63.5,HFET
386679:10209,374:374,10/08/24 09:37:27,STABLE BEAMS,6800,486212.131529406,208185.221492932,63.5,HFET
386679:10209,375:375,10/08/24 09:37:51,STABLE BEAMS,6800,484755.890844190,452344.119759270,63.3,HFET
386679:10209,376:376,10/08/24 09:38:14,STABLE BEAMS,6800,484659.824792619,459419.395763166,63.2,HFET
386679:10209,377:377,10/08/24 09:38:37,STABLE BEAMS,6800,484157.733922517,458691.115741721,63.2,HFET
386679:10209,378:378,10/08/24 09:39:01,STABLE BEAMS,6800,482846.411688540,458173.726007324,63.1,HFET
386593:10199,1:1,10/04/24 15:46:38,STABLE BEAMS,6800,497168.517043722,464574.812321498,64.8,HFET
386593:10199,2:2,10/04/24 15:47:01,STABLE BEAMS,6800,494992.828791245,468018.798103047,64.9,HFET
386593:10199,3:3,10/04/24 15:47:25,STABLE BEAMS,6800,493716.882995565,467857.944403244,64.4,HFET
386593:10199,4:4,10/04/24 15:47:48,STABLE BEAMS,6800,494392.804676170,358329.493671319,64.5,HFET
386593:10199,5:5,10/04/24 15:48:11,STABLE BEAMS,6800,491125.743045506,462159.232841749,64.3,HFET
386593:10199,6:6,10/04/24 15:48:35,STABLE BEAMS,6800,491712.974205034,466067.065829279,63.7,HFET
386593:10199,7:7,10/04/24 15:48:58,STABLE BEAMS,6800,493894.264037719,467716.622805213,64.5,HFET
386593:10199,8:8,10/04/24 15:49:21,STABLE BEAMS,6800,491921.496116930,466423.329127759,64.2,HFET
386593:10199,9:9,10/04/24 15:49:45,STABLE BEAMS,6800,491988.470316238,440790.623977261,64.1,HFET
386593:10199,10:10,10/04/24 15:50:08,STABLE BEAMS,6800,491378.975031632,344993.930789829,64.2,HFET
386593:10199,11:11,10/04/24 15:50:31,STABLE BEAMS,6800,491658.977116428,465510.567600859,64.1,HFET
386593:10199,12:12,10/04/24 15:50:54,STABLE BEAMS,6800,491458.560362410,466848.613311947,64.1,HFET
386593:10199,13:13,10/04/24 15:51:18,STABLE BEAMS,6800,490125.384273067,464732.022546534,64.0,HFET
386593:10199,14:14,10/04/24 15:51:41,STABLE BEAMS,6800,489990.116484357,458433.105045888,63.9,HFET
386593:10199,15:15,10/04/24 15:52:04,STABLE BEAMS,6800,487330.503451897,360908.409448840,63.8,HFET
386593:10199,16:16,10/04/24 15:52:28,STABLE BEAMS,6800,486368.250809983,463092.710657996,63.4,HFET
386593:10199,17:17,10/04/24 15:52:51,STABLE BEAMS,6800,487307.647233032,463359.737963168,63.6,HFET
386593:10199,18:18,10/04/24 15:53:14,STABLE BEAMS,6800,486679.894946269,462515.358606632,63.5,HFET
386593:10199,19:19,10/04/24 15:53:38,STABLE BEAMS,6800,486614.424292211,463666.055586441,63.5,HFET
386593:10199,20:20,10/04/24 15:54:01,STABLE BEAMS,6800,486355.273699282,462787.849958415,63.5,HFET
386593:10199,21:21,10/04/24 15:54:24,STABLE BEAMS,6800,486030.470628218,463174.799566444,63.4,HFET
386593:10199,22:22,10/04/24 15:54:48,STABLE BEAMS,6800,484938.598399358,463029.470845493,63.3,HFET
386593:10199,23:23,10/04/24 15:55:11,STABLE BEAMS,6800,485791.672676483,463082.148544006,63.3,HFET
386593:10199,24:24,10/04/24 15:55:34,STABLE BEAMS,6800,486190.732234232,464192.233484542,63.4,HFET
386593:10199,25:25,10/04/24 15:55:57,STABLE BEAMS,6800,486845.849044530,464304.689344867,63.5,HFET
386593:10199,26:26,10/04/24 15:56:21,STABLE BEAMS,6800,486534.932204550,464959.985648163,63.5,HFET
386593:10199,27:27,10/04/24 15:56:44,STABLE BEAMS,6800,487602.948182122,458377.695324070,63.5,HFET
386593:10199,28:28,10/04/24 15:57:07,STABLE BEAMS,6800,488362.914545539,465197.464209803,63.7,HFET
386593:10199,29:29,10/04/24 15:57:31,STABLE BEAMS,6800,488837.417108627,464522.544892697,63.7,HFET
386593:10199,30:30,10/04/24 15:57:54,STABLE BEAMS,6800,488954.791543334,465852.352574466,63.7,HFET
386593:10199,31:31,10/04/24 15:58:17,STABLE BEAMS,6800,489556.864675887,466392.097345978,63.8,HFET
386593:10199,32:32,10/04/24 15:58:41,STABLE BEAMS,6800,489345.200470975,465454.430582735,63.8,HFET
386593:10199,33:33,10/04/24 15:59:04,STABLE BEAMS,6800,489688.442368273,464172.654761212,63.9,HFET
386593:10199,34:34,10/04/24 15:59:27,STABLE BEAMS,6800,489352.440798950,464598.304924632,63.8,HFET
386593:10199,35:35,10/04/24 15:59:51,STABLE BEAMS,6800,489611.272034206,463655.220736335,63.8,HFET
386593:10199,36:36,10/04/24 16:00:14,STABLE BEAMS,6800,489869.602087712,465409.811420542,63.8,HFET
386593:10199,37:37,10/04/24 16:00:37,STABLE BEAMS,6800,489970.449180067,463607.596814722,63.9,HFET
386593:10199,38:38,10/04/24 16:01:01,STABLE BEAMS,6800,489863.182299160,464860.779634654,63.9,HFET
386593:10199,39:39,10/04/24 16:01:24,STABLE BEAMS,6800,490210.293785781,463592.344571986,63.9,HFET
386593:10199,40:40,10/04/24 16:01:47,STABLE BEAMS,6800,489639.953616757,458005.361574509,63.9,HFET
386593:10199,41:41,10/04/24 16:02:11,STABLE BEAMS,6800,489206.519984211,465101.899339983,63.9,HFET
386593:10199,42:42,10/04/24 16:02:34,STABLE BEAMS,6800,489506.417818931,464618.883680383,63.8,HFET
386593:10199,43:43,10/04/24 16:02:57,STABLE BEAMS,6800,489573.210194162,464300.090128159,63.8,HFET
386593:10199,44:44,10/04/24 16:03:21,STABLE BEAMS,6800,489515.478718750,462649.304674169,63.9,HFET
386593:10199,45:45,10/04/24 16:03:44,STABLE BEAMS,6800,490039.924625968,466109.999622146,63.9,HFET
386593:10199,46:46,10/04/24 16:04:07,STABLE BEAMS,6800,490565.237694166,464598.897018420,63.9,HFET
386593:10199,47:47,10/04/24 16:04:30,STABLE BEAMS,6800,490991.160593700,467155.751474642,64.0,HFET
386593:10199,48:48,10/04/24 16:04:54,STABLE BEAMS,6800,497085.062123621,467371.467092954,64.1,HFET
386593:10199,49:49,10/04/24 16:05:17,STABLE BEAMS,6800,500076.445819005,471127.325456425,65.4,HFET
386593:10199,50:50,10/04/24 16:05:40,STABLE BEAMS,6800,490339.004252343,466317.929440254,64.7,HFET
386593:10199,51:51,10/04/24 16:06:04,STABLE BEAMS,6800,488810.281030727,464693.687970376,63.7,HFET
386593:10199,52:52,10/04/24 16:06:27,STABLE BEAMS,6800,489052.405430633,465070.348200529,63.8,HFET
386593:10199,53:53,10/04/24 16:06:50,STABLE BEAMS,6800,488703.060771378,457443.170853843,63.8,HFET
386593:10199,54:54,10/04/24 16:07:13,STABLE BEAMS,6800,487896.836498002,463893.564127878,63.7,HFET
386593:10199,55:55,10/04/24 16:07:37,STABLE BEAMS,6800,487055.646056040,463481.072899236,63.6,HFET
386593:10199,56:56,10/04/24 16:08:00,STABLE BEAMS,6800,486638.828346805,463511.712587229,63.5,HFET
386593:10199,57:57,10/04/24 16:08:23,STABLE BEAMS,6800,485688.641364130,462773.325011985,63.4,HFET
386593:10199,58:58,10/04/24 16:08:47,STABLE BEAMS,6800,485016.680184886,460451.944390404,63.3,HFET
386593:10199,59:59,10/04/24 16:09:10,STABLE BEAMS,6800,484085.978682425,462814.575766603,63.2,HFET
386593:10199,60:60,10/04/24 16:09:33,STABLE BEAMS,6800,483540.042567995,462189.646415184,63.1,HFET
386593:10199,61:61,10/04/24 16:09:57,STABLE BEAMS,6800,483090.990713481,460665.021228527,63.0,HFET
386593:10199,62:62,10/04/24 16:10:20,STABLE BEAMS,6800,488794.620849357,464652.847485468,62.9,HFET
386593:10199,63:63,10/04/24 16:10:43,STABLE BEAMS,6800,491819.103519924,465240.535536267,64.2,HFET
386593:10199,64:64,10/04/24 16:11:07,STABLE BEAMS,6800,491387.898397855,464236.533289061,64.1,HFET
386593:10199,65:65,10/04/24 16:11:30,STABLE BEAMS,6800,490778.267910731,464248.414793147,64.1,HFET
386593:10199,66:66,10/04/24 16:11:53,STABLE BEAMS,6800,490059.321525221,458900.777550712,64.0,HFET
386593:10199,67:67,10/04/24 16:12:17,STABLE BEAMS,6800,489018.805273701,464334.238088400,63.8,HFET
386593:10199,68:68,10/04/24 16:12:40,STABLE BEAMS,6800,488102.353650477,465828.722437736,63.7,HFET
386593:10199,69:69,10/04/24 16:13:03,STABLE BEAMS,6800,487632.904864288,464388.780649236,63.6,HFET
386593:10199,70:70,10/04/24 16:13:26,STABLE BEAMS,6800,487574.035822858,465079.453390829,63.5,HFET
386593:10199,71:71,10/04/24 16:13:50,STABLE BEAMS,6800,486005.339277316,464318.757400028,63.5,HFET
386593:10199,72:72,10/04/24 16:14:13,STABLE BEAMS,6800,485009.624012066,463256.158847508,63.3,HFET
386593:10199,73:73,10/04/24 16:14:36,STABLE BEAMS,6800,484147.535456680,462724.472612316,63.1,HFET
386593:10199,74:74,10/04/24 16:15:00,STABLE BEAMS,6800,485002.612129726,462992.045389718,63.2,HFET
386593:10199,75:75,10/04/24 16:15:23,STABLE BEAMS,6800,486012.397781215,463245.869469632,63.3,HFET
386593:10199,76:76,10/04/24 16:15:46,STABLE BEAMS,6800,485593.258318386,463931.306610249,63.4,HFET
386593:10199,77:77,10/04/24 16:16:10,STABLE BEAMS,6800,486363.150411525,463612.923327737,63.4,HFET
386593:10199,78:78,10/04/24 16:16:33,STABLE BEAMS,6800,486522.638099675,464284.975419019,63.4,HFET
386593:10199,79:79,10/04/24 16:16:56,STABLE BEAMS,6800,486198.884013668,457199.225882093,63.4,HFET
386593:10199,80:80,10/04/24 16:17:20,STABLE BEAMS,6800,485977.247457475,462440.873674312,63.4,HFET
386593:10199,81:81,10/04/24 16:17:43,STABLE BEAMS,6800,485914.100888089,463541.897715029,63.4,HFET
386593:10199,82:82,10/04/24 16:18:06,STABLE BEAMS,6800,486632.226734176,463836.242922178,63.4,HFET
386593:10199,83:83,10/04/24 16:18:30,STABLE BEAMS,6800,486718.686413698,463541.396533279,63.5,HFET
386593:10199,84:84,10/04/24 16:18:53,STABLE BEAMS,6800,486600.766506761,464511.117948804,63.5,HFET
386593:10199,85:85,10/04/24 16:19:16,STABLE BEAMS,6800,486054.601946697,464132.772349324,63.4,HFET
386593:10199,86:86,10/04/24 16:19:39,STABLE BEAMS,6800,486064.164028266,462948.064942872,63.4,HFET
386593:10199,87:87,10/04/24 16:20:03,STABLE BEAMS,6800,485761.123900529,463272.003184033,63.4,HFET
386593:10199,88:88,10/04/24 16:20:26,STABLE BEAMS,6800,485085.202219924,460345.544670477,63.3,HFET
386593:10199,89:89,10/04/24 16:20:49,STABLE BEAMS,6800,485189.734746447,464237.533321483,63.3,HFET
386593:10199,90:90,10/04/24 16:21:13,STABLE BEAMS,6800,484857.192496736,462723.335046298,63.3,HFET
386593:10199,91:91,10/04/24 16:21:36,STABLE BEAMS,6800,484968.191433371,463699.383007258,63.2,HFET
386593:10199,92:92,10/04/24 16:21:59,STABLE BEAMS,6800,484397.352413675,456746.397681371,63.2,HFET
386593:10199,93:93,10/04/24 16:22:23,STABLE BEAMS,6800,483144.670775493,462482.306253007,63.0,HFET
386593:10199,94:94,10/04/24 16:22:46,STABLE BEAMS,6800,491231.506381164,467871.921546367,63.2,HFET
386593:10199,95:95,10/04/24 16:23:09,STABLE BEAMS,6800,491391.040690872,468064.871857853,64.1,HFET
386593:10199,96:96,10/04/24 16:23:33,STABLE BEAMS,6800,490867.550525596,466836.822719900,64.1,HFET
386593:10199,97:97,10/04/24 16:23:56,STABLE BEAMS,6800,491099.565040625,466100.938722327,64.0,HFET
386593:10199,98:98,10/04/24 16:24:19,STABLE BEAMS,6800,490521.620895473,467444.541723141,64.0,HFET
386593:10199,99:99,10/04/24 16:24:43,STABLE BEAMS,6800,490028.635215670,466319.523897541,63.9,HFET
386593:10199,100:100,10/04/24 16:25:06,STABLE BEAMS,6800,489635.310109569,467175.922291760,63.9,HFET
386593:10199,101:101,10/04/24 16:25:29,STABLE BEAMS,6800,488636.543463340,463425.299529265,63.8,HFET
386593:10199,102:102,10/04/24 16:25:52,STABLE BEAMS,6800,488429.296651059,465503.098827249,63.7,HFET
386593:10199,103:103,10/04/24 16:26:16,STABLE BEAMS,6800,487588.789214923,465637.273340422,63.6,HFET
386593:10199,104:104,10/04/24 16:26:39,STABLE BEAMS,6800,487526.185786689,465804.910476930,63.5,HFET
386593:10199,105:105,10/04/24 16:27:02,STABLE BEAMS,6800,487954.157703702,458807.396900889,63.6,HFET
386593:10199,106:106,10/04/24 16:27:26,STABLE BEAMS,6800,488032.101955634,465565.201073734,63.7,HFET
386593:10199,107:107,10/04/24 16:27:49,STABLE BEAMS,6800,488419.144806779,465418.098402497,63.7,HFET
386593:10199,108:108,10/04/24 16:28:12,STABLE BEAMS,6800,488678.293068630,466443.133965645,63.8,HFET
386593:10199,109:109,10/04/24 16:28:36,STABLE BEAMS,6800,488253.099796481,465809.418781600,63.7,HFET
386593:10199,110:110,10/04/24 16:28:59,STABLE BEAMS,6800,488294.122105465,466088.782151049,63.6,HFET
386593:10199,111:111,10/04/24 16:29:22,STABLE BEAMS,6800,488419.552745413,463691.916564726,63.7,HFET
386593:10199,112:112,10/04/24 16:29:46,STABLE BEAMS,6800,487857.954118535,465309.829158090,63.6,HFET
386593:10199,113:113,10/04/24 16:30:09,STABLE BEAMS,6800,489205.564242269,467277.816038094,63.7,HFET
386593:10199,114:114,10/04/24 16:30:32,STABLE BEAMS,6800,488138.641540234,465391.689620904,63.7,HFET
386593:10199,115:115,10/04/24 16:30:55,STABLE BEAMS,6800,487787.476309135,465839.375463765,63.6,HFET
386593:10199,116:116,10/04/24 16:31:19,STABLE BEAMS,6800,487832.687565115,465964.353874600,63.6,HFET
386593:10199,117:117,10/04/24 16:31:42,STABLE BEAMS,6800,487542.575595443,465064.520505765,63.6,HFET
386593:10199,118:118,10/04/24 16:32:05,STABLE BEAMS,6800,488391.598459168,458882.611460594,63.6,HFET
386593:10199,119:119,10/04/24 16:32:29,STABLE BEAMS,6800,487747.957545400,464968.135096522,63.6,HFET
386593:10199,120:120,10/04/24 16:32:52,STABLE BEAMS,6800,487235.302230230,465825.626766278,63.6,HFET
386593:10199,121:121,10/04/24 16:33:15,STABLE BEAMS,6800,486696.058640467,462453.030245590,63.5,HFET
386593:10199,122:122,10/04/24 16:33:39,STABLE BEAMS,6800,486248.372797606,463915.690719359,63.4,HFET
386593:10199,123:123,10/04/24 16:34:02,STABLE BEAMS,6800,485732.803635053,463541.853424549,63.4,HFET
386593:10199,124:124,10/04/24 16:34:25,STABLE BEAMS,6800,485051.417907837,463228.067027667,63.3,HFET
386593:10199,125:125,10/04/24 16:34:49,STABLE BEAMS,6800,484311.300672787,462756.890912750,63.2,HFET
386593:10199,126:126,10/04/24 16:35:12,STABLE BEAMS,6800,483374.090800813,461226.253876174,63.1,HFET
386593:10199,127:127,10/04/24 16:35:35,STABLE BEAMS,6800,485623.215000552,463910.956300132,63.0,HFET
386593:10199,128:128,10/04/24 16:35:59,STABLE BEAMS,6800,491392.043054372,466392.871263843,64.1,HFET
386593:10199,129:129,10/04/24 16:36:22,STABLE BEAMS,6800,490792.928059680,463982.254648955,64.0,HFET
386593:10199,130:130,10/04/24 16:36:45,STABLE BEAMS,6800,491753.905601980,465412.725267925,64.1,HFET
386593:10199,131:131,10/04/24 16:37:09,STABLE BEAMS,6800,490479.871290182,459158.471219950,64.0,HFET
386593:10199,132:132,10/04/24 16:37:32,STABLE BEAMS,6800,490198.822551407,464040.440684559,63.9,HFET
386593:10199,133:133,10/04/24 16:37:55,STABLE BEAMS,6800,489685.756966526,465685.943916014,63.9,HFET
386593:10199,134:134,10/04/24 16:38:18,STABLE BEAMS,6800,489021.581587487,464758.748354723,63.8,HFET
386593:10199,135:135,10/04/24 16:38:42,STABLE BEAMS,6800,487948.465211456,462531.613212868,63.7,HFET
386593:10199,136:136,10/04/24 16:39:05,STABLE BEAMS,6800,487620.613090491,463120.028559973,63.6,HFET
386593:10199,137:137,10/04/24 16:39:28,STABLE BEAMS,6800,486485.030819823,460179.683815333,63.5,HFET
386593:10199,138:138,10/04/24 16:39:52,STABLE BEAMS,6800,485949.885265018,463238.540560697,63.4,HFET
386593:10199,139:139,10/04/24 16:40:15,STABLE BEAMS,6800,485455.260837448,463915.963455474,63.4,HFET
386593:10199,140:140,10/04/24 16:40:38,STABLE BEAMS,6800,485142.796161739,464223.374354284,63.3,HFET
386593:10199,141:141,10/04/24 16:41:02,STABLE BEAMS,6800,485605.459180144,463312.934580978,63.3,HFET
386593:10199,142:142,10/04/24 16:41:25,STABLE BEAMS,6800,485424.164258187,463982.208027397,63.4,HFET
386593:10199,143:143,10/04/24 16:41:48,STABLE BEAMS,6800,485205.397258896,459834.255366960,63.2,HFET
386593:10199,144:144,10/04/24 16:42:11,STABLE BEAMS,6800,486125.671849885,460043.551196720,63.4,HFET
386593:10199,145:145,10/04/24 16:42:35,STABLE BEAMS,6800,486140.331998834,464661.589027615,63.4,HFET
386593:10199,146:146,10/04/24 16:42:58,STABLE BEAMS,6800,485473.471218047,463820.079227980,63.3,HFET
386593:10199,147:147,10/04/24 16:43:21,STABLE BEAMS,6800,485011.125226237,463955.573131247,63.3,HFET
386593:10199,148:148,10/04/24 16:43:45,STABLE BEAMS,6800,484466.326677825,463454.209557451,63.2,HFET
386593:10199,149:149,10/04/24 16:44:08,STABLE BEAMS,6800,485028.654932088,463452.617431242,63.3,HFET
386593:10199,150:150,10/04/24 16:44:31,STABLE BEAMS,6800,484946.838759755,461855.190350513,63.2,HFET
386593:10199,151:151,10/04/24 16:44:55,STABLE BEAMS,6800,485184.774212664,463856.684144333,63.3,HFET
386593:10199,152:152,10/04/24 16:45:18,STABLE BEAMS,6800,484224.113696959,462184.410814208,63.2,HFET
386593:10199,153:153,10/04/24 16:45:41,STABLE BEAMS,6800,483998.337146406,462194.744482564,63.2,HFET
386593:10199,154:154,10/04/24 16:46:05,STABLE BEAMS,6800,483597.226240099,461268.504663214,63.1,HFET
386593:10199,155:155,10/04/24 16:46:28,STABLE BEAMS,6800,483579.379507653,460667.114536486,63.0,HFET
386593:10199,156:156,10/04/24 16:46:51,STABLE BEAMS,6800,483575.964478522,454027.095068059,63.1,HFET
386593:10199,157:157,10/04/24 16:47:15,STABLE BEAMS,6800,483048.695635960,457596.238753441,63.0,HFET
386593:10199,158:158,10/04/24 16:47:38,STABLE BEAMS,6800,490952.187302195,466943.996357691,62.9,HFET
386593:10199,159:159,10/04/24 16:48:01,STABLE BEAMS,6800,491010.100601684,466137.727793834,64.1,HFET
386593:10199,160:160,10/04/24 16:48:24,STABLE BEAMS,6800,490758.281248768,467186.894675462,64.0,HFET
386593:10199,161:161,10/04/24 16:48:48,STABLE BEAMS,6800,490133.806457540,467021.350846913,64.0,HFET
386593:10199,162:162,10/04/24 16:49:11,STABLE BEAMS,6800,489607.994538670,466049.673657025,63.9,HFET
386593:10199,163:163,10/04/24 16:49:34,STABLE BEAMS,6800,489260.244336703,465346.434074443,63.8,HFET
386593:10199,164:164,10/04/24 16:49:58,STABLE BEAMS,6800,488410.083906960,465747.363156673,63.7,HFET
386593:10199,165:165,10/04/24 16:50:21,STABLE BEAMS,6800,487592.201912977,465269.263740376,63.7,HFET
386593:10199,166:166,10/04/24 16:50:44,STABLE BEAMS,6800,487311.108883722,463474.697401164,63.6,HFET
386593:10199,167:167,10/04/24 16:51:08,STABLE BEAMS,6800,487249.918088698,462725.474975815,63.5,HFET
386593:10199,168:168,10/04/24 16:51:31,STABLE BEAMS,6800,487596.073833378,463861.283361040,63.6,HFET
386593:10199,169:169,10/04/24 16:51:54,STABLE BEAMS,6800,487854.266353288,458768.106582789,63.7,HFET
386593:10199,170:170,10/04/24 16:52:18,STABLE BEAMS,6800,487667.143736567,463746.778483236,63.6,HFET
386593:10199,171:171,10/04/24 16:52:41,STABLE BEAMS,6800,487551.363759148,465524.861770577,63.6,HFET
386593:10199,172:172,10/04/24 16:53:04,STABLE BEAMS,6800,488060.375599552,464049.590165338,63.6,HFET
386593:10199,173:173,10/04/24 16:53:27,STABLE BEAMS,6800,487821.349202182,465480.244939462,63.6,HFET
386593:10199,174:174,10/04/24 16:53:51,STABLE BEAMS,6800,488116.104679042,465612.596549712,63.7,HFET
386593:10199,175:175,10/04/24 16:54:14,STABLE BEAMS,6800,488185.808570578,465632.811657310,63.7,HFET
386593:10199,176:176,10/04/24 16:54:37,STABLE BEAMS,6800,487955.295269720,465558.417637029,63.6,HFET
386593:10199,177:177,10/04/24 16:55:01,STABLE BEAMS,6800,487984.934925290,465414.774285404,63.6,HFET
386593:10199,178:178,10/04/24 16:55:24,STABLE BEAMS,6800,487568.072925576,464691.184392705,63.6,HFET
386593:10199,179:179,10/04/24 16:55:47,STABLE BEAMS,6800,487271.769612986,465083.369601711,63.5,HFET
386593:10199,180:180,10/04/24 16:56:11,STABLE BEAMS,6800,487455.980713404,465879.852300519,63.6,HFET
386593:10199,181:181,10/04/24 16:56:34,STABLE BEAMS,6800,487567.161474114,465922.056466002,63.6,HFET
386593:10199,182:182,10/04/24 16:56:57,STABLE BEAMS,6800,487425.795585603,459089.357091125,63.6,HFET
386593:10199,183:183,10/04/24 16:57:21,STABLE BEAMS,6800,486860.236457363,465302.863897308,63.6,HFET
386593:10199,184:184,10/04/24 16:57:44,STABLE BEAMS,6800,487103.132444056,465473.552414795,63.4,HFET
386593:10199,185:185,10/04/24 16:58:07,STABLE BEAMS,6800,486466.867060782,464714.495171762,63.4,HFET
386593:10199,186:186,10/04/24 16:58:31,STABLE BEAMS,6800,486112.195888512,464689.088753668,63.4,HFET
386593:10199,187:187,10/04/24 16:58:54,STABLE BEAMS,6800,485391.473221638,464482.434035174,63.4,HFET
386593:10199,188:188,10/04/24 16:59:17,STABLE BEAMS,6800,485079.008545928,464110.918493959,63.3,HFET
386593:10199,189:189,10/04/24 16:59:40,STABLE BEAMS,6800,484310.344930846,463581.691545957,63.2,HFET
386593:10199,190:190,10/04/24 17:00:04,STABLE BEAMS,6800,483733.086122597,461542.590472285,63.1,HFET
386593:10199,191:191,10/04/24 17:00:27,STABLE BEAMS,6800,483590.715539509,307375.363858458,63.1,HFET
386593:10199,192:192,10/04/24 17:00:50,STABLE BEAMS,6800,483554.793628982,404926.216480685,63.1,HFET
386593:10199,193:193,10/04/24 17:01:14,STABLE BEAMS,6800,483222.570736944,462200.481265290,63.0,HFET
386593:10199,194:194,10/04/24 17:01:37,STABLE BEAMS,6800,485391.519843196,462537.440907632,63.1,HFET
386593:10199,195:195,10/04/24 17:02:00,STABLE BEAMS,6800,489511.609129427,464001.238947419,63.3,HFET
386593:10199,196:196,10/04/24 17:02:24,STABLE BEAMS,6800,491938.070080840,460081.885772879,64.1,HFET
386593:10199,197:197,10/04/24 17:02:47,STABLE BEAMS,6800,492168.035578390,466471.225785486,64.2,HFET
386593:10199,198:198,10/04/24 17:03:10,STABLE BEAMS,6800,490649.102883978,355868.089862100,64.1,HFET
386593:10199,199:199,10/04/24 17:03:34,STABLE BEAMS,6800,489585.457677478,466564.331368117,63.9,HFET
386593:10199,200:200,10/04/24 17:03:57,STABLE BEAMS,6800,488433.529888535,465103.127818039,63.7,HFET
386593:10199,201:201,10/04/24 17:04:20,STABLE BEAMS,6800,486288.439364648,239966.828790996,63.5,HFET
386593:10199,202:202,10/04/24 17:04:44,STABLE BEAMS,6800,485489.178020976,463939.637882684,63.4,HFET
386593:10199,203:203,10/04/24 17:05:07,STABLE BEAMS,6800,484341.488131665,462845.080252077,63.3,HFET
386593:10199,204:204,10/04/24 17:05:30,STABLE BEAMS,6800,484129.642102676,462922.796058374,63.1,HFET
386593:10199,205:205,10/04/24 17:05:53,STABLE BEAMS,6800,484751.748518751,463273.278283647,63.2,HFET
386593:10199,206:206,10/04/24 17:06:17,STABLE BEAMS,6800,483548.511374027,462611.424658202,63.1,HFET
386593:10199,207:207,10/04/24 17:06:40,STABLE BEAMS,6800,483102.510900491,461463.869971410,63.1,HFET
386593:10199,208:208,10/04/24 17:07:03,STABLE BEAMS,6800,493756.264225703,468690.575127136,64.3,HFET
386593:10199,209:209,10/04/24 17:07:27,STABLE BEAMS,6800,493546.695659828,462113.203377424,64.4,HFET
386593:10199,210:210,10/04/24 17:07:50,STABLE BEAMS,6800,493595.228701824,468337.726857789,64.4,HFET
386593:10199,211:211,10/04/24 17:08:13,STABLE BEAMS,6800,492317.644158375,467338.004469619,64.3,HFET
386593:10199,212:212,10/04/24 17:08:37,STABLE BEAMS,6800,491406.519048166,467905.202345626,64.1,HFET
386593:10199,213:213,10/04/24 17:09:00,STABLE BEAMS,6800,491209.379789683,466465.169645087,64.1,HFET
386593:10199,214:214,10/04/24 17:09:23,STABLE BEAMS,6800,490874.105516667,466479.330943364,64.0,HFET
386593:10199,215:215,10/04/24 17:09:47,STABLE BEAMS,6800,491349.472909658,467626.475360445,64.0,HFET
386593:10199,216:216,10/04/24 17:10:10,STABLE BEAMS,6800,491682.516341119,466065.972553742,64.1,HFET
386593:10199,217:217,10/04/24 17:10:33,STABLE BEAMS,6800,491495.347102839,465515.665668239,64.1,HFET
386593:10199,218:218,10/04/24 17:10:57,STABLE BEAMS,6800,491939.345180454,445201.734353548,64.1,HFET
386593:10199,219:219,10/04/24 17:11:20,STABLE BEAMS,6800,491603.112834418,433166.677504552,64.1,HFET
386593:10199,220:220,10/04/24 17:11:43,STABLE BEAMS,6800,491157.478340114,466980.011511333,64.1,HFET
386593:10199,221:221,10/04/24 17:12:06,STABLE BEAMS,6800,491325.432503217,466821.752301240,64.1,HFET
386593:10199,222:222,10/04/24 17:12:30,STABLE BEAMS,6800,490653.473655051,456476.318995221,64.1,HFET
386593:10199,223:223,10/04/24 17:12:53,STABLE BEAMS,6800,490567.468535722,248850.601655668,63.9,HFET
386593:10199,224:224,10/04/24 17:13:16,STABLE BEAMS,6800,490212.753072972,467879.707346572,64.0,HFET
386593:10199,225:225,10/04/24 17:13:40,STABLE BEAMS,6800,489319.567938324,461776.381268678,63.8,HFET
386593:10199,226:226,10/04/24 17:14:03,STABLE BEAMS,6800,489441.905237891,466178.794393298,63.8,HFET
386593:10199,227:227,10/04/24 17:14:26,STABLE BEAMS,6800,488914.953421926,464511.754333072,63.8,HFET
386593:10199,228:228,10/04/24 17:14:50,STABLE BEAMS,6800,488432.119586402,463274.052201512,63.7,HFET
386593:10199,229:229,10/04/24 17:15:13,STABLE BEAMS,6800,488234.341612574,465875.572441485,63.6,HFET
386593:10199,230:230,10/04/24 17:15:36,STABLE BEAMS,6800,487610.323712616,465827.629162199,63.7,HFET
386593:10199,231:231,10/04/24 17:16:00,STABLE BEAMS,6800,486728.838257977,464039.209875424,63.4,HFET
386593:10199,232:232,10/04/24 17:16:23,STABLE BEAMS,6800,486301.367522713,465079.726126944,63.5,HFET
386593:10199,233:233,10/04/24 17:16:46,STABLE BEAMS,6800,486038.666698134,464984.981796546,63.4,HFET
386593:10199,234:234,10/04/24 17:17:09,STABLE BEAMS,6800,486329.596876151,464281.742213964,63.4,HFET
386593:10199,235:235,10/04/24 17:17:33,STABLE BEAMS,6800,486075.318236045,246981.345249281,63.5,HFET
386593:10199,236:236,10/04/24 17:17:56,STABLE BEAMS,6800,485354.276211497,458034.180690657,63.3,HFET
386593:10199,237:237,10/04/24 17:18:19,STABLE BEAMS,6800,486595.757020342,462982.986820976,63.4,HFET
386593:10199,238:238,10/04/24 17:18:43,STABLE BEAMS,6800,486267.403717628,463507.889619463,63.5,HFET
386593:10199,239:239,10/04/24 17:19:06,STABLE BEAMS,6800,485813.298086214,464556.464407303,63.3,HFET
386593:10199,240:240,10/04/24 17:19:29,STABLE BEAMS,6800,485690.963117724,464424.567357244,63.3,HFET
386593:10199,241:241,10/04/24 17:19:53,STABLE BEAMS,6800,485447.747773358,463907.814007116,63.4,HFET
386593:10199,242:242,10/04/24 17:20:16,STABLE BEAMS,6800,485253.203004585,464525.778097752,63.2,HFET
386593:10199,243:243,10/04/24 17:20:39,STABLE BEAMS,6800,485096.083691587,463424.980171592,63.3,HFET
386593:10199,244:244,10/04/24 17:21:03,STABLE BEAMS,6800,485267.042614111,464123.485334948,63.3,HFET
386593:10199,245:245,10/04/24 17:21:26,STABLE BEAMS,6800,485251.426723221,463238.312115062,63.3,HFET
386593:10199,246:246,10/04/24 17:21:49,STABLE BEAMS,6800,485352.502261211,462291.948100153,63.3,HFET
386593:10199,247:247,10/04/24 17:22:13,STABLE BEAMS,6800,484447.204845765,463826.135368379,63.2,HFET
386593:10199,248:248,10/04/24 17:22:36,STABLE BEAMS,6800,484547.823492486,463047.774469209,63.2,HFET
386593:10199,249:249,10/04/24 17:22:59,STABLE BEAMS,6800,484456.447569661,457030.497801125,63.2,HFET
386593:10199,250:250,10/04/24 17:23:22,STABLE BEAMS,6800,483489.050238809,461444.246957600,63.1,HFET
386593:10199,251:251,10/04/24 17:23:46,STABLE BEAMS,6800,484067.313741634,460267.190148834,63.1,HFET
386593:10199,252:252,10/04/24 17:24:09,STABLE BEAMS,6800,491150.783484369,466831.039315616,64.2,HFET
386593:10199,253:253,10/04/24 17:24:32,STABLE BEAMS,6800,490639.221444736,464080.458298965,64.0,HFET
386593:10199,254:254,10/04/24 17:24:56,STABLE BEAMS,6800,490191.081041683,464926.613936866,64.0,HFET
386593:10199,255:255,10/04/24 17:25:19,STABLE BEAMS,6800,489615.095001971,465316.568304316,63.9,HFET
386593:10199,256:256,10/04/24 17:25:42,STABLE BEAMS,6800,489348.114318357,466003.872638335,63.8,HFET
386593:10199,257:257,10/04/24 17:26:06,STABLE BEAMS,6800,489094.336860000,464641.147805460,63.8,HFET
386593:10199,258:258,10/04/24 17:26:29,STABLE BEAMS,6800,488238.120289859,464817.116214403,63.7,HFET
386593:10199,259:259,10/04/24 17:26:52,STABLE BEAMS,6800,487962.626509733,462735.172259903,63.7,HFET
386593:10199,260:260,10/04/24 17:27:16,STABLE BEAMS,6800,488038.430832148,465292.301783318,63.7,HFET
386593:10199,261:261,10/04/24 17:27:39,STABLE BEAMS,6800,487974.235277703,464673.381950739,63.6,HFET
386593:10199,262:262,10/04/24 17:28:02,STABLE BEAMS,6800,487535.838780296,458586.217235966,63.6,HFET
386593:10199,263:263,10/04/24 17:28:26,STABLE BEAMS,6800,486518.586686275,464707.574201460,63.5,HFET
386593:10199,264:264,10/04/24 17:28:49,STABLE BEAMS,6800,486124.443371829,463485.760696905,63.4,HFET
386593:10199,265:265,10/04/24 17:29:12,STABLE BEAMS,6800,485578.507257399,463519.179029760,63.4,HFET
386593:10199,266:266,10/04/24 17:29:35,STABLE BEAMS,6800,485162.053196318,460529.389791664,63.3,HFET
386593:10199,267:267,10/04/24 17:29:59,STABLE BEAMS,6800,484638.472119003,463341.753697126,63.3,HFET
386593:10199,268:268,10/04/24 17:30:22,STABLE BEAMS,6800,483666.794929116,463074.134298166,63.1,HFET
386593:10199,269:269,10/04/24 17:30:45,STABLE BEAMS,6800,483079.974039299,458262.416528401,63.0,HFET
386593:10199,270:270,10/04/24 17:31:09,STABLE BEAMS,6800,491535.548872400,465039.752803018,63.0,HFET
386593:10199,271:271,10/04/24 17:31:32,STABLE BEAMS,6800,492091.730074225,463292.080758034,64.2,HFET
386593:10199,272:272,10/04/24 17:31:55,STABLE BEAMS,6800,491907.111035174,467434.434169342,64.1,HFET
386593:10199,273:273,10/04/24 17:32:19,STABLE BEAMS,6800,491977.407020498,465930.979832224,64.1,HFET
386593:10199,274:274,10/04/24 17:32:42,STABLE BEAMS,6800,492152.920869249,466946.182908766,64.2,HFET
386593:10199,275:275,10/04/24 17:33:05,STABLE BEAMS,6800,493550.837985266,460275.703245346,64.3,HFET
386593:10199,276:276,10/04/24 17:33:29,STABLE BEAMS,6800,494489.005930259,468077.347786804,64.5,HFET
386593:10199,277:277,10/04/24 17:33:52,STABLE BEAMS,6800,493625.460451182,465771.673968151,64.5,HFET
386593:10199,278:278,10/04/24 17:34:15,STABLE BEAMS,6800,493040.005573018,467785.508488403,64.3,HFET
386593:10199,279:279,10/04/24 17:34:38,STABLE BEAMS,6800,492349.195297829,466741.348762117,64.3,HFET
386593:10199,280:280,10/04/24 17:35:02,STABLE BEAMS,6800,491612.129443757,467358.629846928,64.1,HFET
386593:10199,281:281,10/04/24 17:35:25,STABLE BEAMS,6800,491725.587667582,467434.753527015,64.1,HFET
386593:10199,282:282,10/04/24 17:35:48,STABLE BEAMS,6800,491751.492936348,465794.621099054,64.1,HFET
386593:10199,283:283,10/04/24 17:36:12,STABLE BEAMS,6800,491447.450445111,467548.712932590,64.1,HFET
386593:10199,284:284,10/04/24 17:36:35,STABLE BEAMS,6800,491867.091089690,467366.550849651,64.1,HFET
386593:10199,285:285,10/04/24 17:36:58,STABLE BEAMS,6800,491871.869799396,467139.771935598,64.1,HFET
386593:10199,286:286,10/04/24 17:37:22,STABLE BEAMS,6800,491645.729600690,466648.788651717,64.1,HFET
386593:10199,287:287,10/04/24 17:37:45,STABLE BEAMS,6800,491733.417758267,459332.071253741,64.1,HFET
386593:10199,288:288,10/04/24 17:38:08,STABLE BEAMS,6800,491883.252452810,466802.266821026,64.2,HFET
386593:10199,289:289,10/04/24 17:38:32,STABLE BEAMS,6800,491714.797107957,466283.828101572,64.1,HFET
386593:10199,290:290,10/04/24 17:38:55,STABLE BEAMS,6800,491488.106774864,466686.577755646,64.1,HFET
386593:10199,291:291,10/04/24 17:39:18,STABLE BEAMS,6800,490871.464405400,464738.761692760,64.0,HFET
386593:10199,292:292,10/04/24 17:39:42,STABLE BEAMS,6800,490626.155753075,463297.908452798,64.0,HFET
386593:10199,293:293,10/04/24 17:40:05,STABLE BEAMS,6800,490428.058421573,465443.730935148,64.0,HFET
386593:10199,294:294,10/04/24 17:40:28,STABLE BEAMS,6800,490333.314091175,465478.240212463,64.0,HFET
386593:10199,295:295,10/04/24 17:40:51,STABLE BEAMS,6800,490414.992729912,464054.233672526,63.9,HFET
386593:10199,296:296,10/04/24 17:41:15,STABLE BEAMS,6800,489673.919752921,464819.074319844,63.9,HFET
386593:10199,297:297,10/04/24 17:41:38,STABLE BEAMS,6800,488678.749959900,306894.327284000,63.8,HFET
386593:10199,298:298,10/04/24 17:42:01,STABLE BEAMS,6800,488225.189800716,414563.265515184,63.7,HFET
386593:10199,299:299,10/04/24 17:42:25,STABLE BEAMS,6800,487597.938695703,464951.516842132,63.6,HFET
386593:10199,300:300,10/04/24 17:42:48,STABLE BEAMS,6800,487182.533619679,463742.498624201,63.5,HFET
386593:10199,301:301,10/04/24 17:43:11,STABLE BEAMS,6800,486555.420048262,458552.936436707,63.5,HFET
386593:10199,302:302,10/04/24 17:43:35,STABLE BEAMS,6800,486068.942737973,464246.274863629,63.4,HFET
386593:10199,303:303,10/04/24 17:43:58,STABLE BEAMS,6800,486128.177758634,464080.777656638,63.4,HFET
386593:10199,304:304,10/04/24 17:44:21,STABLE BEAMS,6800,485467.690144841,464690.091117167,63.4,HFET
386593:10199,305:305,10/04/24 17:44:45,STABLE BEAMS,6800,484878.636082391,464403.851067896,63.2,HFET
386593:10199,306:306,10/04/24 17:45:08,STABLE BEAMS,6800,485198.613822190,464591.020306176,63.3,HFET
386593:10199,307:307,10/04/24 17:45:31,STABLE BEAMS,6800,485204.669962589,463700.066013084,63.3,HFET
386593:10199,308:308,10/04/24 17:45:55,STABLE BEAMS,6800,484832.380503508,462928.033990428,63.2,HFET
386593:10199,309:309,10/04/24 17:46:18,STABLE BEAMS,6800,481676.091694921,462394.844209987,63.2,HFET
386593:10199,310:310,10/04/24 17:46:41,STABLE BEAMS,6800,479168.726022637,459702.540140978,62.4,HFET
386593:10199,311:311,10/04/24 17:47:04,STABLE BEAMS,6800,482363.396028940,461801.011437829,62.4,HFET
386593:10199,312:312,10/04/24 17:47:28,STABLE BEAMS,6800,488927.611174953,466647.786288218,63.9,HFET
386593:10199,313:313,10/04/24 17:47:51,STABLE BEAMS,6800,487908.811245203,464925.066101137,63.7,HFET
386593:10199,314:314,10/04/24 17:48:14,STABLE BEAMS,6800,487674.929536771,458824.106067317,63.6,HFET
386593:10199,315:315,10/04/24 17:48:38,STABLE BEAMS,6800,486672.064855584,463549.000509408,63.5,HFET
386593:10199,316:316,10/04/24 17:49:01,STABLE BEAMS,6800,486489.902772646,464428.756304241,63.4,HFET
386593:10199,317:317,10/04/24 17:49:24,STABLE BEAMS,6800,486644.565129531,461286.761665371,63.5,HFET
386593:10199,318:318,10/04/24 17:49:48,STABLE BEAMS,6800,485977.247457475,462787.894248895,63.4,HFET
386593:10199,319:319,10/04/24 17:50:11,STABLE BEAMS,6800,485344.397103333,460371.039669532,63.3,HFET
386593:10199,320:320,10/04/24 17:50:34,STABLE BEAMS,6800,484942.787346355,462940.645121898,63.3,HFET
386593:10199,321:321,10/04/24 17:50:58,STABLE BEAMS,6800,484419.751741270,461967.965568511,63.2,HFET
386593:10199,322:322,10/04/24 17:51:21,STABLE BEAMS,6800,483656.277105606,463311.978839037,63.1,HFET
386593:10199,323:323,10/04/24 17:51:44,STABLE BEAMS,6800,483751.205591158,460257.399621630,63.1,HFET
386593:10199,324:324,10/04/24 17:52:07,STABLE BEAMS,6800,483992.236715526,462908.364355060,63.1,HFET
386593:10199,325:325,10/04/24 17:52:31,STABLE BEAMS,6800,484738.135023782,463637.963766600,63.2,HFET
386593:10199,326:326,10/04/24 17:52:54,STABLE BEAMS,6800,485020.277038095,463435.633197621,63.3,HFET
386593:10199,327:327,10/04/24 17:53:17,STABLE BEAMS,6800,484906.044896405,456815.418567080,63.3,HFET
386593:10199,328:328,10/04/24 17:53:41,STABLE BEAMS,6800,485252.018817009,463153.127535155,63.3,HFET
386593:10199,329:329,10/04/24 17:54:04,STABLE BEAMS,6800,485342.166261777,464327.498942174,63.3,HFET
386593:10199,330:330,10/04/24 17:54:27,STABLE BEAMS,6800,485434.908196254,463472.056289897,63.3,HFET
386593:10199,331:331,10/04/24 17:54:51,STABLE BEAMS,6800,483584.433284553,461240.687910566,62.8,HFET
386593:10199,332:332,10/04/24 17:55:14,STABLE BEAMS,6800,483160.559402498,462676.121394396,63.1,HFET
386593:10199,333:333,10/04/24 17:55:37,STABLE BEAMS,6800,492311.998287688,469081.030676336,63.7,HFET
386593:10199,334:334,10/04/24 17:56:01,STABLE BEAMS,6800,492506.361232385,469014.695192374,64.2,HFET
386593:10199,335:335,10/04/24 17:56:24,STABLE BEAMS,6800,492426.048605301,468663.166313121,64.3,HFET
386593:10199,336:336,10/04/24 17:56:47,STABLE BEAMS,6800,492343.959696853,466662.903328436,64.2,HFET
386593:10199,337:337,10/04/24 17:57:11,STABLE BEAMS,6800,492701.134446793,466967.626494421,64.2,HFET
386593:10199,338:338,10/04/24 17:57:34,STABLE BEAMS,6800,491913.302378092,468800.163761638,64.2,HFET
386593:10199,339:339,10/04/24 17:57:57,STABLE BEAMS,6800,490295.888635399,467591.509191860,64.1,HFET
386593:10199,340:340,10/04/24 17:58:20,STABLE BEAMS,6800,486884.183620688,457910.614913033,63.7,HFET
386593:10199,341:341,10/04/24 17:58:44,STABLE BEAMS,6800,484051.695519666,461724.204751915,63.3,HFET
386593:10199,342:342,10/04/24 17:59:07,STABLE BEAMS,6800,483783.803384591,463013.309482373,63.0,HFET
386593:10199,343:343,10/04/24 17:59:30,STABLE BEAMS,6800,488748.773209108,464301.456139812,63.8,HFET
386593:10199,344:344,10/04/24 17:59:54,STABLE BEAMS,6800,487913.135394718,462062.528074832,63.6,HFET
386593:10199,345:345,10/04/24 18:00:17,STABLE BEAMS,6800,488019.309000087,463813.295791274,63.6,HFET
386593:10199,346:346,10/04/24 18:00:40,STABLE BEAMS,6800,488237.437284032,463879.540363198,63.7,HFET
386593:10199,347:347,10/04/24 18:01:04,STABLE BEAMS,6800,488310.330090143,465510.520979301,63.7,HFET
386593:10199,348:348,10/04/24 18:01:27,STABLE BEAMS,6800,487415.415295689,465245.498401128,63.7,HFET
386593:10199,349:349,10/04/24 18:01:50,STABLE BEAMS,6800,491400.828886998,468131.617611526,63.4,HFET
386593:10199,350:350,10/04/24 18:02:14,STABLE BEAMS,6800,494837.119780380,470192.754364640,64.4,HFET
386593:10199,351:351,10/04/24 18:02:37,STABLE BEAMS,6800,492644.631449437,469165.669784013,64.5,HFET
386593:10199,352:352,10/04/24 18:03:00,STABLE BEAMS,6800,491706.873774155,461009.582515920,64.2,HFET
386593:10199,353:353,10/04/24 18:03:24,STABLE BEAMS,6800,491805.991206704,468506.093621682,64.1,HFET
386593:10199,354:354,10/04/24 18:03:47,STABLE BEAMS,6800,491459.879752504,467941.625437902,64.2,HFET
386593:10199,355:355,10/04/24 18:04:10,STABLE BEAMS,6800,490737.154689709,468367.821073551,64.0,HFET
386593:10199,356:356,10/04/24 18:04:33,STABLE BEAMS,6800,490173.735490987,467597.064150509,64.0,HFET
386593:10199,357:357,10/04/24 18:04:57,STABLE BEAMS,6800,489583.452950479,466301.539631499,63.9,HFET
386593:10199,358:358,10/04/24 18:05:20,STABLE BEAMS,6800,488974.232733067,466327.535812303,63.8,HFET
386593:10199,359:359,10/04/24 18:05:43,STABLE BEAMS,6800,488632.811407613,263578.529025603,63.8,HFET
386593:10199,360:360,10/04/24 18:06:07,STABLE BEAMS,6800,487578.998687719,466100.302338058,63.7,HFET
386593:10199,361:361,10/04/24 18:06:30,STABLE BEAMS,6800,487611.962460383,465464.491514976,63.6,HFET
386593:10199,362:362,10/04/24 18:06:53,STABLE BEAMS,6800,488226.238785774,463997.642094210,63.7,HFET
386593:10199,363:363,10/04/24 18:07:17,STABLE BEAMS,6800,488026.183348831,464979.016568185,63.7,HFET
386593:10199,364:364,10/04/24 18:07:40,STABLE BEAMS,6800,487738.896645581,465720.317990811,63.6,HFET
386593:10199,365:365,10/04/24 18:08:03,STABLE BEAMS,6800,487908.263441895,465743.400324233,63.6,HFET
386593:10199,366:366,10/04/24 18:08:27,STABLE BEAMS,6800,487000.509070337,457882.842450865,63.6,HFET
386593:10199,367:367,10/04/24 18:08:50,STABLE BEAMS,6800,486636.597505249,465148.884546249,63.5,HFET
386593:10199,368:368,10/04/24 18:09:13,STABLE BEAMS,6800,484596.995249828,464559.012275454,63.4,HFET
386593:10199,369:369,10/04/24 18:09:36,STABLE BEAMS,6800,490172.507012930,465862.322594669,62.8,HFET
386593:10199,370:370,10/04/24 18:10:00,STABLE BEAMS,6800,501807.725724156,472921.071256214,65.4,HFET
386593:10199,371:371,10/04/24 18:10:23,STABLE BEAMS,6800,494705.586378475,469057.538073202,65.4,HFET
386593:10199,372:372,10/04/24 18:10:46,STABLE BEAMS,6800,493867.400695934,468966.707622608,64.4,HFET
386593:10199,373:373,10/04/24 18:11:10,STABLE BEAMS,6800,494401.772332873,469325.749565951,64.5,HFET
386593:10199,374:374,10/04/24 18:11:33,STABLE BEAMS,6800,493718.932013044,469001.673791193,64.4,HFET
386593:10199,375:375,10/04/24 18:11:56,STABLE BEAMS,6800,493492.425835106,468454.189841034,64.3,HFET
386593:10199,376:376,10/04/24 18:12:20,STABLE BEAMS,6800,493472.255017988,469182.698308114,64.4,HFET
386593:10199,377:377,10/04/24 18:12:43,STABLE BEAMS,6800,492883.158996135,467199.916076643,64.4,HFET
386593:10199,378:378,10/04/24 18:13:06,STABLE BEAMS,6800,491908.884985461,468042.153172584,64.2,HFET
386593:10199,379:379,10/04/24 18:13:30,STABLE BEAMS,6800,491192.353596660,460814.993456666,64.1,HFET
386593:10199,380:380,10/04/24 18:13:53,STABLE BEAMS,6800,491228.958513013,467756.915486813,64.0,HFET
386593:10199,381:381,10/04/24 18:14:16,STABLE BEAMS,6800,491552.486484463,468218.030669489,64.1,HFET
386593:10199,382:382,10/04/24 18:14:40,STABLE BEAMS,6800,490652.744027667,468187.118245382,64.2,HFET
386593:10199,383:383,10/04/24 18:15:03,STABLE BEAMS,6800,487901.253890633,465945.777514770,63.8,HFET
386593:10199,384:384,10/04/24 18:15:26,STABLE BEAMS,6800,488421.100581142,466301.038449749,63.5,HFET
386593:10199,385:385,10/04/24 18:15:49,STABLE BEAMS,6800,487692.729647659,466170.507411343,63.8,HFET
386593:10199,386:386,10/04/24 18:16:13,STABLE BEAMS,6800,485186.275426835,173705.130438332,63.0,HFET
386593:10199,387:387,10/04/24 18:16:36,STABLE BEAMS,6800,488787.699879055,463818.487101770,63.7,HFET
386593:10199,388:388,10/04/24 18:16:59,STABLE BEAMS,6800,487601.127610278,206965.844664112,63.7,HFET
386593:10199,389:389,10/04/24 18:17:23,STABLE BEAMS,6800,487348.988899689,464896.062829834,63.5,HFET
386593:10199,390:390,10/04/24 18:17:46,STABLE BEAMS,6800,487434.446215711,464907.990955478,63.6,HFET
386593:10199,391:391,10/04/24 18:18:09,STABLE BEAMS,6800,487118.156241158,465351.944742612,63.5,HFET
386593:10199,392:392,10/04/24 18:18:33,STABLE BEAMS,6800,487368.975561652,458080.210154982,63.5,HFET
386593:10199,393:393,10/04/24 18:18:56,STABLE BEAMS,6800,487466.862185067,464512.208893264,63.6,HFET
386593:10199,394:394,10/04/24 18:19:19,STABLE BEAMS,6800,484289.721884614,463144.022344856,63.3,HFET
386593:10199,395:395,10/04/24 18:19:43,STABLE BEAMS,6800,483358.472578845,463097.218962666,63.0,HFET
386593:10199,396:396,10/04/24 18:20:06,STABLE BEAMS,6800,483827.695250477,463633.639617085,63.1,HFET
386593:10199,397:397,10/04/24 18:20:29,STABLE BEAMS,6800,483749.704376987,462695.791029764,63.1,HFET
386593:10199,398:398,10/04/24 18:20:53,STABLE BEAMS,6800,484389.839349585,463102.363651604,63.1,HFET
386593:10199,399:399,10/04/24 18:21:16,STABLE BEAMS,6800,484134.649258017,463384.048774647,63.2,HFET
386593:10199,400:400,10/04/24 18:21:39,STABLE BEAMS,6800,484047.280458113,462320.086541552,63.1,HFET
386593:10199,401:401,10/04/24 18:22:02,STABLE BEAMS,6800,483657.235178625,463151.852435541,63.1,HFET
386593:10199,402:402,10/04/24 18:22:26,STABLE BEAMS,6800,482974.937999947,462645.253260769,63.1,HFET
386593:10199,403:403,10/04/24 18:22:49,STABLE BEAMS,6800,487204.343184565,464179.438197918,62.9,HFET
386593:10199,404:404,10/04/24 18:23:12,STABLE BEAMS,6800,489643.368645889,465269.536476491,63.9,HFET
386593:10199,405:405,10/04/24 18:23:36,STABLE BEAMS,6800,489616.917904893,460010.361309499,63.8,HFET
386593:10199,406:406,10/04/24 18:23:59,STABLE BEAMS,6800,490003.548155250,466837.825083399,63.9,HFET
386593:10199,407:407,10/04/24 18:24:22,STABLE BEAMS,6800,489569.156449684,465848.527275623,63.9,HFET
386593:10199,408:408,10/04/24 18:24:46,STABLE BEAMS,6800,489183.027381077,466442.907851088,63.8,HFET
386593:10199,409:409,10/04/24 18:25:09,STABLE BEAMS,6800,488462.351335761,466447.961627988,63.7,HFET
386593:10199,410:410,10/04/24 18:25:32,STABLE BEAMS,6800,487969.272412842,466198.051427877,63.7,HFET
386593:10199,411:411,10/04/24 18:25:56,STABLE BEAMS,6800,487317.754786831,465640.324721400,63.6,HFET
386593:10199,412:412,10/04/24 18:26:19,STABLE BEAMS,6800,487677.661560077,465020.402525323,63.6,HFET
386593:10199,413:413,10/04/24 18:26:42,STABLE BEAMS,6800,486880.586767480,464224.649453898,63.6,HFET
386593:10199,414:414,10/04/24 18:27:05,STABLE BEAMS,6800,486690.594593856,465412.816179963,63.5,HFET
386593:10199,415:415,10/04/24 18:27:29,STABLE BEAMS,6800,486086.654267900,464928.844778422,63.4,HFET
386593:10199,416:416,10/04/24 18:27:52,STABLE BEAMS,6800,484788.353435104,461352.551677103,63.3,HFET
386593:10199,417:417,10/04/24 18:28:15,STABLE BEAMS,6800,483818.314992984,462749.422139140,63.1,HFET
386593:10199,418:418,10/04/24 18:28:39,STABLE BEAMS,6800,484281.616726736,457179.467665765,63.2,HFET
386593:10199,419:419,10/04/24 18:29:02,STABLE BEAMS,6800,484538.674011706,462776.376392963,63.1,HFET
386593:10199,420:420,10/04/24 18:29:25,STABLE BEAMS,6800,485489.042818457,464589.563382485,63.3,HFET
386593:10199,421:421,10/04/24 18:29:49,STABLE BEAMS,6800,485452.754928700,463976.016684480,63.3,HFET
386593:10199,422:422,10/04/24 18:30:12,STABLE BEAMS,6800,484764.679007894,463809.062553798,63.3,HFET
386593:10199,423:423,10/04/24 18:30:35,STABLE BEAMS,6800,485191.830385485,462941.920221512,63.3,HFET
386593:10199,424:424,10/04/24 18:30:59,STABLE BEAMS,6800,484599.454537018,463151.488787388,63.2,HFET
386593:10199,425:425,10/04/24 18:31:22,STABLE BEAMS,6800,483767.961379144,462880.591892892,63.1,HFET
386593:10199,426:426,10/04/24 18:31:45,STABLE BEAMS,6800,484522.237581393,464629.310591855,63.1,HFET
386593:10199,427:427,10/04/24 18:32:09,STABLE BEAMS,6800,483449.941744785,463050.187134841,63.1,HFET
386593:10199,428:428,10/04/24 18:32:32,STABLE BEAMS,6800,486469.734286606,465099.123026197,63.0,HFET
386593:10199,429:429,10/04/24 18:32:55,STABLE BEAMS,6800,491974.856821269,468921.542988186,64.2,HFET
386593:10199,430:430,10/04/24 18:33:18,STABLE BEAMS,6800,491398.005951654,468098.837994016,64.1,HFET
386593:10199,431:431,10/04/24 18:33:42,STABLE BEAMS,6800,490882.210674545,461426.945697384,64.0,HFET
386593:10199,432:432,10/04/24 18:34:05,STABLE BEAMS,6800,490651.697373687,387107.401023884,64.0,HFET
386593:10199,433:433,10/04/24 18:34:28,STABLE BEAMS,6800,490126.202481412,458563.272436140,64.0,HFET
386593:10199,434:434,10/04/24 18:34:52,STABLE BEAMS,6800,490103.348593625,467377.112963642,63.9,HFET
386593:10199,435:435,10/04/24 18:35:15,STABLE BEAMS,6800,490393.821880372,467483.605926685,64.0,HFET
386593:10199,436:436,10/04/24 18:35:38,STABLE BEAMS,6800,489563.011728325,467672.915094482,63.9,HFET
386593:10199,437:437,10/04/24 18:36:02,STABLE BEAMS,6800,489772.533672642,466646.194162008,63.8,HFET
386593:10199,438:438,10/04/24 18:36:25,STABLE BEAMS,6800,489658.986867857,466499.590341443,63.9,HFET
386593:10199,439:439,10/04/24 18:36:48,STABLE BEAMS,6800,488747.451487936,466811.416301806,63.8,HFET
386593:10199,440:440,10/04/24 18:37:12,STABLE BEAMS,6800,488677.155502612,465660.311383363,63.8,HFET
386593:10199,441:441,10/04/24 18:37:35,STABLE BEAMS,6800,488535.789614101,466474.913550733,63.7,HFET
386593:10199,442:442,10/04/24 18:37:58,STABLE BEAMS,6800,488497.361794826,465811.693913636,63.8,HFET
386593:10199,443:443,10/04/24 18:38:22,STABLE BEAMS,6800,487933.031144643,465958.479558278,63.7,HFET
386593:10199,444:444,10/04/24 18:38:45,STABLE BEAMS,6800,487500.007781808,458965.108307675,63.6,HFET
386593:10199,445:445,10/04/24 18:39:08,STABLE BEAMS,6800,487400.799437221,464175.342494038,63.6,HFET
386593:10199,446:446,10/04/24 18:39:31,STABLE BEAMS,6800,487069.532287124,464177.072153844,63.5,HFET
386593:10199,447:447,10/04/24 18:39:55,STABLE BEAMS,6800,486383.321228643,464443.961925419,63.5,HFET
386593:10199,448:448,10/04/24 18:40:18,STABLE BEAMS,6800,485886.190892324,464157.176403919,63.4,HFET
386593:10199,449:449,10/04/24 18:40:41,STABLE BEAMS,6800,485503.474521771,464640.919359825,63.3,HFET
386593:10199,450:450,10/04/24 18:41:05,STABLE BEAMS,6800,484839.345764291,463674.205034799,63.3,HFET
386593:10199,451:451,10/04/24 18:41:28,STABLE BEAMS,6800,484675.806662740,463528.421753656,63.2,HFET
386593:10199,452:452,10/04/24 18:41:51,STABLE BEAMS,6800,484149.992412793,462133.008215310,63.2,HFET
386593:10199,453:453,10/04/24 18:42:15,STABLE BEAMS,6800,483748.746303968,354479.277936383,63.1,HFET
386593:10199,454:454,10/04/24 18:42:38,STABLE BEAMS,6800,483579.698865326,463859.597991715,63.1,HFET
386593:10199,455:455,10/04/24 18:43:01,STABLE BEAMS,6800,483413.472030951,463684.541034233,63.1,HFET
386593:10199,456:456,10/04/24 18:43:25,STABLE BEAMS,6800,483346.271717087,461963.002703650,63.1,HFET
386593:10199,457:457,10/04/24 18:43:48,STABLE BEAMS,6800,491193.491162678,460814.128626763,63.4,HFET
386593:10199,458:458,10/04/24 18:44:11,STABLE BEAMS,6800,491119.780148223,467079.583504074,64.1,HFET
386593:10199,459:459,10/04/24 18:44:34,STABLE BEAMS,6800,490734.240842327,467564.282201922,64.0,HFET
386593:10199,460:460,10/04/24 18:44:58,STABLE BEAMS,6800,490413.990366412,467691.990304984,64.0,HFET
386593:10199,461:461,10/04/24 18:45:21,STABLE BEAMS,6800,490054.722308513,466642.459775203,63.9,HFET
386593:10199,462:462,10/04/24 18:45:44,STABLE BEAMS,6800,489964.621485303,466950.234322166,63.9,HFET
386593:10199,463:463,10/04/24 18:46:08,STABLE BEAMS,6800,489265.617471275,466596.884871069,63.9,HFET
386593:10199,464:464,10/04/24 18:46:31,STABLE BEAMS,6800,488678.111244554,466264.433533397,63.8,HFET
386593:10199,465:465,10/04/24 18:46:54,STABLE BEAMS,6800,488271.128353003,465350.578730959,63.7,HFET
386593:10199,466:466,10/04/24 18:47:18,STABLE BEAMS,6800,487731.931384799,466561.736878408,63.7,HFET
386593:10199,467:467,10/04/24 18:47:41,STABLE BEAMS,6800,487310.516789934,466233.336954135,63.6,HFET
386593:10199,468:468,10/04/24 18:48:04,STABLE BEAMS,6800,487195.144751149,465654.803046272,63.5,HFET
386593:10199,469:469,10/04/24 18:48:28,STABLE BEAMS,6800,486595.439993747,465840.286915226,63.5,HFET
386593:10199,470:470,10/04/24 18:48:51,STABLE BEAMS,6800,486287.346089111,457921.405472659,63.4,HFET
386593:10199,471:471,10/04/24 18:49:14,STABLE BEAMS,6800,486011.849977907,464790.891587964,63.4,HFET
386593:10199,472:472,10/04/24 18:49:38,STABLE BEAMS,6800,485480.529721946,464786.292371256,63.3,HFET
386593:10199,473:473,10/04/24 18:50:01,STABLE BEAMS,6800,484841.758429923,464755.925419379,63.3,HFET
386593:10199,474:474,10/04/24 18:50:24,STABLE BEAMS,6800,484497.288054569,463355.320570537,63.2,HFET
386593:10199,475:475,10/04/24 18:50:47,STABLE BEAMS,6800,483763.406452916,353862.794080216,63.2,HFET
386593:10199,476:476,10/04/24 18:51:11,STABLE BEAMS,6800,483807.205075686,462824.865144479,63.1,HFET
386593:10199,477:477,10/04/24 18:51:34,STABLE BEAMS,6800,483612.706928471,463128.178008331,63.1,HFET
386593:10199,478:478,10/04/24 18:51:57,STABLE BEAMS,6800,483133.651770233,462530.384734812,63.0,HFET
386593:10199,479:479,10/04/24 18:52:21,STABLE BEAMS,6800,476323.946147818,457345.829702658,63.2,HFET
386593:10199,480:480,10/04/24 18:52:44,STABLE BEAMS,6800,474651.623865057,455422.508606405,61.3,HFET
386593:10199,481:481,10/04/24 18:53:07,STABLE BEAMS,6800,490732.830540194,466306.637698879,62.8,HFET
386593:10199,482:482,10/04/24 18:53:31,STABLE BEAMS,6800,495350.595634973,470357.797011439,64.7,HFET
386593:10199,483:483,10/04/24 18:53:54,STABLE BEAMS,6800,494086.484721820,462664.011444676,64.5,HFET
386593:10199,484:484,10/04/24 18:54:17,STABLE BEAMS,6800,494310.214585972,469548.477066604,64.4,HFET
386593:10199,485:485,10/04/24 18:54:41,STABLE BEAMS,6800,495028.615499253,469651.827736629,64.5,HFET
386593:10199,486:486,10/04/24 18:55:04,STABLE BEAMS,6800,495386.743660057,469622.050547462,64.6,HFET
386593:10199,487:487,10/04/24 18:55:27,STABLE BEAMS,6800,495779.977854120,470158.743937996,64.6,HFET
386593:10199,488:488,10/04/24 18:55:50,STABLE BEAMS,6800,495349.183001763,469739.334070130,64.7,HFET
386593:10199,489:489,10/04/24 18:56:14,STABLE BEAMS,6800,494951.944015858,468521.527688495,64.6,HFET
386593:10199,490:490,10/04/24 18:56:37,STABLE BEAMS,6800,494806.160734715,469825.017500709,64.5,HFET
386593:10199,491:491,10/04/24 18:57:00,STABLE BEAMS,6800,494181.595031449,469715.065218054,64.5,HFET
386593:10199,492:492,10/04/24 18:57:24,STABLE BEAMS,6800,493900.590583155,469301.117065722,64.4,HFET
386593:10199,493:493,10/04/24 18:57:47,STABLE BEAMS,6800,494136.248572950,467317.106356194,64.5,HFET
386593:10199,494:494,10/04/24 18:58:10,STABLE BEAMS,6800,493778.574972338,469840.770925195,64.4,HFET
386593:10199,495:495,10/04/24 18:58:34,STABLE BEAMS,6800,493531.580950687,468995.438157795,64.4,HFET
386593:10199,496:496,10/04/24 18:58:57,STABLE BEAMS,6800,493582.846015989,461565.218245515,64.4,HFET
386593:10199,497:497,10/04/24 18:59:20,STABLE BEAMS,6800,493474.259744987,468347.515053915,64.4,HFET
386593:10199,498:498,10/04/24 18:59:44,STABLE BEAMS,6800,493917.255459102,469391.628158643,64.4,HFET
386593:10199,499:499,10/04/24 19:00:07,STABLE BEAMS,6800,494173.081934938,468700.638390455,64.5,HFET
386593:10199,500:500,10/04/24 19:00:30,STABLE BEAMS,6800,494693.840076908,470102.289893277,64.4,HFET
386593:10199,501:501,10/04/24 19:00:54,STABLE BEAMS,6800,493374.324104093,469592.867783161,64.4,HFET
386593:10199,502:502,10/04/24 19:01:17,STABLE BEAMS,6800,492948.263670962,469019.156875486,64.3,HFET
386593:10199,503:503,10/04/24 19:01:40,STABLE BEAMS,6800,492377.058672035,469268.428360250,64.2,HFET
386593:10199,504:504,10/04/24 19:02:03,STABLE BEAMS,6800,492331.120119748,469009.049321687,64.2,HFET
386593:10199,505:505,10/04/24 19:02:27,STABLE BEAMS,6800,492099.240807238,469378.835203097,64.2,HFET
386593:10199,506:506,10/04/24 19:02:50,STABLE BEAMS,6800,492350.151039770,469264.969040638,64.2,HFET
386593:10199,507:507,10/04/24 19:03:13,STABLE BEAMS,6800,492074.065165856,468960.879927844,64.2,HFET
386593:10199,508:508,10/04/24 19:03:37,STABLE BEAMS,6800,491011.284789260,468103.982682954,64.1,HFET
386593:10199,509:509,10/04/24 19:04:00,STABLE BEAMS,6800,491018.613698195,461754.117143601,64.0,HFET
386593:10199,510:510,10/04/24 19:04:23,STABLE BEAMS,6800,487603.857302506,464794.215705058,63.9,HFET
386593:10199,511:511,10/04/24 19:04:47,STABLE BEAMS,6800,483857.150750893,462598.585081098,63.3,HFET
386593:10199,512:512,10/04/24 19:05:10,STABLE BEAMS,6800,485632.777082121,355265.128588864,63.0,HFET
386593:10199,513:513,10/04/24 19:05:33,STABLE BEAMS,6800,485701.662765311,464075.632967700,63.4,HFET
386593:10199,514:514,10/04/24 19:05:57,STABLE BEAMS,6800,484835.839823120,463035.662188411,63.3,HFET
386593:10199,515:515,10/04/24 19:06:20,STABLE BEAMS,6800,484385.104930358,463016.904004504,63.3,HFET
386593:10199,516:516,10/04/24 19:06:43,STABLE BEAMS,6800,484368.213939854,463565.255115644,63.2,HFET
386593:10199,517:517,10/04/24 19:07:07,STABLE BEAMS,6800,484028.293828571,463583.649651397,63.2,HFET
386593:10199,518:518,10/04/24 19:07:30,STABLE BEAMS,6800,483821.319752405,463192.874744525,63.1,HFET
386593:10199,519:519,10/04/24 19:07:53,STABLE BEAMS,6800,483105.788396026,463282.474385985,63.1,HFET
386593:10199,520:520,10/04/24 19:08:16,STABLE BEAMS,6800,483218.335168390,462860.787055005,63.0,HFET
386593:10199,521:521,10/04/24 19:08:40,STABLE BEAMS,6800,484232.444969394,463418.697916637,63.0,HFET
386593:10199,522:522,10/04/24 19:09:03,STABLE BEAMS,6800,490467.031713078,459873.228658465,64.1,HFET
386593:10199,523:523,10/04/24 19:09:26,STABLE BEAMS,6800,490811.639622029,466330.997462993,64.0,HFET
386593:10199,524:524,10/04/24 19:09:50,STABLE BEAMS,6800,490595.560355563,467507.781535644,64.0,HFET
386593:10199,525:525,10/04/24 19:10:13,STABLE BEAMS,6800,490160.212908056,466909.258634741,63.9,HFET
386593:10199,526:526,10/04/24 19:10:36,STABLE BEAMS,6800,489764.067197689,466778.499150700,63.9,HFET
386593:10199,527:527,10/04/24 19:11:00,STABLE BEAMS,6800,489587.550985438,466954.288066644,64.0,HFET
386593:10199,528:528,10/04/24 19:11:23,STABLE BEAMS,6800,488356.131108833,466360.637118564,63.7,HFET
386593:10199,529:529,10/04/24 19:11:46,STABLE BEAMS,6800,488364.054442635,466259.288844459,63.7,HFET
386593:10199,530:530,10/04/24 19:12:10,STABLE BEAMS,6800,488380.124893716,466313.558669181,63.7,HFET
386593:10199,531:531,10/04/24 19:12:33,STABLE BEAMS,6800,488162.178433848,465838.874282016,63.6,HFET
386593:10199,532:532,10/04/24 19:12:56,STABLE BEAMS,6800,488250.778042887,466169.188021249,63.6,HFET
386593:10199,533:533,10/04/24 19:13:19,STABLE BEAMS,6800,487923.653218228,464911.224160533,63.7,HFET
386593:10199,534:534,10/04/24 19:13:43,STABLE BEAMS,6800,486803.598257489,464589.927030639,63.6,HFET
386593:10199,535:535,10/04/24 19:14:06,STABLE BEAMS,6800,486943.462931830,458149.415195846,63.5,HFET
386593:10199,536:536,10/04/24 19:14:29,STABLE BEAMS,6800,486242.545102842,464907.310280729,63.4,HFET
386593:10199,537:537,10/04/24 19:14:53,STABLE BEAMS,6800,486560.746561277,464386.731631757,63.5,HFET
386593:10199,538:538,10/04/24 19:15:16,STABLE BEAMS,6800,486468.731923106,465065.886517418,63.4,HFET
386593:10199,539:539,10/04/24 19:15:39,STABLE BEAMS,6800,486374.852422611,464572.534858384,63.5,HFET
386593:10199,540:540,10/04/24 19:16:03,STABLE BEAMS,6800,485621.942232015,462123.173397626,63.4,HFET
386593:10199,541:541,10/04/24 19:16:26,STABLE BEAMS,6800,486051.825632911,463608.415023067,63.4,HFET
386593:10199,542:542,10/04/24 19:16:49,STABLE BEAMS,6800,485710.495219496,464056.965695832,63.4,HFET
386593:10199,543:543,10/04/24 19:17:13,STABLE BEAMS,6800,485912.688254878,464730.612244402,63.4,HFET
386593:10199,544:544,10/04/24 19:17:36,STABLE BEAMS,6800,486213.635074655,462964.454751626,63.4,HFET
386593:10199,545:545,10/04/24 19:17:59,STABLE BEAMS,6800,485056.655839891,464150.756615366,63.3,HFET
386593:10199,546:546,10/04/24 19:18:23,STABLE BEAMS,6800,485266.224405766,464766.305709293,63.2,HFET
386593:10199,547:547,10/04/24 19:18:46,STABLE BEAMS,6800,485152.948006018,464650.845089547,63.2,HFET
386593:10199,548:548,10/04/24 19:19:09,STABLE BEAMS,6800,484876.088214240,458156.333835070,63.3,HFET
386593:10199,549:549,10/04/24 19:19:32,STABLE BEAMS,6800,484302.060279969,463480.252359814,63.2,HFET
386593:10199,550:550,10/04/24 19:19:56,STABLE BEAMS,6800,483749.520221832,464168.148787621,63.1,HFET
386593:10199,551:551,10/04/24 19:20:19,STABLE BEAMS,6800,483442.974152925,463775.233951231,63.1,HFET
386593:10199,552:552,10/04/24 19:20:42,STABLE BEAMS,6800,484229.759567647,463461.631709503,63.1,HFET
386593:10199,553:553,10/04/24 19:21:06,STABLE BEAMS,6800,483973.431910061,463239.859950792,63.2,HFET
386593:10199,554:554,10/04/24 19:21:29,STABLE BEAMS,6800,483487.821760752,463228.295473302,63.1,HFET
386593:10199,555:555,10/04/24 19:21:52,STABLE BEAMS,6800,483698.665426242,462784.297395687,63.1,HFET
386593:10199,556:556,10/04/24 19:22:16,STABLE BEAMS,6800,482875.641074399,462721.467852895,63.0,HFET
386593:10199,557:557,10/04/24 19:22:39,STABLE BEAMS,6800,497531.291042792,469870.548114363,62.9,HFET
386593:10199,558:558,10/04/24 19:23:02,STABLE BEAMS,6800,498775.685699019,470607.476434837,65.5,HFET
386593:10199,559:559,10/04/24 19:23:26,STABLE BEAMS,6800,493698.989641561,469332.987562848,64.4,HFET
386593:10199,560:560,10/04/24 19:23:49,STABLE BEAMS,6800,492596.235941038,469008.093579745,64.3,HFET
386593:10199,561:561,10/04/24 19:24:12,STABLE BEAMS,6800,489549.808503067,460693.658520598,64.0,HFET
386593:10199,562:562,10/04/24 19:24:35,STABLE BEAMS,6800,487866.422924566,275795.974072094,63.7,HFET
386593:10199,564:564,10/04/24 19:25:22,STABLE BEAMS,6800,487801.954634007,466099.710244270,63.6,HFET
386593:10199,565:565,10/04/24 19:25:45,STABLE BEAMS,6800,488393.465652570,466502.322364748,63.7,HFET
386593:10199,566:566,10/04/24 19:26:09,STABLE BEAMS,6800,489099.390636900,466359.543843026,63.8,HFET
386593:10199,567:567,10/04/24 19:26:32,STABLE BEAMS,6800,488703.335838571,466924.921147189,63.8,HFET
386593:10199,568:568,10/04/24 19:26:55,STABLE BEAMS,6800,488139.415458099,466170.689235420,63.7,HFET
386593:10199,569:569,10/04/24 19:27:19,STABLE BEAMS,6800,487660.404590341,465202.245250588,63.6,HFET
386593:10199,570:570,10/04/24 19:27:42,STABLE BEAMS,6800,487750.006562879,465746.861974923,63.6,HFET
386593:10199,571:571,10/04/24 19:28:05,STABLE BEAMS,6800,487777.597200971,466018.486165725,63.6,HFET
386593:10199,572:572,10/04/24 19:28:29,STABLE BEAMS,6800,487099.808326963,351739.487479358,63.6,HFET
386593:10199,573:573,10/04/24 19:28:52,STABLE BEAMS,6800,485987.630078467,462383.962738323,63.4,HFET
386593:10199,574:574,10/04/24 19:29:15,STABLE BEAMS,6800,485727.614655635,464391.466050984,63.3,HFET
386593:10199,575:575,10/04/24 19:29:39,STABLE BEAMS,6800,484796.684707539,461015.958013992,63.3,HFET
386593:10199,576:576,10/04/24 19:30:02,STABLE BEAMS,6800,484351.367239830,460628.824250808,63.2,HFET
386593:10199,577:577,10/04/24 19:30:25,STABLE BEAMS,6800,484272.329712360,463459.626982504,63.2,HFET
386593:10199,578:578,10/04/24 19:30:48,STABLE BEAMS,6800,483635.698349854,463645.022270498,63.1,HFET
386593:10199,579:579,10/04/24 19:31:12,STABLE BEAMS,6800,483756.168456019,463720.782302432,63.1,HFET
386593:10199,580:580,10/04/24 19:31:35,STABLE BEAMS,6800,483338.259802325,463742.771360316,63.1,HFET
386593:10199,581:581,10/04/24 19:31:58,STABLE BEAMS,6800,491564.232786030,468092.781853617,63.0,HFET
386593:10199,582:582,10/04/24 19:32:22,STABLE BEAMS,6800,493321.874851215,468885.711989698,64.4,HFET
386593:10199,583:583,10/04/24 19:32:45,STABLE BEAMS,6800,492522.888574736,469564.092957494,64.3,HFET
386593:10199,584:584,10/04/24 19:33:08,STABLE BEAMS,6800,492487.283690805,468900.236936128,64.2,HFET
386593:10199,585:585,10/04/24 19:33:32,STABLE BEAMS,6800,493064.773275765,469281.860031143,64.3,HFET
386593:10199,586:586,10/04/24 19:33:55,STABLE BEAMS,6800,492750.441406653,469753.947597521,64.3,HFET
386593:10199,587:587,10/04/24 19:34:18,STABLE BEAMS,6800,492422.586954611,465601.486632414,64.2,HFET
386593:10199,588:588,10/04/24 19:34:42,STABLE BEAMS,6800,492349.332831425,461935.230241482,64.2,HFET
386593:10199,589:589,10/04/24 19:35:05,STABLE BEAMS,6800,491950.044828041,469106.618918506,64.2,HFET
386593:10199,590:590,10/04/24 19:35:28,STABLE BEAMS,6800,491706.190768329,467303.266746668,64.2,HFET
386593:10199,591:591,10/04/24 19:35:52,STABLE BEAMS,6800,490921.864640798,467790.333819668,64.1,HFET
386593:10199,592:592,10/04/24 19:36:15,STABLE BEAMS,6800,491503.359017601,468310.684023005,64.0,HFET
386593:10199,593:593,10/04/24 19:36:38,STABLE BEAMS,6800,492041.602574942,469057.628985241,64.2,HFET
386593:10199,594:594,10/04/24 19:37:01,STABLE BEAMS,6800,491950.270942598,469227.862942536,64.2,HFET
386593:10199,595:595,10/04/24 19:37:25,STABLE BEAMS,6800,490978.139192519,467785.963048595,64.1,HFET
386593:10199,596:596,10/04/24 19:37:48,STABLE BEAMS,6800,490732.511182521,468338.456485173,64.0,HFET
386593:10199,597:597,10/04/24 19:38:11,STABLE BEAMS,6800,491164.170864781,468327.437479913,64.0,HFET
386593:10199,598:598,10/04/24 19:38:35,STABLE BEAMS,6800,491606.346039473,467390.316188900,64.1,HFET
386593:10199,599:599,10/04/24 19:38:58,STABLE BEAMS,6800,491139.904343783,466766.207376903,64.1,HFET
386593:10199,600:600,10/04/24 19:39:21,STABLE BEAMS,6800,490886.306378425,468239.931146412,64.1,HFET
386593:10199,601:601,10/04/24 19:39:45,STABLE BEAMS,6800,490881.844695314,461605.464305556,64.0,HFET
386593:10199,602:602,10/04/24 19:40:08,STABLE BEAMS,6800,490088.187262927,468236.879765434,64.0,HFET
386593:10199,603:603,10/04/24 19:40:31,STABLE BEAMS,6800,490174.236672736,467490.298451352,63.9,HFET
386593:10199,604:604,10/04/24 19:40:55,STABLE BEAMS,6800,490559.319087363,468043.929453948,64.0,HFET
386593:10199,605:605,10/04/24 19:41:18,STABLE BEAMS,6800,490382.893787151,466654.616346481,64.0,HFET
386593:10199,606:606,10/04/24 19:41:41,STABLE BEAMS,6800,490433.522468184,466178.521657183,64.0,HFET
386593:10199,607:607,10/04/24 19:42:04,STABLE BEAMS,6800,490403.747610095,467820.838305142,64.0,HFET
386593:10199,608:608,10/04/24 19:42:28,STABLE BEAMS,6800,490326.073763200,466640.000488013,64.0,HFET
386593:10199,609:609,10/04/24 19:42:51,STABLE BEAMS,6800,489974.591505505,467342.603686326,63.9,HFET
386593:10199,610:610,10/04/24 19:43:14,STABLE BEAMS,6800,489044.437806352,195139.585260421,63.9,HFET
386593:10199,611:611,10/04/24 19:43:38,STABLE BEAMS,6800,488461.029614588,281398.642892797,63.8,HFET
386593:10199,612:612,10/04/24 19:44:01,STABLE BEAMS,6800,488792.935480031,466622.654937316,63.7,HFET
386593:10199,613:613,10/04/24 19:44:24,STABLE BEAMS,6800,488379.350975852,466338.372993486,63.7,HFET
386593:10199,614:614,10/04/24 19:44:48,STABLE BEAMS,6800,488143.194135384,347714.667016053,63.7,HFET
386593:10199,615:615,10/04/24 19:45:11,STABLE BEAMS,6800,488251.733784828,377680.764405462,63.7,HFET
386593:10199,616:616,10/04/24 19:45:34,STABLE BEAMS,6800,487562.517966926,465430.935648524,63.6,HFET
386593:10199,617:617,10/04/24 19:45:58,STABLE BEAMS,6800,487129.949164283,464430.940524238,63.5,HFET
386593:10199,618:618,10/04/24 19:46:21,STABLE BEAMS,6800,487240.127561494,464427.070934915,63.6,HFET
386593:10199,619:619,10/04/24 19:46:44,STABLE BEAMS,6800,486651.530390313,464757.792612782,63.5,HFET
386593:10199,620:620,10/04/24 19:47:08,STABLE BEAMS,6800,486270.408477048,464904.941905577,63.5,HFET
386593:10199,621:621,10/04/24 19:47:31,STABLE BEAMS,6800,485807.927282719,464349.215263943,63.4,HFET
386593:10199,622:622,10/04/24 19:47:54,STABLE BEAMS,6800,485078.644897775,462901.443384758,63.3,HFET
386593:10199,623:623,10/04/24 19:48:17,STABLE BEAMS,6800,485079.509727678,464245.638479361,63.3,HFET
386593:10199,624:624,10/04/24 19:48:41,STABLE BEAMS,6800,484646.577276881,463912.047244592,63.2,HFET
386593:10199,625:625,10/04/24 19:49:04,STABLE BEAMS,6800,483785.943314108,464004.791510147,63.1,HFET
386593:10199,626:626,10/04/24 19:49:27,STABLE BEAMS,6800,483847.635290882,464112.466329688,63.1,HFET
386593:10199,627:627,10/04/24 19:49:51,STABLE BEAMS,6800,483408.690990167,463495.276156916,63.1,HFET
386593:10199,628:628,10/04/24 19:50:14,STABLE BEAMS,6800,483485.544297639,456641.224108423,63.0,HFET
386593:10199,629:629,10/04/24 19:50:37,STABLE BEAMS,6800,484151.039066772,462803.829497458,63.1,HFET
386593:10199,630:630,10/04/24 19:51:01,STABLE BEAMS,6800,483896.261575994,463417.150080907,63.2,HFET
386593:10199,631:631,10/04/24 19:51:24,STABLE BEAMS,6800,483175.219551446,462983.760738841,63.0,HFET
386593:10199,632:632,10/04/24 19:51:47,STABLE BEAMS,6800,489941.536820803,467185.801399924,63.0,HFET
386593:10199,633:633,10/04/24 19:52:11,STABLE BEAMS,6800,491079.622669142,468054.309743862,64.1,HFET
386593:10199,634:634,10/04/24 19:52:34,STABLE BEAMS,6800,491061.137221350,467132.214581028,64.0,HFET
386593:10199,635:635,10/04/24 19:52:57,STABLE BEAMS,6800,491103.572163545,468207.242440941,64.1,HFET
386593:10199,636:636,10/04/24 19:53:21,STABLE BEAMS,6800,490509.737060310,466988.662141441,64.0,HFET
386593:10199,637:637,10/04/24 19:53:44,STABLE BEAMS,6800,490202.783052769,466361.226881274,63.9,HFET
386593:10199,638:638,10/04/24 19:54:07,STABLE BEAMS,6800,489721.816410648,467562.552542116,63.9,HFET
386593:10199,639:639,10/04/24 19:54:30,STABLE BEAMS,6800,489471.451650346,465664.817356955,63.8,HFET
386593:10199,640:640,10/04/24 19:54:54,STABLE BEAMS,6800,490487.748002426,465608.636048351,63.9,HFET
386593:10199,641:641,10/04/24 19:55:17,STABLE BEAMS,6800,490146.781237163,461038.266429549,64.0,HFET
386593:10199,642:642,10/04/24 19:55:40,STABLE BEAMS,6800,489300.718842379,467024.173782256,63.8,HFET
386593:10199,643:643,10/04/24 19:56:04,STABLE BEAMS,6800,489333.955351158,467121.151285288,63.8,HFET
386593:10199,644:644,10/04/24 19:56:27,STABLE BEAMS,6800,488555.046648680,465907.167871418,63.8,HFET
386593:10199,645:645,10/04/24 19:56:50,STABLE BEAMS,6800,487885.136817993,464968.864723906,63.6,HFET
386593:10199,646:646,10/04/24 19:57:14,STABLE BEAMS,6800,488265.391570277,465541.617558563,63.6,HFET
386593:10199,647:647,10/04/24 19:57:37,STABLE BEAMS,6800,488106.178949320,464931.075619977,63.7,HFET
386593:10199,648:648,10/04/24 19:58:00,STABLE BEAMS,6800,487599.943422702,466158.670197739,63.6,HFET
386593:10199,649:649,10/04/24 19:58:24,STABLE BEAMS,6800,487262.072328898,465734.933849280,63.5,HFET
386593:10199,650:650,10/04/24 19:58:47,STABLE BEAMS,6800,486270.681213163,464461.946191462,63.5,HFET
386593:10199,651:651,10/04/24 19:59:10,STABLE BEAMS,6800,486010.120318101,341876.501049929,63.4,HFET
386593:10199,652:652,10/04/24 19:59:33,STABLE BEAMS,6800,485009.577390508,463772.182570252,63.3,HFET
386592:10199,33:33,10/04/24 12:52:01,STABLE BEAMS,6800,31326.158499561,21230.142627094,1.9,HFET
386592:10199,34:34,10/04/24 12:52:25,STABLE BEAMS,6800,105718.833516010,104822.222163057,7.6,HFET
386592:10199,35:35,10/04/24 12:52:48,STABLE BEAMS,6800,247115.314627597,242990.945482332,19.5,HFET
386592:10199,36:36,10/04/24 12:53:11,STABLE BEAMS,6800,359327.987581433,350609.551079376,44.9,HFET
386592:10199,37:37,10/04/24 12:53:34,STABLE BEAMS,6800,348042.155488865,341299.216599824,49.8,HFET
386592:10199,38:38,10/04/24 12:53:58,STABLE BEAMS,6800,198506.490221294,167375.752975800,32.4,HFET
386592:10199,39:39,10/04/24 12:54:21,STABLE BEAMS,6800,80351.942344635,79706.377126056,16.5,HFET
386592:10199,40:40,10/04/24 12:54:45,STABLE BEAMS,6800,17375.809742361,17235.292016546,5.1,HFET
386592:10199,41:41,10/04/24 12:55:08,STABLE BEAMS,6800,3293.809584093,3287.315317602,0.7,HFET
386592:10199,42:42,10/04/24 12:55:31,STABLE BEAMS,6800,239506.895464818,233759.741773365,0.2,PLTZERO
386592:10199,43:43,10/04/24 12:55:55,STABLE BEAMS,6800,7082.661651268,7056.680319430,3.9,BCM1FUT
386592:10199,44:44,10/04/24 12:56:18,STABLE BEAMS,6800,19537.757875717,16844.193369574,1.4,HFET
386592:10199,45:45,10/04/24 12:56:41,STABLE BEAMS,6800,66456.805843644,65990.197708991,3.7,HFET
386592:10199,46:46,10/04/24 12:57:04,STABLE BEAMS,6800,174342.625465201,172416.515467342,17.5,HFET
386592:10199,47:47,10/04/24 12:57:28,STABLE BEAMS,6800,304151.555378333,297155.135077830,30.0,HFET
386592:10199,48:48,10/04/24 12:57:51,STABLE BEAMS,6800,373085.011679346,364151.747699659,49.4,HFET
386592:10199,49:49,10/04/24 12:58:14,STABLE BEAMS,6800,315547.043706661,243381.333430272,47.4,HFET
386592:10199,50:50,10/04/24 12:58:38,STABLE BEAMS,6800,169516.008144787,168076.316947162,31.8,HFET
386592:10199,51:51,10/04/24 12:59:01,STABLE BEAMS,6800,72900.403792476,72414.821382994,13.7,HFET
386592:10199,52:52,10/04/24 12:59:24,STABLE BEAMS,6800,21932.227626790,21875.544180693,6.6,HFET
386592:10199,53:53,10/04/24 12:59:47,STABLE BEAMS,6800,157551.796249962,153214.921380659,1.1,HFET
386592:10199,54:54,10/04/24 13:00:11,STABLE BEAMS,6800,378981.750640005,363243.492146351,48.7,HFET
386592:10199,55:55,10/04/24 13:00:34,STABLE BEAMS,6800,379354.769726470,370834.269711540,49.4,HFET
386592:10199,56:56,10/04/24 13:00:57,STABLE BEAMS,6800,379288.205796874,370888.290110926,49.5,HFET
386592:10199,57:57,10/04/24 13:01:21,STABLE BEAMS,6800,377860.397268873,369551.130209443,49.4,HFET
386592:10199,58:58,10/04/24 13:01:44,STABLE BEAMS,6800,374561.423181680,365993.823737666,49.1,HFET
386592:10199,59:59,10/04/24 13:02:07,STABLE BEAMS,6800,371530.133763629,363687.581136004,48.4,HFET
386592:10199,60:60,10/04/24 13:02:31,STABLE BEAMS,6800,372918.878088086,280296.297130908,48.5,HFET
386592:10199,61:61,10/04/24 13:02:54,STABLE BEAMS,6800,375897.900077337,367217.024233575,48.9,HFET
386592:10199,62:62,10/04/24 13:03:17,STABLE BEAMS,6800,376974.680907835,368148.203607007,49.1,HFET
386592:10199,63:63,10/04/24 13:03:41,STABLE BEAMS,6800,376654.292898324,367968.386588441,49.2,HFET
386592:10199,64:64,10/04/24 13:04:04,STABLE BEAMS,6800,375200.760925634,366629.291892296,49.1,HFET
386592:10199,65:65,10/04/24 13:04:27,STABLE BEAMS,6800,374397.699924975,366281.133751695,48.8,HFET
386592:10199,66:66,10/04/24 13:04:51,STABLE BEAMS,6800,372695.740317722,364233.291135877,48.7,HFET
386592:10199,67:67,10/04/24 13:05:14,STABLE BEAMS,6800,371262.059804477,358204.312456706,48.5,HFET
386592:10199,68:68,10/04/24 13:05:37,STABLE BEAMS,6800,370301.149863436,362616.331953376,48.3,HFET
386592:10199,69:69,10/04/24 13:06:01,STABLE BEAMS,6800,370283.303130990,362016.035102186,48.3,HFET
386592:10199,70:70,10/04/24 13:06:24,STABLE BEAMS,6800,369839.076607740,362123.800833765,48.3,HFET
386592:10199,71:71,10/04/24 13:06:47,STABLE BEAMS,6800,369009.996115499,361378.037728028,48.2,HFET
386592:10199,72:72,10/04/24 13:07:11,STABLE BEAMS,6800,368952.630619318,360713.955592105,48.1,HFET
386592:10199,73:73,10/04/24 13:07:34,STABLE BEAMS,6800,369482.563883925,361515.375513918,48.2,HFET
386592:10199,74:74,10/04/24 13:07:57,STABLE BEAMS,6800,369917.272616086,362062.269701367,48.2,HFET
386592:10199,75:75,10/04/24 13:08:20,STABLE BEAMS,6800,369170.213431033,360830.553777869,48.3,HFET
386592:10199,76:76,10/04/24 13:08:44,STABLE BEAMS,6800,368598.733364913,360932.585057800,48.1,HFET
386592:10199,77:77,10/04/24 13:09:07,STABLE BEAMS,6800,368198.058370175,360566.258496002,48.0,HFET
386592:10199,78:78,10/04/24 13:09:30,STABLE BEAMS,6800,368353.902583559,359335.134666292,48.0,HFET
386592:10199,79:79,10/04/24 13:09:54,STABLE BEAMS,6800,367476.037292907,358022.924291633,47.9,HFET
386592:10199,80:80,10/04/24 13:10:17,STABLE BEAMS,6800,367276.963239763,354582.854720965,47.9,HFET
386592:10199,81:81,10/04/24 13:10:40,STABLE BEAMS,6800,366814.435423876,278193.842021916,47.9,HFET
386592:10199,82:82,10/04/24 13:11:03,STABLE BEAMS,6800,366248.351803108,358715.282402551,47.8,HFET
386592:10199,83:83,10/04/24 13:11:27,STABLE BEAMS,6800,365897.007079009,358344.200441826,47.7,HFET
386592:10199,84:84,10/04/24 13:11:50,STABLE BEAMS,6800,366596.330450710,358503.573907158,47.7,HFET
386592:10199,85:85,10/04/24 13:12:13,STABLE BEAMS,6800,375896.557376463,367740.402507111,48.5,HFET
386592:10199,86:86,10/04/24 13:12:37,STABLE BEAMS,6800,389200.408274124,380106.132081337,49.5,HFET
386592:10199,87:87,10/04/24 13:13:00,STABLE BEAMS,6800,401867.086999206,391056.804123706,51.8,HFET
386592:10199,88:88,10/04/24 13:13:23,STABLE BEAMS,6800,417459.175252785,405763.217975650,53.7,HFET
386592:10199,89:89,10/04/24 13:13:47,STABLE BEAMS,6800,432831.904413285,420132.721137887,55.3,HFET
386592:10199,90:90,10/04/24 13:14:10,STABLE BEAMS,6800,447365.764885418,432757.328568927,57.1,HFET
386592:10199,91:91,10/04/24 13:14:33,STABLE BEAMS,6800,458026.896072202,442146.017570123,59.6,HFET
386592:10199,92:92,10/04/24 13:14:57,STABLE BEAMS,6800,451141.337174736,317737.960891096,59.6,HFET
386592:10199,93:93,10/04/24 13:15:20,STABLE BEAMS,6800,431839.102995417,412832.349258186,57.0,HFET
386592:10199,94:94,10/04/24 13:15:43,STABLE BEAMS,6800,392498.202835897,382930.128065549,54.0,HFET
386592:10199,95:95,10/04/24 13:16:06,STABLE BEAMS,6800,386570.525809273,377105.575594394,49.7,HFET
386592:10199,96:96,10/04/24 13:16:30,STABLE BEAMS,6800,400830.211891375,391006.993651018,51.1,HFET
386592:10199,97:97,10/04/24 13:16:53,STABLE BEAMS,6800,404534.532453429,301737.136775381,53.3,HFET
386592:10199,98:98,10/04/24 13:17:16,STABLE BEAMS,6800,392072.962942189,382280.295808863,51.7,HFET
386592:10199,99:99,10/04/24 13:17:40,STABLE BEAMS,6800,386923.511612217,378253.358726821,50.4,HFET
386592:10199,100:100,10/04/24 13:18:03,STABLE BEAMS,6800,399726.546739391,389797.157224742,50.6,HFET
386592:10199,101:101,10/04/24 13:18:26,STABLE BEAMS,6800,439684.364335568,424728.313019628,52.8,HFET
386592:10199,102:102,10/04/24 13:18:50,STABLE BEAMS,6800,485151.264967770,441341.704780629,62.9,HFET
386592:10199,103:103,10/04/24 13:19:13,STABLE BEAMS,6800,494933.367656027,378340.613303908,64.5,HFET
386592:10199,104:104,10/04/24 13:19:36,STABLE BEAMS,6800,494849.232061178,466054.955879560,64.5,HFET
386592:10199,105:105,10/04/24 13:20:00,STABLE BEAMS,6800,494818.862778223,466515.616502044,64.5,HFET
386592:10199,106:106,10/04/24 13:20:23,STABLE BEAMS,6800,492779.670792513,463543.172814643,64.4,HFET
386592:10199,107:107,10/04/24 13:20:46,STABLE BEAMS,6800,492059.314104869,457209.380057450,64.1,HFET
386592:10199,108:108,10/04/24 13:21:10,STABLE BEAMS,6800,491035.369486181,463136.145632613,64.2,HFET
386592:10199,109:109,10/04/24 13:21:33,STABLE BEAMS,6800,489212.028321302,463809.789850104,63.9,HFET
386592:10199,110:110,10/04/24 13:21:56,STABLE BEAMS,6800,488396.971593741,463280.926550256,63.7,HFET
386592:10199,111:111,10/04/24 13:22:20,STABLE BEAMS,6800,488173.698620858,462905.131150005,63.6,HFET
386592:10199,112:112,10/04/24 13:22:43,STABLE BEAMS,6800,488660.082688031,463023.232881018,63.8,HFET
386592:10199,113:113,10/04/24 13:23:06,STABLE BEAMS,6800,488290.525252256,461440.605813912,63.7,HFET
386592:10199,114:114,10/04/24 13:23:29,STABLE BEAMS,6800,488158.127020448,462562.390434457,63.7,HFET
386592:10199,115:115,10/04/24 13:23:53,STABLE BEAMS,6800,487167.691646654,462856.735641605,63.7,HFET
386592:10199,116:116,10/04/24 13:24:16,STABLE BEAMS,6800,486842.343103360,462657.228007971,63.5,HFET
386592:10199,117:117,10/04/24 13:24:40,STABLE BEAMS,6800,486213.042980867,461841.304119429,63.5,HFET
386592:10199,118:118,10/04/24 13:25:03,STABLE BEAMS,6800,485766.632237620,411702.186743648,63.4,HFET
386592:10199,119:119,10/04/24 13:25:26,STABLE BEAMS,6800,485425.483648281,403879.781622362,63.3,HFET
386592:10199,120:120,10/04/24 13:25:50,STABLE BEAMS,6800,484644.891907555,454135.315359830,63.3,HFET
386592:10199,121:121,10/04/24 13:26:13,STABLE BEAMS,6800,484294.819951994,457256.365263717,63.1,HFET
386592:10199,122:122,10/04/24 13:26:36,STABLE BEAMS,6800,483287.311763618,456791.471403755,63.1,HFET
386592:10199,123:123,10/04/24 13:26:59,STABLE BEAMS,6800,486080.735661097,457261.465662174,63.0,HFET
386592:10199,124:124,10/04/24 13:27:23,STABLE BEAMS,6800,487735.800974122,461511.221156908,63.6,HFET
386592:10199,125:125,10/04/24 13:27:46,STABLE BEAMS,6800,486548.818435634,459400.273931105,63.5,HFET
386592:10199,126:126,10/04/24 13:28:09,STABLE BEAMS,6800,485940.234602489,461777.290389061,63.4,HFET
386592:10199,127:127,10/04/24 13:28:32,STABLE BEAMS,6800,485194.014605482,460260.040732897,63.4,HFET
386592:10199,128:128,10/04/24 13:28:56,STABLE BEAMS,6800,484964.368465605,459809.168306539,63.2,HFET
386592:10199,129:129,10/04/24 13:29:19,STABLE BEAMS,6800,484367.029752278,460147.904230245,63.2,HFET
386592:10199,130:130,10/04/24 13:29:42,STABLE BEAMS,6800,485230.894589028,461129.187792182,63.2,HFET
386592:10199,131:131,10/04/24 13:30:06,STABLE BEAMS,6800,483477.667585395,460388.660287421,63.2,HFET
386592:10199,132:132,10/04/24 13:30:29,STABLE BEAMS,6800,486777.007651819,461129.915088488,62.9,HFET
386592:10199,133:133,10/04/24 13:30:52,STABLE BEAMS,6800,491415.990217697,456550.803927540,64.2,HFET
386592:10199,134:134,10/04/24 13:31:16,STABLE BEAMS,6800,490541.654178994,359601.138628263,64.0,HFET
386592:10199,135:135,10/04/24 13:31:39,STABLE BEAMS,6800,490802.853789402,460088.032825316,64.0,HFET
386592:10199,136:136,10/04/24 13:32:02,STABLE BEAMS,6800,492103.611578311,464364.786864353,64.1,HFET
386592:10199,137:137,10/04/24 13:32:26,STABLE BEAMS,6800,492077.433573430,464359.779709012,64.2,HFET
386592:10199,138:138,10/04/24 13:32:49,STABLE BEAMS,6800,491349.381997620,464806.598390893,64.1,HFET
386592:10199,139:139,10/04/24 13:33:12,STABLE BEAMS,6800,489418.184189123,464608.822748142,64.0,HFET
386592:10199,140:140,10/04/24 13:33:35,STABLE BEAMS,6800,487781.329256698,463468.916327958,63.7,HFET
386592:10199,141:141,10/04/24 13:33:59,STABLE BEAMS,6800,485905.130900308,462946.927376854,63.5,HFET
386592:10199,142:142,10/04/24 13:34:22,STABLE BEAMS,6800,484101.869640508,460130.192700318,63.2,HFET
386592:10199,143:143,10/04/24 13:34:45,STABLE BEAMS,6800,483634.971053548,460212.372520804,63.1,HFET
386592:10199,144:144,10/04/24 13:35:09,STABLE BEAMS,6800,483479.080218606,460315.494745195,63.0,HFET
386592:10199,145:145,10/04/24 13:35:32,STABLE BEAMS,6800,486223.877830973,462180.904873038,63.0,HFET
386592:10199,146:146,10/04/24 13:35:56,STABLE BEAMS,6800,490387.721449493,457197.223486172,64.0,HFET
386592:10199,147:147,10/04/24 13:36:19,STABLE BEAMS,6800,489452.376439844,464060.881906713,63.8,HFET
386592:10199,148:148,10/04/24 13:36:42,STABLE BEAMS,6800,489882.805312970,462955.440473365,63.9,HFET
386592:10199,149:149,10/04/24 13:37:05,STABLE BEAMS,6800,488933.529781756,463948.015776677,63.8,HFET
386592:10199,150:150,10/04/24 13:37:29,STABLE BEAMS,6800,488065.385085971,462734.671078153,63.7,HFET
386592:10199,151:151,10/04/24 13:37:52,STABLE BEAMS,6800,487425.065958219,461995.738030679,63.5,HFET
386592:10199,152:152,10/04/24 13:38:15,STABLE BEAMS,6800,488106.132327762,462691.054279460,63.7,HFET
386592:10199,153:153,10/04/24 13:38:39,STABLE BEAMS,6800,487307.784766629,462407.455341456,63.6,HFET
386592:10199,154:154,10/04/24 13:39:02,STABLE BEAMS,6800,486985.121625082,461755.345621657,63.5,HFET
386592:10199,155:155,10/04/24 13:39:25,STABLE BEAMS,6800,485467.279875130,460439.834440684,63.4,HFET
386592:10199,156:156,10/04/24 13:39:49,STABLE BEAMS,6800,487877.213484192,461721.426107052,63.0,HFET
386592:10199,157:157,10/04/24 13:40:12,STABLE BEAMS,6800,497952.251077465,467231.420594538,64.7,HFET
386592:10199,158:158,10/04/24 13:40:35,STABLE BEAMS,6800,496604.323927135,467130.028029953,64.9,HFET
386592:10199,159:159,10/04/24 13:40:58,STABLE BEAMS,6800,495680.496773417,459860.025433207,64.7,HFET
386592:10199,160:160,10/04/24 13:41:22,STABLE BEAMS,6800,494956.496611007,466809.003636174,64.5,HFET
386592:10199,161:161,10/04/24 13:41:45,STABLE BEAMS,6800,494966.923522479,465628.077238084,64.6,HFET
386592:10199,162:162,10/04/24 13:42:08,STABLE BEAMS,6800,493146.906474694,466054.683143444,64.5,HFET
386592:10199,163:163,10/04/24 13:42:32,STABLE BEAMS,6800,492316.779328472,465972.412410920,64.2,HFET
386592:10199,164:164,10/04/24 13:42:55,STABLE BEAMS,6800,492460.012410386,465916.729952987,64.3,HFET
386592:10199,165:165,10/04/24 13:43:18,STABLE BEAMS,6800,490580.627470499,464405.900085376,64.1,HFET
386592:10199,166:166,10/04/24 13:43:42,STABLE BEAMS,6800,489286.378051103,463863.103932885,63.9,HFET
386592:10199,167:167,10/04/24 13:44:05,STABLE BEAMS,6800,489362.091461479,462979.982061556,63.8,HFET
386592:10199,168:168,10/04/24 13:44:28,STABLE BEAMS,6800,487867.744645739,462592.666474295,63.7,HFET
386592:10199,169:169,10/04/24 13:44:52,STABLE BEAMS,6800,487961.987794387,461465.963279370,63.6,HFET
386592:10199,170:170,10/04/24 13:45:15,STABLE BEAMS,6800,486967.090737481,462702.527844912,63.7,HFET
386592:10199,171:171,10/04/24 13:45:38,STABLE BEAMS,6800,491087.863029539,464971.321680019,63.4,HFET
386592:10199,172:172,10/04/24 13:46:01,STABLE BEAMS,6800,493709.507465071,459170.718703267,64.8,HFET
386592:10199,173:173,10/04/24 13:46:25,STABLE BEAMS,6800,489988.978918339,464690.410474840,63.9,HFET
386592:10199,174:174,10/04/24 13:46:48,STABLE BEAMS,6800,489307.367076566,464658.950247425,63.9,HFET
386592:10199,175:175,10/04/24 13:47:12,STABLE BEAMS,6800,490897.187850089,464202.886510571,63.7,HFET
386592:10199,176:176,10/04/24 13:47:35,STABLE BEAMS,6800,487895.608019945,464177.526714035,63.7,HFET
386592:10199,177:177,10/04/24 13:47:58,STABLE BEAMS,6800,487726.921898379,461804.517378999,63.6,HFET
386592:10199,178:178,10/04/24 13:48:21,STABLE BEAMS,6800,486655.584134791,462908.455267098,63.5,HFET
386592:10199,179:179,10/04/24 13:48:45,STABLE BEAMS,6800,485517.542576932,462758.573950998,63.4,HFET
386592:10199,180:180,10/04/24 13:49:08,STABLE BEAMS,6800,484553.833011326,462050.646570747,63.2,HFET
386592:10199,201:201,10/04/24 13:57:17,STABLE BEAMS,6800,496474.247448921,468127.018394818,64.7,HFET
386592:10199,202:202,10/04/24 13:57:41,STABLE BEAMS,6800,495239.822812896,467913.762063696,64.5,HFET
386592:10199,203:203,10/04/24 13:58:04,STABLE BEAMS,6800,494865.575248375,466608.223234002,64.5,HFET
386592:10199,204:204,10/04/24 13:58:28,STABLE BEAMS,6800,494444.342477587,467015.068591957,64.5,HFET
386592:10199,205:205,10/04/24 13:58:51,STABLE BEAMS,6800,494188.697825828,459466.199145356,64.5,HFET
386592:10199,206:206,10/04/24 13:59:14,STABLE BEAMS,6800,495114.527375466,466839.599033685,64.5,HFET
386592:10199,207:207,10/04/24 13:59:38,STABLE BEAMS,6800,494495.197273177,467428.653096136,64.5,HFET
386592:10199,208:208,10/04/24 14:00:01,STABLE BEAMS,6800,494734.498737739,467649.877051540,64.5,HFET
386592:10199,209:209,10/04/24 14:00:24,STABLE BEAMS,6800,494066.999241607,466909.487080375,64.5,HFET
386592:10199,210:210,10/04/24 14:00:48,STABLE BEAMS,6800,493782.808209815,466957.383738103,64.4,HFET
386592:10199,211:211,10/04/24 14:01:11,STABLE BEAMS,6800,493470.525358182,466970.449429764,64.4,HFET
386592:10199,212:212,10/04/24 14:01:34,STABLE BEAMS,6800,492883.431732250,465369.700563020,64.4,HFET
386592:10199,213:213,10/04/24 14:01:57,STABLE BEAMS,6800,492174.091718788,464806.143830701,64.2,HFET
386592:10199,214:214,10/04/24 14:02:20,STABLE BEAMS,6800,492505.997584231,465935.623339413,64.2,HFET
386592:10199,215:215,10/04/24 14:02:44,STABLE BEAMS,6800,491369.778929294,464915.685843644,64.2,HFET
386592:10199,216:216,10/04/24 14:03:07,STABLE BEAMS,6800,490515.839822267,465562.697496064,64.0,HFET
386592:10199,217:217,10/04/24 14:03:31,STABLE BEAMS,6800,490085.956421371,458432.240215985,63.9,HFET
386592:10199,218:218,10/04/24 14:03:54,STABLE BEAMS,6800,488690.085991755,464112.466329688,63.9,HFET
386592:10199,219:219,10/04/24 14:04:17,STABLE BEAMS,6800,488125.846253610,463759.571438782,63.6,HFET
386592:10199,220:220,10/04/24 14:04:40,STABLE BEAMS,6800,488386.090122077,464312.929705264,63.7,HFET
386592:10199,221:221,10/04/24 14:05:04,STABLE BEAMS,6800,487975.191019645,463375.717502212,63.7,HFET
386592:10199,222:222,10/04/24 14:05:27,STABLE BEAMS,6800,487911.997828700,464631.676635929,63.6,HFET
386592:10199,223:223,10/04/24 14:05:50,STABLE BEAMS,6800,487063.385234687,464088.199808690,63.6,HFET
386592:10199,224:224,10/04/24 14:06:14,STABLE BEAMS,6800,485694.741795009,463118.662548320,63.4,HFET
386592:10199,225:225,10/04/24 14:06:37,STABLE BEAMS,6800,484279.157439546,462024.240120232,63.3,HFET
386592:10199,226:226,10/04/24 14:07:00,STABLE BEAMS,6800,483374.682894601,461667.519930483,63.1,HFET
386592:10199,227:227,10/04/24 14:07:23,STABLE BEAMS,6800,485629.180228912,463023.188590538,63.1,HFET
386592:10199,228:228,10/04/24 14:07:47,STABLE BEAMS,6800,492329.935932172,466968.948215593,64.2,HFET
386592:10199,229:229,10/04/24 14:08:10,STABLE BEAMS,6800,492846.460836666,466191.906706518,64.3,HFET
386592:10199,230:230,10/04/24 14:08:34,STABLE BEAMS,6800,491895.546557684,459736.823303736,64.2,HFET
386592:10199,231:231,10/04/24 14:08:57,STABLE BEAMS,6800,492322.651313717,463738.265386725,64.2,HFET
386592:10199,232:232,10/04/24 14:09:20,STABLE BEAMS,6800,492061.498324867,366528.423820240,64.2,HFET
386592:10199,233:233,10/04/24 14:09:43,STABLE BEAMS,6800,491954.823537748,464458.622074368,64.1,HFET
386592:10199,234:234,10/04/24 14:10:07,STABLE BEAMS,6800,492435.335619677,466051.312404793,64.2,HFET
386592:10199,235:235,10/04/24 14:10:30,STABLE BEAMS,6800,492324.380973523,466615.505521380,64.2,HFET
386592:10199,236:236,10/04/24 14:10:53,STABLE BEAMS,6800,492351.381848904,466714.622953929,64.2,HFET
386592:10199,237:237,10/04/24 14:11:17,STABLE BEAMS,6800,491887.397109326,466472.454263543,64.2,HFET
386592:10199,238:238,10/04/24 14:11:40,STABLE BEAMS,6800,491984.008633127,466798.259698106,64.1,HFET
386592:10199,239:239,10/04/24 14:12:04,STABLE BEAMS,6800,492099.196516757,466993.942032898,64.2,HFET
386592:10199,240:240,10/04/24 14:12:27,STABLE BEAMS,6800,491240.522990503,465124.981673405,64.1,HFET
386592:10199,241:241,10/04/24 14:12:50,STABLE BEAMS,6800,490991.570863411,464931.667713765,63.9,HFET
386592:10199,242:242,10/04/24 14:13:13,STABLE BEAMS,6800,491094.464642168,465831.272636965,64.1,HFET
386592:10199,243:243,10/04/24 14:13:37,STABLE BEAMS,6800,490690.442219557,459672.765282889,64.0,HFET
386592:10199,244:244,10/04/24 14:14:00,STABLE BEAMS,6800,490855.121218203,465260.841555903,64.0,HFET
386592:10199,245:245,10/04/24 14:14:23,STABLE BEAMS,6800,491007.095842263,466406.438137254,64.1,HFET
386592:10199,246:246,10/04/24 14:14:47,STABLE BEAMS,6800,489823.845359502,465778.049466223,64.0,HFET
386592:10199,247:247,10/04/24 14:15:10,STABLE BEAMS,6800,488937.716397674,465070.802760721,63.8,HFET
386592:10199,248:248,10/04/24 14:15:33,STABLE BEAMS,6800,488309.919820431,464638.278248558,63.8,HFET
386592:10199,249:249,10/04/24 14:15:56,STABLE BEAMS,6800,488005.877329195,464606.272548913,63.6,HFET
386592:10199,250:250,10/04/24 14:16:20,STABLE BEAMS,6800,487417.007421899,464296.083005240,63.6,HFET
386592:10199,251:251,10/04/24 14:16:43,STABLE BEAMS,6800,486533.748016973,463590.524000141,63.5,HFET
386592:10199,252:252,10/04/24 14:17:06,STABLE BEAMS,6800,485429.171413528,463309.291106212,63.3,HFET
386592:10199,253:253,10/04/24 14:17:30,STABLE BEAMS,6800,484076.190486299,461365.983347995,63.2,HFET
386592:10199,254:254,10/04/24 14:17:53,STABLE BEAMS,6800,482974.937999947,461087.300653295,63.1,HFET
386592:10199,255:255,10/04/24 14:18:16,STABLE BEAMS,6800,486447.197425414,462894.023563784,62.8,HFET
386592:10199,256:256,10/04/24 14:18:40,STABLE BEAMS,6800,491867.865007555,459242.926172473,64.2,HFET
386592:10199,257:257,10/04/24 14:19:03,STABLE BEAMS,6800,490455.786593261,465704.338451768,64.1,HFET
386592:10199,258:258,10/04/24 14:19:26,STABLE BEAMS,6800,489635.993115395,464758.338085012,63.8,HFET
386592:10199,259:259,10/04/24 14:19:50,STABLE BEAMS,6800,489867.508779753,464815.978648385,63.9,HFET
386592:10199,260:260,10/04/24 14:20:13,STABLE BEAMS,6800,489276.634145458,361701.248672883,63.9,HFET
386592:10199,261:261,10/04/24 14:20:36,STABLE BEAMS,6800,489669.502360289,465274.862989505,63.8,HFET
386592:10199,262:262,10/04/24 14:20:59,STABLE BEAMS,6800,489098.661009516,464542.804290776,63.9,HFET
386592:10199,263:263,10/04/24 14:21:23,STABLE BEAMS,6800,488605.721951271,464159.178799840,63.7,HFET
386592:10199,264:264,10/04/24 14:21:46,STABLE BEAMS,6800,489343.515101649,464330.594613633,63.8,HFET
386592:10199,265:265,10/04/24 14:22:09,STABLE BEAMS,6800,490206.013926746,464764.438515891,63.9,HFET
386592:10199,266:266,10/04/24 14:22:33,STABLE BEAMS,6800,490073.070222708,465235.801117040,63.9,HFET
386592:10199,267:267,10/04/24 14:22:56,STABLE BEAMS,6800,490638.174790756,465142.921648967,64.0,HFET
386592:10199,268:268,10/04/24 14:23:19,STABLE BEAMS,6800,490775.398353829,465806.640136736,64.0,HFET
386592:10199,269:269,10/04/24 14:23:43,STABLE BEAMS,6800,490673.322783418,459532.672162914,64.0,HFET
386592:10199,270:270,10/04/24 14:24:06,STABLE BEAMS,6800,491490.202413901,464500.189855582,64.1,HFET
386592:10199,271:271,10/04/24 14:24:29,STABLE BEAMS,6800,491442.534201808,466538.062451198,64.1,HFET
386592:10199,272:272,10/04/24 14:24:52,STABLE BEAMS,6800,491644.909061267,466512.656033104,64.1,HFET
386592:10199,273:273,10/04/24 14:25:16,STABLE BEAMS,6800,492436.247071138,466077.718855308,64.2,HFET
386592:10199,274:274,10/04/24 14:25:39,STABLE BEAMS,6800,490877.383012202,463192.692920448,64.1,HFET
386592:10199,275:275,10/04/24 14:26:02,STABLE BEAMS,6800,491102.705002564,294786.039622598,64.0,HFET
386592:10199,276:276,10/04/24 14:26:26,STABLE BEAMS,6800,490434.296386049,416327.737638633,64.0,HFET
386592:10199,277:277,10/04/24 14:26:49,STABLE BEAMS,6800,490073.389580381,465665.136714628,64.0,HFET
386592:10199,278:278,10/04/24 14:27:12,STABLE BEAMS,6800,490795.704373466,466175.652100281,63.9,HFET
386592:10199,279:279,10/04/24 14:27:36,STABLE BEAMS,6800,490564.736512416,465514.164454068,64.0,HFET
386592:10199,280:280,10/04/24 14:27:59,STABLE BEAMS,6800,489885.674869872,464536.020854070,63.9,HFET
386592:10199,281:281,10/04/24 14:28:22,STABLE BEAMS,6800,489035.013258379,464022.181351323,63.8,HFET
386592:10199,282:282,10/04/24 14:28:46,STABLE BEAMS,6800,487893.330556831,464622.298709515,63.7,HFET
386592:10199,283:283,10/04/24 14:29:09,STABLE BEAMS,6800,486888.008919532,457095.101294202,63.6,HFET
386592:10199,284:284,10/04/24 14:29:32,STABLE BEAMS,6800,487065.888812357,463488.856368363,63.5,HFET
386592:10199,285:285,10/04/24 14:29:55,STABLE BEAMS,6800,485870.255643761,463096.307511205,63.5,HFET
386592:10199,286:286,10/04/24 14:30:19,STABLE BEAMS,6800,485490.499742148,463041.627416771,63.3,HFET
386592:10199,287:287,10/04/24 14:30:42,STABLE BEAMS,6800,484901.219565141,461677.993463513,63.3,HFET
386592:10199,288:288,10/04/24 14:31:05,STABLE BEAMS,6800,484375.498558309,462560.751686689,63.2,HFET
386592:10199,289:289,10/04/24 14:31:29,STABLE BEAMS,6800,484068.952489402,461930.495822255,63.1,HFET
386592:10199,290:290,10/04/24 14:31:52,STABLE BEAMS,6800,483536.263890710,460866.349434006,63.1,HFET
386592:10199,291:291,10/04/24 14:32:15,STABLE BEAMS,6800,482479.266918398,459382.471489140,63.0,HFET
386592:10199,292:292,10/04/24 14:32:39,STABLE BEAMS,6800,482220.617507218,459132.472708068,62.9,HFET
386592:10199,293:293,10/04/24 14:33:02,STABLE BEAMS,6800,480775.393496184,459457.049664576,62.8,HFET
386592:10199,294:294,10/04/24 14:33:25,STABLE BEAMS,6800,484923.800716813,462196.840121601,62.6,HFET
386592:10199,295:295,10/04/24 14:33:49,STABLE BEAMS,6800,486691.823071913,463577.957159152,63.8,HFET
386592:10199,296:296,10/04/24 14:34:12,STABLE BEAMS,6800,483027.070226230,455020.306755639,63.1,HFET
386592:10199,297:297,10/04/24 14:34:35,STABLE BEAMS,6800,489279.729816916,463809.106844278,62.9,HFET
386592:10199,298:298,10/04/24 14:34:59,STABLE BEAMS,6800,491670.905242071,466151.840139475,64.3,HFET
386592:10199,299:299,10/04/24 14:35:22,STABLE BEAMS,6800,491139.995255821,464789.844933985,64.1,HFET
386592:10199,300:300,10/04/24 14:35:45,STABLE BEAMS,6800,490479.733756586,465468.771374010,64.0,HFET
386592:10199,301:301,10/04/24 14:36:09,STABLE BEAMS,6800,490314.101347077,465022.178806687,64.0,HFET
386592:10199,302:302,10/04/24 14:36:32,STABLE BEAMS,6800,489120.470574401,464398.797290997,63.9,HFET
386592:10199,303:303,10/04/24 14:36:55,STABLE BEAMS,6800,488573.895744625,464141.742337105,63.7,HFET
386592:10199,304:304,10/04/24 14:37:18,STABLE BEAMS,6800,488394.239570435,464799.996778264,63.7,HFET
386592:10199,305:305,10/04/24 14:37:42,STABLE BEAMS,6800,488026.365172908,463386.417149799,63.7,HFET
386592:10199,306:306,10/04/24 14:38:05,STABLE BEAMS,6800,487470.412416718,464042.762438153,63.6,HFET
386592:10199,307:307,10/04/24 14:38:28,STABLE BEAMS,6800,486465.454427571,464108.687652403,63.5,HFET
386592:10199,308:308,10/04/24 14:38:52,STABLE BEAMS,6800,485122.809499776,462902.627572334,63.4,HFET
386592:10199,309:309,10/04/24 14:39:15,STABLE BEAMS,6800,484998.378892249,456298.254947240,63.2,HFET
386592:10199,310:310,10/04/24 14:39:38,STABLE BEAMS,6800,484319.769478818,462075.323361457,63.2,HFET
386592:10199,311:311,10/04/24 14:40:02,STABLE BEAMS,6800,484515.454144687,462211.134291319,62.4,HFET
386592:10199,312:312,10/04/24 14:40:25,STABLE BEAMS,6800,493146.724650617,467259.512414379,64.4,HFET
386592:10199,313:313,10/04/24 14:40:48,STABLE BEAMS,6800,493996.202074534,468116.046011116,64.2,HFET
386592:10199,314:314,10/04/24 14:41:12,STABLE BEAMS,6800,491971.441792137,466715.716229467,64.3,HFET
386592:10199,315:315,10/04/24 14:41:35,STABLE BEAMS,6800,490034.143552762,466155.346080645,63.9,HFET
386592:10199,316:316,10/04/24 14:41:58,STABLE BEAMS,6800,489039.428319932,466238.208906958,63.9,HFET
386592:10199,317:317,10/04/24 14:42:21,STABLE BEAMS,6800,488341.517581443,465290.481211473,63.7,HFET
386592:10199,318:318,10/04/24 14:42:45,STABLE BEAMS,6800,486425.434482087,464017.265108020,63.5,HFET
386592:10199,319:319,10/04/24 14:43:08,STABLE BEAMS,6800,486580.961668875,463704.026514446,64.8,HFET
386592:10199,320:320,10/04/24 14:43:31,STABLE BEAMS,6800,485178.354424112,463258.116952949,63.3,HFET
386592:10199,321:321,10/04/24 14:43:55,STABLE BEAMS,6800,483885.878955002,460413.427990168,63.2,HFET
386592:10199,322:322,10/04/24 14:44:18,STABLE BEAMS,6800,483197.437054965,454954.789480022,63.1,HFET
386592:10199,323:323,10/04/24 14:44:41,STABLE BEAMS,6800,486601.221066953,463182.585366649,62.9,HFET
386592:10199,324:324,10/04/24 14:45:05,STABLE BEAMS,6800,488422.695038430,464836.011931906,63.8,HFET
386592:10199,325:325,10/04/24 14:45:28,STABLE BEAMS,6800,487714.266476430,464081.824310618,63.7,HFET
386592:10199,326:326,10/04/24 14:45:51,STABLE BEAMS,6800,486130.408600189,463698.653379874,63.5,HFET
386592:10199,327:327,10/04/24 14:46:15,STABLE BEAMS,6800,484954.123378210,461442.608209833,63.3,HFET
386592:10199,328:328,10/04/24 14:46:38,STABLE BEAMS,6800,484044.093874616,461652.677957458,63.2,HFET
386592:10199,329:329,10/04/24 14:47:01,STABLE BEAMS,6800,484343.308703510,462836.063642738,63.2,HFET
386592:10199,330:330,10/04/24 14:47:25,STABLE BEAMS,6800,484075.507480473,462781.702905978,63.2,HFET
386592:10199,331:331,10/04/24 14:47:48,STABLE BEAMS,6800,484159.099934170,462795.451603465,63.1,HFET
386592:10199,332:332,10/04/24 14:48:11,STABLE BEAMS,6800,484280.523451198,462153.132410870,63.2,HFET
386592:10199,333:333,10/04/24 14:48:34,STABLE BEAMS,6800,484191.287457891,462582.195272343,63.1,HFET
386592:10199,334:334,10/04/24 14:48:58,STABLE BEAMS,6800,484000.020184653,455524.038704586,63.1,HFET
386592:10199,335:335,10/04/24 14:49:21,STABLE BEAMS,6800,482892.758179461,461752.159038160,63.1,HFET
386592:10199,336:336,10/04/24 14:49:44,STABLE BEAMS,6800,490754.775307598,465647.744542374,62.9,HFET
386592:10199,337:337,10/04/24 14:50:08,STABLE BEAMS,6800,493517.466273968,468121.600969765,64.5,HFET
386592:10199,338:338,10/04/24 14:50:31,STABLE BEAMS,6800,492435.745889388,466519.075821656,64.2,HFET
386592:10199,339:339,10/04/24 14:50:54,STABLE BEAMS,6800,492447.492190955,462774.373997042,64.2,HFET
386592:10199,340:340,10/04/24 14:51:18,STABLE BEAMS,6800,491522.208113546,466270.762409911,64.2,HFET
386592:10199,341:341,10/04/24 14:51:41,STABLE BEAMS,6800,490147.736979105,464705.387650384,64.0,HFET
386592:10199,342:342,10/04/24 14:52:04,STABLE BEAMS,6800,489304.544141222,466150.019567631,63.9,HFET
386592:10199,343:343,10/04/24 14:52:28,STABLE BEAMS,6800,488568.387407534,465179.570855800,63.8,HFET
386592:10199,344:344,10/04/24 14:52:51,STABLE BEAMS,6800,487971.186227803,464522.635804736,63.6,HFET
386592:10199,345:345,10/04/24 14:53:14,STABLE BEAMS,6800,489152.613807642,465265.713508726,63.8,HFET
386592:10199,346:346,10/04/24 14:53:37,STABLE BEAMS,6800,489477.645324341,464077.453539545,63.9,HFET
386592:10199,347:347,10/04/24 14:54:01,STABLE BEAMS,6800,490366.368775877,459578.930072874,63.9,HFET
386592:10199,348:348,10/04/24 14:54:24,STABLE BEAMS,6800,491049.801189495,466334.093134452,64.0,HFET
386592:10199,349:349,10/04/24 14:54:47,STABLE BEAMS,6800,492669.946955493,467129.755293838,64.2,HFET
386592:10199,350:350,10/04/24 14:55:11,STABLE BEAMS,6800,493447.032755049,468673.320488479,64.3,HFET
386592:10199,351:351,10/04/24 14:55:34,STABLE BEAMS,6800,493414.297428019,467994.212224376,64.4,HFET
386592:10199,352:352,10/04/24 14:55:57,STABLE BEAMS,6800,494388.844174808,468025.581539752,64.4,HFET
386592:10199,353:353,10/04/24 14:56:21,STABLE BEAMS,6800,494471.704670043,468938.389688210,64.5,HFET
386592:10199,354:354,10/04/24 14:56:44,STABLE BEAMS,6800,494314.858093160,468836.267496241,64.4,HFET
386592:10199,355:355,10/04/24 14:57:07,STABLE BEAMS,6800,495300.286311613,467455.877754997,64.6,HFET
386592:10199,356:356,10/04/24 14:57:31,STABLE BEAMS,6800,493189.793646002,204757.011747326,64.4,HFET
386592:10199,357:357,10/04/24 14:57:54,STABLE BEAMS,6800,494519.237679618,62059.656526043,64.4,HFET
386592:10199,358:358,10/04/24 14:58:17,STABLE BEAMS,6800,495354.236778662,469515.695118016,64.6,HFET
386592:10199,359:359,10/04/24 14:58:41,STABLE BEAMS,6800,494917.479029022,468793.972418720,64.6,HFET
386592:10199,360:360,10/04/24 14:59:04,STABLE BEAMS,6800,494791.864233920,359328.216027068,64.5,HFET
386592:10199,361:361,10/04/24 14:59:27,STABLE BEAMS,6800,495087.575452721,468068.697156696,64.5,HFET
386592:10199,362:362,10/04/24 14:59:50,STABLE BEAMS,6800,494467.471432567,461677.536572244,64.5,HFET
386592:10199,363:363,10/04/24 15:00:14,STABLE BEAMS,6800,493495.157858411,467698.820363247,64.4,HFET
386592:10199,364:364,10/04/24 15:00:37,STABLE BEAMS,6800,493483.318313728,468499.216941860,64.4,HFET
386592:10199,365:365,10/04/24 15:01:00,STABLE BEAMS,6800,493150.594239941,468228.867850672,64.3,HFET
386592:10199,366:366,10/04/24 15:01:24,STABLE BEAMS,6800,492802.251944185,467382.623631811,64.3,HFET
386592:10199,367:367,10/04/24 15:01:47,STABLE BEAMS,6800,492456.506469216,466322.074096770,64.2,HFET
386592:10199,368:368,10/04/24 15:02:10,STABLE BEAMS,6800,491715.433492225,466585.639751252,64.2,HFET
386592:10199,369:369,10/04/24 15:02:34,STABLE BEAMS,6800,491270.251227034,466053.815982464,64.0,HFET
386592:10199,370:370,10/04/24 15:02:57,STABLE BEAMS,6800,491398.460511846,466478.328579865,64.2,HFET
386592:10199,371:371,10/04/24 15:03:20,STABLE BEAMS,6800,491534.273772786,466484.200565109,64.0,HFET
386592:10199,372:372,10/04/24 15:03:44,STABLE BEAMS,6800,491862.946433174,467643.184526873,64.2,HFET
386592:10199,373:373,10/04/24 15:04:07,STABLE BEAMS,6800,492321.604659737,466605.353677101,64.2,HFET
386592:10199,374:374,10/04/24 15:04:30,STABLE BEAMS,6800,492209.468157085,467688.712809448,64.2,HFET
386592:10199,375:375,10/04/24 15:04:54,STABLE BEAMS,6800,491612.994273660,458044.106420379,64.1,HFET
386592:10199,376:376,10/04/24 15:05:17,STABLE BEAMS,6800,490823.567747672,466478.009222192,64.1,HFET
386592:10199,377:377,10/04/24 15:05:40,STABLE BEAMS,6800,491152.788211367,466364.641910405,64.0,HFET
386592:10199,378:378,10/04/24 15:06:03,STABLE BEAMS,6800,490094.697963517,466142.644037137,63.9,HFET
386592:10199,379:379,10/04/24 15:06:27,STABLE BEAMS,6800,490617.642656563,465745.267517636,64.0,HFET
386592:10199,380:380,10/04/24 15:06:50,STABLE BEAMS,6800,490455.513857146,466563.331335695,64.0,HFET
386592:10199,381:381,10/04/24 15:07:13,STABLE BEAMS,6800,489328.081034836,465584.460439391,63.9,HFET
386592:10199,382:382,10/04/24 15:07:37,STABLE BEAMS,6800,489104.763771473,465738.073811219,63.8,HFET
386592:10199,383:383,10/04/24 15:08:00,STABLE BEAMS,6800,488963.987645671,464542.167906507,63.8,HFET
386592:10199,384:384,10/04/24 15:08:23,STABLE BEAMS,6800,488657.714312879,464841.473647439,63.8,HFET
386592:10199,385:385,10/04/24 15:08:47,STABLE BEAMS,6800,488725.826078205,465087.057366957,63.7,HFET
386592:10199,386:386,10/04/24 15:09:10,STABLE BEAMS,6800,487682.715336976,464770.676480366,63.6,HFET
386592:10199,387:387,10/04/24 15:09:33,STABLE BEAMS,6800,487637.504080996,465007.108388027,63.6,HFET
386592:10199,388:388,10/04/24 15:09:57,STABLE BEAMS,6800,486977.837006627,457090.413496534,63.6,HFET
386592:10199,389:389,10/04/24 15:10:20,STABLE BEAMS,6800,486103.545258404,462624.900619575,63.4,HFET
386592:10199,390:390,10/04/24 15:10:43,STABLE BEAMS,6800,486874.621539119,463967.228520775,63.5,HFET
386592:10199,391:391,10/04/24 15:11:06,STABLE BEAMS,6800,486166.421422754,464345.755944331,63.4,HFET
386592:10199,392:392,10/04/24 15:11:30,STABLE BEAMS,6800,485828.415126432,464153.623841190,63.4,HFET
386592:10199,393:393,10/04/24 15:11:53,STABLE BEAMS,6800,485500.287938274,463139.604952225,63.4,HFET
386592:10199,394:394,10/04/24 15:12:16,STABLE BEAMS,6800,485364.157650739,464232.889814295,63.3,HFET
386592:10199,395:395,10/04/24 15:12:40,STABLE BEAMS,6800,485063.073297365,463349.765611888,63.2,HFET
386592:10199,396:396,10/04/24 15:13:03,STABLE BEAMS,6800,484812.165395910,462756.890912750,63.3,HFET
386592:10199,397:397,10/04/24 15:13:26,STABLE BEAMS,6800,484357.104022555,463073.817271571,63.2,HFET
386592:10199,398:398,10/04/24 15:13:50,STABLE BEAMS,6800,484268.369210998,462313.575840961,63.1,HFET
386592:10199,399:399,10/04/24 15:14:13,STABLE BEAMS,6800,484052.287613454,462890.972182806,63.2,HFET
386592:10199,400:400,10/04/24 15:14:36,STABLE BEAMS,6800,483449.759920709,462061.709866488,63.1,HFET
386592:10199,401:401,10/04/24 15:15:00,STABLE BEAMS,6800,487391.920361478,456832.127733508,63.0,HFET
386592:10199,402:402,10/04/24 15:15:23,STABLE BEAMS,6800,491089.138129153,466635.356980824,64.0,HFET
386592:10199,403:403,10/04/24 15:15:46,STABLE BEAMS,6800,490600.294774789,466291.522989738,64.0,HFET
386592:10199,404:404,10/04/24 15:16:10,STABLE BEAMS,6800,489686.621796429,465216.632663422,64.0,HFET
386592:10199,405:405,10/04/24 15:16:33,STABLE BEAMS,6800,489567.837059589,465803.544465277,63.8,HFET
386592:10199,406:406,10/04/24 15:16:56,STABLE BEAMS,6800,488983.792483558,463922.110507911,63.8,HFET
386592:10199,407:407,10/04/24 15:17:19,STABLE BEAMS,6800,487897.838861501,464722.507086523,63.7,HFET
386592:10199,408:408,10/04/24 15:17:43,STABLE BEAMS,6800,487103.677916286,464092.479667725,63.6,HFET
386592:10199,409:409,10/04/24 15:18:06,STABLE BEAMS,6800,486993.180161402,464573.126952172,63.5,HFET
386592:10199,410:410,10/04/24 15:18:29,STABLE BEAMS,6800,486858.504466480,464395.745910019,63.5,HFET
386592:10199,411:411,10/04/24 15:18:53,STABLE BEAMS,6800,486872.619143198,462597.948696830,63.5,HFET
386592:10199,412:412,10/04/24 15:19:16,STABLE BEAMS,6800,486917.874689659,463826.636550129,63.5,HFET
386592:10199,413:413,10/04/24 15:19:39,STABLE BEAMS,6800,486918.739519562,464134.548630688,63.5,HFET
386592:10199,414:414,10/04/24 15:20:03,STABLE BEAMS,6800,486545.084048829,241240.974994533,63.5,HFET
386592:10199,415:415,10/04/24 15:20:26,STABLE BEAMS,6800,486037.118862404,463093.757311976,63.4,HFET
386592:10199,416:416,10/04/24 15:20:49,STABLE BEAMS,6800,486331.599272072,464395.564085942,63.4,HFET
386592:10199,417:417,10/04/24 15:21:13,STABLE BEAMS,6800,486722.101442829,461148.491448319,63.5,HFET
386592:10199,418:418,10/04/24 15:21:36,STABLE BEAMS,6800,486355.047584725,463652.306888953,63.5,HFET
386592:10199,419:419,10/04/24 15:21:59,STABLE BEAMS,6800,486425.024212375,464097.442532586,63.4,HFET
386592:10199,420:420,10/04/24 15:22:23,STABLE BEAMS,6800,487830.864662193,464371.570301059,63.5,HFET
386592:10199,421:421,10/04/24 15:22:46,STABLE BEAMS,6800,487475.876463328,463800.822193401,63.6,HFET
386592:10199,422:422,10/04/24 15:23:09,STABLE BEAMS,6800,487104.407543671,463874.032026107,63.6,HFET
386592:10199,423:423,10/04/24 15:23:32,STABLE BEAMS,6800,485739.542781278,463542.671632894,63.5,HFET
386592:10199,424:424,10/04/24 15:23:56,STABLE BEAMS,6800,484794.090217830,463014.582250910,63.2,HFET
386592:10199,425:425,10/04/24 15:24:19,STABLE BEAMS,6800,488286.655662933,463908.315188865,63.2,HFET
386592:10199,433:433,10/04/24 15:27:26,STABLE BEAMS,6800,487490.308166642,451948.929790844,63.5,HFET
386592:10199,434:434,10/04/24 15:27:49,STABLE BEAMS,6800,486946.330157654,463000.651729345,63.6,HFET
386592:10199,435:435,10/04/24 15:28:12,STABLE BEAMS,6800,486623.848840183,462487.858880579,63.4,HFET
386592:10199,436:436,10/04/24 15:28:35,STABLE BEAMS,6800,486796.630665629,464297.724084085,63.5,HFET
386592:10199,437:437,10/04/24 15:28:59,STABLE BEAMS,6800,485923.206078388,463994.546422752,63.5,HFET
386592:10199,438:438,10/04/24 15:29:22,STABLE BEAMS,6800,486654.854507407,345278.508780553,63.4,HFET
386592:10199,439:439,10/04/24 15:29:45,STABLE BEAMS,6800,486047.226416203,461955.582882676,63.5,HFET
386592:10199,440:440,10/04/24 15:30:09,STABLE BEAMS,6800,485910.228967687,462647.393190287,63.4,HFET
386592:10199,441:441,10/04/24 15:30:32,STABLE BEAMS,6800,486167.969258483,461717.603139287,63.4,HFET
386592:10199,442:442,10/04/24 15:30:55,STABLE BEAMS,6800,486496.551006833,456629.251692300,63.5,HFET
386592:10199,443:443,10/04/24 15:31:19,STABLE BEAMS,6800,485871.076183184,351698.441859595,63.4,HFET
386592:10199,444:444,10/04/24 15:31:42,STABLE BEAMS,6800,485641.791360382,457915.988047606,63.4,HFET
386592:10199,445:445,10/04/24 15:32:05,STABLE BEAMS,6800,485535.617755013,462182.042439056,63.3,HFET
386592:10199,446:446,10/04/24 15:32:29,STABLE BEAMS,6800,485382.004383185,461342.171387189,63.3,HFET
386592:10199,447:447,10/04/24 15:32:52,STABLE BEAMS,6800,485062.299379500,462333.790948559,63.3,HFET
386592:10199,448:448,10/04/24 15:33:15,STABLE BEAMS,6800,483888.475775789,461466.147434524,63.2,HFET
386592:10199,449:449,10/04/24 15:33:39,STABLE BEAMS,6800,483497.108775129,362736.916282358,63.1,HFET
386592:10199,450:450,10/04/24 15:34:02,STABLE BEAMS,6800,483381.102683153,461922.710022050,63.1,HFET
386592:10199,451:451,10/04/24 15:34:25,STABLE BEAMS,6800,489993.895161642,465281.511223692,63.0,HFET
386592:10199,452:452,10/04/24 15:34:48,STABLE BEAMS,6800,493110.028822226,467484.561668626,64.4,HFET
386592:10199,453:453,10/04/24 15:35:12,STABLE BEAMS,6800,492401.234280995,465803.954734989,64.3,HFET
386592:10199,454:454,10/04/24 15:35:35,STABLE BEAMS,6800,492225.174960013,466709.660089068,64.2,HFET
386592:10199,455:455,10/04/24 15:35:58,STABLE BEAMS,6800,491989.015788468,460407.828741039,64.2,HFET
386592:10199,456:456,10/04/24 15:36:22,STABLE BEAMS,6800,490589.322391087,466004.054462411,64.1,HFET
386592:10199,457:457,10/04/24 15:36:45,STABLE BEAMS,6800,489944.268844108,465557.098246934,63.9,HFET
386592:10199,458:458,10/04/24 15:37:08,STABLE BEAMS,6800,488840.240043971,358253.073944337,63.8,HFET
386592:10199,459:459,10/04/24 15:37:32,STABLE BEAMS,6800,487929.208176878,306609.681692016,63.7,HFET
386592:10199,460:460,10/04/24 15:37:55,STABLE BEAMS,6800,485794.859259980,461897.396847073,63.5,HFET
386592:10199,461:461,10/04/24 15:38:18,STABLE BEAMS,6800,484104.555042255,460999.248847564,62.9,HFET
386592:10199,462:462,10/04/24 15:38:42,STABLE BEAMS,6800,495688.191661584,468738.061515153,64.2,HFET
386592:10199,463:463,10/04/24 15:39:05,STABLE BEAMS,6800,494771.012742053,467990.296013494,64.8,HFET
386592:10199,464:464,10/04/24 15:39:28,STABLE BEAMS,6800,493461.056519729,314464.299978881,64.3,HFET
386592:10199,465:465,10/04/24 15:39:51,STABLE BEAMS,6800,494392.986500247,464099.491550065,64.4,HFET
386592:10199,466:466,10/04/24 15:40:15,STABLE BEAMS,6800,493474.760926737,467182.342080312,64.3,HFET
386592:10199,467:467,10/04/24 15:40:38,STABLE BEAMS,6800,493764.413674061,467727.094007165,64.4,HFET
386592:10199,468:468,10/04/24 15:41:01,STABLE BEAMS,6800,493626.190078567,467511.970482641,64.4,HFET
386592:10199,469:469,10/04/24 15:41:25,STABLE BEAMS,6800,494501.754595325,461426.945697384,64.4,HFET
386592:10199,470:470,10/04/24 15:41:48,STABLE BEAMS,6800,491325.842772928,348234.788773756,64.2,HFET
386592:10199,471:471,10/04/24 15:42:11,STABLE BEAMS,6800,497864.879946482,467855.394204015,64.7,HFET
386592:10199,472:472,10/04/24 15:42:35,STABLE BEAMS,6800,497711.038129020,470047.381353209,65.0,HFET
386592:10199,473:473,10/04/24 15:42:58,STABLE BEAMS,6800,497088.477152753,126377.191848007,64.8,HFET
386605:10200,1:1,10/05/24 21:08:51,STABLE BEAMS,6800,323669.938756456,313049.240115946,42.2,HFET
386605:10200,2:2,10/05/24 21:09:15,STABLE BEAMS,6800,324034.444746409,315908.633518155,42.3,HFET
386605:10200,3:3,10/05/24 21:09:38,STABLE BEAMS,6800,323934.940354928,315185.020314677,42.2,HFET
386605:10200,4:4,10/05/24 21:10:01,STABLE BEAMS,6800,324299.672459438,237701.380052684,42.3,HFET
386605:10200,5:5,10/05/24 21:10:25,STABLE BEAMS,6800,323669.666020341,314681.903770297,42.2,HFET
386605:10200,6:6,10/05/24 21:10:48,STABLE BEAMS,6800,323549.811318743,315365.678852367,42.2,HFET
386605:10200,7:7,10/05/24 21:11:11,STABLE BEAMS,6800,323214.718869803,314567.422203272,42.2,HFET
386605:10200,8:8,10/05/24 21:11:35,STABLE BEAMS,6800,322973.256496022,314568.219431915,42.1,HFET
386605:10200,9:9,10/05/24 21:11:58,STABLE BEAMS,6800,323093.157819178,315288.438585962,42.1,HFET
386605:10200,10:10,10/05/24 21:12:21,STABLE BEAMS,6800,322919.327008674,225745.112937577,42.1,HFET
386605:10200,11:11,10/05/24 21:12:45,STABLE BEAMS,6800,322485.597329234,314048.643146443,42.1,HFET
386605:10200,12:12,10/05/24 21:13:08,STABLE BEAMS,6800,322458.531183671,313482.263478781,42.1,HFET
386605:10200,13:13,10/05/24 21:13:31,STABLE BEAMS,6800,322612.373001134,314228.709590344,42.1,HFET
386605:10200,14:14,10/05/24 21:13:54,STABLE BEAMS,6800,322384.864459696,309804.577812877,42.1,HFET
386605:10200,15:15,10/05/24 21:14:18,STABLE BEAMS,6800,322286.066384821,234523.670969222,42.0,HFET
386605:10200,16:16,10/05/24 21:14:41,STABLE BEAMS,6800,322135.185036298,314028.952531374,42.0,HFET
386605:10200,17:17,10/05/24 21:15:04,STABLE BEAMS,6800,321868.908338212,313036.855099033,42.0,HFET
386605:10200,18:18,10/05/24 21:15:28,STABLE BEAMS,6800,322006.269434881,314031.637933121,42.0,HFET
386605:10200,19:19,10/05/24 21:15:51,STABLE BEAMS,6800,321973.009615323,313156.026794804,42.0,HFET
386605:10200,20:20,10/05/24 21:16:14,STABLE BEAMS,6800,321529.832077131,313740.481640547,42.0,HFET
386605:10200,21:21,10/05/24 21:16:38,STABLE BEAMS,6800,321407.702243497,313608.060097960,41.9,HFET
386605:10200,22:22,10/05/24 21:17:01,STABLE BEAMS,6800,321545.130941426,313797.870447507,41.9,HFET
386605:10200,23:23,10/05/24 21:17:24,STABLE BEAMS,6800,321475.629853668,313560.869756838,41.9,HFET
386605:10200,24:24,10/05/24 21:17:47,STABLE BEAMS,6800,321215.318383942,313193.610763877,41.9,HFET
386605:10200,25:25,10/05/24 21:18:11,STABLE BEAMS,6800,321185.133256142,313561.781208299,41.9,HFET
386605:10200,26:26,10/05/24 21:18:34,STABLE BEAMS,6800,321164.713013688,312574.077857810,41.9,HFET
386605:10200,27:27,10/05/24 21:18:57,STABLE BEAMS,6800,320959.195861213,308699.092089048,41.9,HFET
386605:10200,28:28,10/05/24 21:19:21,STABLE BEAMS,6800,320523.074495841,312026.866643766,41.8,HFET
386605:10200,29:29,10/05/24 21:19:44,STABLE BEAMS,6800,320621.441321305,311935.625923460,41.8,HFET
386605:10200,30:30,10/05/24 21:20:07,STABLE BEAMS,6800,320673.799662144,313053.678488278,41.8,HFET
386605:10200,31:31,10/05/24 21:20:31,STABLE BEAMS,6800,320389.972278505,312737.092466831,41.8,HFET
386605:10200,32:32,10/05/24 21:20:54,STABLE BEAMS,6800,320045.273457516,311471.981521256,41.8,HFET
386605:10200,33:33,10/05/24 21:21:17,STABLE BEAMS,6800,320084.745599693,311573.807666332,41.7,HFET
386605:10200,34:34,10/05/24 21:21:41,STABLE BEAMS,6800,320154.563714046,312524.724276391,41.8,HFET
386605:10200,35:35,10/05/24 21:22:04,STABLE BEAMS,6800,319698.616531086,311667.801389644,41.7,HFET
386605:10200,36:36,10/05/24 21:22:27,STABLE BEAMS,6800,319464.620599838,304694.806091015,41.7,HFET
386605:10200,37:37,10/05/24 21:22:51,STABLE BEAMS,6800,320113.702249437,182895.017889390,41.7,HFET
386605:10200,38:38,10/05/24 21:23:14,STABLE BEAMS,6800,319574.959841424,311640.597710485,41.7,HFET
386605:10200,39:39,10/05/24 21:23:37,STABLE BEAMS,6800,319342.057185713,311705.364379016,41.7,HFET
386605:10200,40:40,10/05/24 21:24:00,STABLE BEAMS,6800,319133.852300413,307097.135723949,41.6,HFET
386605:10200,41:41,10/05/24 21:24:24,STABLE BEAMS,6800,318709.204500493,311171.127944595,41.6,HFET
386605:10200,42:42,10/05/24 21:24:47,STABLE BEAMS,6800,318629.712412832,310672.769130220,41.5,HFET
386605:10200,43:43,10/05/24 21:25:10,STABLE BEAMS,6800,318678.814237837,311237.440117777,41.6,HFET
386605:10200,44:44,10/05/24 21:25:34,STABLE BEAMS,6800,318469.017226326,310516.878295278,41.6,HFET
386605:10200,45:45,10/05/24 21:25:57,STABLE BEAMS,6800,318126.731070970,310666.486875264,41.5,HFET
386605:10200,46:46,10/05/24 21:26:20,STABLE BEAMS,6800,318145.876213809,310124.942511609,41.5,HFET
386605:10200,47:47,10/05/24 21:26:44,STABLE BEAMS,6800,318226.349685268,310745.410179916,41.5,HFET
386605:10200,48:48,10/05/24 21:27:07,STABLE BEAMS,6800,318146.081348665,310750.053687104,41.5,HFET
386605:10200,49:49,10/05/24 21:27:30,STABLE BEAMS,6800,317957.431875915,310240.221307278,41.5,HFET
386605:10200,50:50,10/05/24 21:27:54,STABLE BEAMS,6800,317734.387348667,310261.664892932,41.5,HFET
386605:10200,51:51,10/05/24 21:28:17,STABLE BEAMS,6800,317554.229992727,310178.256594389,41.4,HFET
386605:10200,52:52,10/05/24 21:28:40,STABLE BEAMS,6800,317702.540162319,310259.093714002,41.5,HFET
386605:10200,53:53,10/05/24 21:29:04,STABLE BEAMS,6800,317514.893053069,304248.145922432,41.4,HFET
386605:10200,54:54,10/05/24 21:29:27,STABLE BEAMS,6800,317108.502255306,309643.747423853,41.4,HFET
386605:10200,55:55,10/05/24 21:29:50,STABLE BEAMS,6800,316979.926991263,309205.919709455,41.3,HFET
386605:10200,56:56,10/05/24 21:30:13,STABLE BEAMS,6800,317366.512951139,309855.980411775,41.4,HFET
386605:10200,57:57,10/05/24 21:30:37,STABLE BEAMS,6800,317235.322217686,309410.366897171,41.4,HFET
386605:10200,58:58,10/05/24 21:31:00,STABLE BEAMS,6800,317109.481308027,309661.186217666,41.4,HFET
386605:10200,59:59,10/05/24 21:31:23,STABLE BEAMS,6800,317015.259139079,309483.646662214,41.4,HFET
386605:10200,60:60,10/05/24 21:31:47,STABLE BEAMS,6800,316859.482526955,309395.956173559,41.3,HFET
386605:10200,61:61,10/05/24 21:32:10,STABLE BEAMS,6800,316640.557014366,309319.149487645,41.3,HFET
386605:10200,62:62,10/05/24 21:32:33,STABLE BEAMS,6800,316412.342156324,308981.667683851,41.3,HFET
386605:10200,63:63,10/05/24 21:32:57,STABLE BEAMS,6800,316432.032771393,308752.725529502,41.3,HFET
386605:10200,64:64,10/05/24 21:33:20,STABLE BEAMS,6800,316360.347463638,308535.119407008,41.3,HFET
386605:10200,65:65,10/05/24 21:33:43,STABLE BEAMS,6800,315885.938143665,308499.994725125,41.3,HFET
386605:10200,66:66,10/05/24 21:34:07,STABLE BEAMS,6800,315645.431511826,303532.658856534,41.2,HFET
386605:10200,67:67,10/05/24 21:34:30,STABLE BEAMS,6800,315862.398918974,308070.680107238,41.2,HFET
386605:10200,68:68,10/05/24 21:34:53,STABLE BEAMS,6800,315632.638556280,308379.228572066,41.2,HFET
386605:10200,69:69,10/05/24 21:35:17,STABLE BEAMS,6800,315323.609889403,307886.902587311,41.1,HFET
386605:10200,70:70,10/05/24 21:35:40,STABLE BEAMS,6800,315270.456650998,307574.211797045,41.1,HFET
386605:10200,71:71,10/05/24 21:36:03,STABLE BEAMS,6800,315198.838944502,307471.770247402,41.1,HFET
386605:10200,72:72,10/05/24 21:36:26,STABLE BEAMS,6800,315060.750551526,307362.137322421,41.1,HFET
386605:10200,73:73,10/05/24 21:36:50,STABLE BEAMS,6800,314746.486283673,306991.281476252,41.1,HFET
386605:10200,74:74,10/05/24 21:37:13,STABLE BEAMS,6800,314700.093171195,307490.414208492,41.0,HFET
386605:10200,75:75,10/05/24 21:37:36,STABLE BEAMS,6800,314705.601508286,307359.472900375,41.0,HFET
386605:10200,76:76,10/05/24 21:38:00,STABLE BEAMS,6800,314446.975407886,307149.950956057,41.0,HFET
386605:10200,77:77,10/05/24 21:38:23,STABLE BEAMS,6800,314201.734356820,306857.267807455,41.0,HFET
386605:10200,78:78,10/05/24 21:38:46,STABLE BEAMS,6800,314304.879891990,307059.050573126,41.0,HFET
386605:10200,79:79,10/05/24 21:39:10,STABLE BEAMS,6800,312384.722068455,300879.463281548,40.9,HFET
386605:10200,80:80,10/05/24 21:39:33,STABLE BEAMS,6800,310567.597888350,303063.324293162,40.6,HFET
386605:10200,81:81,10/05/24 21:39:56,STABLE BEAMS,6800,309659.204801446,302178.836410181,40.4,HFET
386605:10200,82:82,10/05/24 21:40:20,STABLE BEAMS,6800,309159.822643870,302306.497891685,40.3,HFET
386605:10200,83:83,10/05/24 21:40:43,STABLE BEAMS,6800,308993.232161342,302091.124941824,40.3,HFET
386605:10200,84:84,10/05/24 21:41:06,STABLE BEAMS,6800,308402.199013749,301054.977130300,40.2,HFET
386605:10200,85:85,10/05/24 21:41:29,STABLE BEAMS,6800,308502.111343864,300672.216469267,40.2,HFET
386605:10200,86:86,10/05/24 21:41:53,STABLE BEAMS,6800,308496.078514244,301145.376331482,40.2,HFET
386605:10200,87:87,10/05/24 21:42:16,STABLE BEAMS,6800,308337.478966776,301211.233944472,40.2,HFET
386605:10200,88:88,10/05/24 21:42:39,STABLE BEAMS,6800,307975.525507129,301084.845231505,40.2,HFET
386605:10200,89:89,10/05/24 21:43:03,STABLE BEAMS,6800,307845.516630174,301002.984768692,40.2,HFET
386605:10200,90:90,10/05/24 21:43:26,STABLE BEAMS,6800,307763.611876880,300522.654510839,40.2,HFET
386605:10200,91:91,10/05/24 21:43:49,STABLE BEAMS,6800,307546.416024098,300686.536280841,40.1,HFET
386605:10200,92:92,10/05/24 21:44:13,STABLE BEAMS,6800,307080.268044223,295474.709968269,40.1,HFET
386605:10200,93:93,10/05/24 21:44:36,STABLE BEAMS,6800,307071.321367221,299853.903225871,40.0,HFET
386605:10200,94:94,10/05/24 21:44:59,STABLE BEAMS,6800,307024.723119887,299370.570539676,40.0,HFET
386605:10200,95:95,10/05/24 21:45:23,STABLE BEAMS,6800,306621.017723872,299905.100689913,40.0,HFET
386605:10200,96:96,10/05/24 21:45:46,STABLE BEAMS,6800,306361.822840462,299510.139167122,40.0,HFET
386605:10200,97:97,10/05/24 21:46:09,STABLE BEAMS,6800,306720.111845642,299866.810404235,39.9,HFET
386605:10200,98:98,10/05/24 21:46:33,STABLE BEAMS,6800,306728.079469923,299894.128306211,40.0,HFET
386605:10200,99:99,10/05/24 21:46:56,STABLE BEAMS,6800,306817.567219644,299561.313320386,40.0,HFET
386605:10200,100:100,10/05/24 21:47:19,STABLE BEAMS,6800,306792.275024367,300050.042451932,40.0,HFET
386605:10200,101:101,10/05/24 21:47:42,STABLE BEAMS,6800,306761.702937634,299908.653252642,40.0,HFET
386605:10200,102:102,10/05/24 21:48:06,STABLE BEAMS,6800,306661.357027029,299480.863159705,40.0,HFET
386605:10200,103:103,10/05/24 21:48:29,STABLE BEAMS,6800,306570.526576435,299370.773343454,40.0,HFET
386605:10200,104:104,10/05/24 21:48:52,STABLE BEAMS,6800,306413.498175475,299705.478833462,40.0,HFET
386605:10200,105:105,10/05/24 21:49:16,STABLE BEAMS,6800,306234.114737400,295168.641770333,39.9,HFET
386605:10200,106:106,10/05/24 21:49:39,STABLE BEAMS,6800,306241.056687403,299138.166734637,39.9,HFET
386605:10200,107:107,10/05/24 21:50:02,STABLE BEAMS,6800,306131.491363681,298905.287389705,39.9,HFET
386605:10200,108:108,10/05/24 21:50:26,STABLE BEAMS,6800,305728.697419127,299061.110623387,39.9,HFET
386605:10200,109:109,10/05/24 21:50:49,STABLE BEAMS,6800,305476.218371164,298783.838230819,39.9,HFET
386605:10200,110:110,10/05/24 21:51:12,STABLE BEAMS,6800,305466.497776297,298719.255717443,39.8,HFET
386605:10200,111:111,10/05/24 21:51:36,STABLE BEAMS,6800,305471.369729120,298332.534555048,39.9,HFET
386605:10200,112:112,10/05/24 21:51:59,STABLE BEAMS,6800,305224.557531546,298509.300192635,39.8,HFET
386605:10200,113:113,10/05/24 21:52:22,STABLE BEAMS,6800,273713.960185256,267662.218530337,39.8,HFET
386605:10200,114:114,10/05/24 21:52:45,STABLE BEAMS,6800,37149.428411652,36903.151429565,2.7,HFET
386605:10200,115:115,10/05/24 21:53:09,STABLE BEAMS,6800,126080.696454598,124685.942611299,8.8,HFET
386605:10200,116:116,10/05/24 21:53:32,STABLE BEAMS,6800,267999.245773939,262759.761222016,29.4,HFET
386605:10200,117:117,10/05/24 21:53:55,STABLE BEAMS,6800,282234.597733783,276775.663176743,39.7,HFET
386605:10200,118:118,10/05/24 21:54:19,STABLE BEAMS,6800,164269.978625428,160112.783474203,34.8,HFET
386605:10200,119:119,10/05/24 21:54:42,STABLE BEAMS,6800,51880.995759737,51497.722261565,10.3,HFET
386605:10200,120:120,10/05/24 21:55:05,STABLE BEAMS,6800,180321.293888580,177122.014875042,3.4,HFET
386605:10200,121:121,10/05/24 21:55:29,STABLE BEAMS,6800,25546.824044512,25394.976697306,1.2,HFET
386605:10200,122:122,10/05/24 21:55:52,STABLE BEAMS,6800,128666.906874210,127004.249473554,5.8,HFET
386605:10200,123:123,10/05/24 21:56:15,STABLE BEAMS,6800,273479.374491297,267701.327024361,32.6,HFET
386605:10200,124:124,10/05/24 21:56:39,STABLE BEAMS,6800,256594.517052792,251932.223707858,39.6,HFET
386605:10200,125:125,10/05/24 21:57:02,STABLE BEAMS,6800,97038.573076815,96294.346850741,16.7,HFET
386605:10200,126:126,10/05/24 21:57:25,STABLE BEAMS,6800,19670.046267134,19601.630599182,5.5,HFET
386605:10200,127:127,10/05/24 21:57:49,STABLE BEAMS,6800,275425.915454569,268580.308901329,3.6,HFET
386605:10200,128:128,10/05/24 21:58:12,STABLE BEAMS,6800,303074.366609201,296438.100176202,39.5,HFET
386605:10200,129:129,10/05/24 21:58:35,STABLE BEAMS,6800,303205.032850126,295626.411856215,39.5,HFET
386605:10200,130:130,10/05/24 21:58:58,STABLE BEAMS,6800,303179.992411263,296584.794908806,39.5,HFET
386605:10200,131:131,10/05/24 21:59:22,STABLE BEAMS,6800,303016.863579424,292177.055271171,39.5,HFET
386605:10200,132:132,10/05/24 21:59:45,STABLE BEAMS,6800,302941.511486124,296304.018906146,39.5,HFET
386605:10200,133:133,10/05/24 22:00:08,STABLE BEAMS,6800,303138.743987722,296562.234736835,39.5,HFET
386605:10200,134:134,10/05/24 22:00:32,STABLE BEAMS,6800,302164.334774529,295500.887973150,39.4,HFET
386605:10200,135:135,10/05/24 22:00:55,STABLE BEAMS,6800,302033.074108739,295059.099757390,39.4,HFET
386605:10200,136:136,10/05/24 22:01:18,STABLE BEAMS,6800,301913.196096362,295307.914350885,39.4,HFET
386605:10200,137:137,10/05/24 22:01:42,STABLE BEAMS,6800,301706.769823504,294745.793562556,39.4,HFET
386605:10200,138:138,10/05/24 22:02:05,STABLE BEAMS,6800,301532.144115434,294983.589150792,39.3,HFET
386605:10200,139:139,10/05/24 22:02:28,STABLE BEAMS,6800,301638.133565649,294947.508726968,39.3,HFET
386605:10200,140:140,10/05/24 22:02:52,STABLE BEAMS,6800,301956.244112046,295422.624363545,39.3,HFET
386605:10200,141:141,10/05/24 22:03:15,STABLE BEAMS,6800,301775.380439501,294815.019583121,39.4,HFET
386605:10200,142:142,10/05/24 22:03:38,STABLE BEAMS,6800,301628.823240494,295056.822294276,39.4,HFET
386605:10200,143:143,10/05/24 22:04:02,STABLE BEAMS,6800,301498.725782579,294893.147990207,39.3,HFET
386605:10200,144:144,10/05/24 22:04:25,STABLE BEAMS,6800,301280.210539701,290100.095161233,39.3,HFET
386605:10200,145:145,10/05/24 22:04:48,STABLE BEAMS,6800,301169.892277815,294201.130216663,39.3,HFET
386605:10200,146:146,10/05/24 22:05:11,STABLE BEAMS,6800,301087.712457329,294568.594344479,39.3,HFET
386605:10200,147:147,10/05/24 22:05:35,STABLE BEAMS,6800,300963.442694178,293650.503973487,39.3,HFET
386605:10200,148:148,10/05/24 22:05:58,STABLE BEAMS,6800,300850.781698997,293960.054801815,39.2,HFET
386605:10200,149:149,10/05/24 22:06:21,STABLE BEAMS,6800,300733.066926916,293756.246329444,39.2,HFET
386605:10200,150:150,10/05/24 22:06:45,STABLE BEAMS,6800,300698.214981149,294192.549518892,39.2,HFET
386605:10200,151:151,10/05/24 22:07:08,STABLE BEAMS,6800,300567.273673031,293988.943850300,39.2,HFET
386605:10200,152:152,10/05/24 22:07:31,STABLE BEAMS,6800,300449.626502210,293160.865721557,39.2,HFET
386605:10200,153:153,10/05/24 22:07:55,STABLE BEAMS,6800,300812.787460212,294359.002467825,39.2,HFET
386605:10200,154:154,10/05/24 22:08:18,STABLE BEAMS,6800,300286.292535516,293474.535564544,39.2,HFET
386605:10200,155:155,10/05/24 22:08:41,STABLE BEAMS,6800,300252.531534208,293217.594833470,39.2,HFET
386693:10210,32:32,10/08/24 12:02:10,STABLE BEAMS,6800,45775.833724885,33490.478551307,1.8,HFET
386693:10210,33:33,10/08/24 12:02:33,STABLE BEAMS,6800,187038.486255261,184416.911285850,10.6,HFET
386693:10210,34:34,10/08/24 12:02:57,STABLE BEAMS,6800,346007.287652670,336603.712387969,34.3,HFET
386693:10210,35:35,10/08/24 12:03:20,STABLE BEAMS,6800,189227.696158237,187242.967709822,34.4,HFET
386693:10210,36:36,10/08/24 12:03:43,STABLE BEAMS,6800,38949.366719897,38760.103241227,12.1,HFET
386693:10210,37:37,10/08/24 12:04:07,STABLE BEAMS,6800,23933.397610578,3358.590052605,1.0,HFET
386693:10210,38:38,10/08/24 12:04:30,STABLE BEAMS,6800,208006.953009420,186200.242995095,44.2,HFET
386693:10210,39:39,10/08/24 12:04:53,STABLE BEAMS,6800,16223.650593936,16153.617227849,0.6,HFET
386693:10210,40:40,10/08/24 12:05:16,STABLE BEAMS,6800,107701.490335490,104407.328991741,3.3,HFET
386693:10210,41:41,10/08/24 12:05:40,STABLE BEAMS,6800,302598.975905431,296197.320808248,34.0,HFET
386693:10210,42:42,10/08/24 12:06:03,STABLE BEAMS,6800,319940.988025250,161265.335292701,48.1,HFET
386693:10210,43:43,10/08/24 12:06:26,STABLE BEAMS,6800,123982.578549157,86439.817571955,36.8,HFET
386693:10210,44:44,10/08/24 12:06:50,STABLE BEAMS,6800,22597.896620686,22507.745189775,4.6,HFET
386693:10210,45:45,10/08/24 12:07:13,STABLE BEAMS,6800,242732.501206008,235140.676986839,1.0,HFET
386693:10210,46:46,10/08/24 12:07:36,STABLE BEAMS,6800,370397.761387236,361591.683349160,48.3,HFET
386693:10210,47:47,10/08/24 12:08:00,STABLE BEAMS,6800,370626.225670615,361191.164536642,48.3,HFET
386693:10210,48:48,10/08/24 12:08:23,STABLE BEAMS,6800,368831.181460433,277487.348254577,48.3,HFET
386693:10210,49:49,10/08/24 12:08:46,STABLE BEAMS,6800,364478.236140049,356252.193224007,47.6,HFET
386693:10210,50:50,10/08/24 12:09:10,STABLE BEAMS,6800,366513.898873810,358262.771228425,47.6,HFET
386693:10210,51:51,10/08/24 12:09:33,STABLE BEAMS,6800,368572.236002359,360651.785744361,48.0,HFET
386693:10210,52:52,10/08/24 12:09:56,STABLE BEAMS,6800,367662.045654390,358325.624081995,48.1,HFET
386693:10210,53:53,10/08/24 12:10:20,STABLE BEAMS,6800,366221.057211910,358381.215627890,47.7,HFET
386693:10210,54:54,10/08/24 12:10:43,STABLE BEAMS,6800,364942.356082145,351498.136997316,47.7,HFET
386693:10210,55:55,10/08/24 12:11:06,STABLE BEAMS,6800,363643.486466340,355678.757383524,47.5,HFET
386693:10210,56:56,10/08/24 12:11:29,STABLE BEAMS,6800,363504.055372491,355477.587691342,47.4,HFET
386693:10210,57:57,10/08/24 12:11:53,STABLE BEAMS,6800,362371.023301051,354350.406625446,47.3,HFET
386693:10210,58:58,10/08/24 12:12:16,STABLE BEAMS,6800,363149.043862847,355687.680749747,47.3,HFET
386693:10210,59:59,10/08/24 12:12:39,STABLE BEAMS,6800,363687.170866293,355552.074954740,47.5,HFET
386693:10210,60:60,10/08/24 12:13:03,STABLE BEAMS,6800,363174.447949863,355050.345401714,47.4,HFET
386693:10210,61:61,10/08/24 12:13:26,STABLE BEAMS,6800,362680.301393263,354221.584267145,47.3,HFET
386693:10210,62:62,10/08/24 12:13:49,STABLE BEAMS,6800,362186.858822191,354180.858005055,47.3,HFET
386693:10210,63:63,10/08/24 12:14:13,STABLE BEAMS,6800,361872.209926484,354447.225615180,47.2,HFET
386693:10210,64:64,10/08/24 12:14:36,STABLE BEAMS,6800,361568.258347286,354205.467194505,47.2,HFET
386693:10210,65:65,10/08/24 12:14:59,STABLE BEAMS,6800,361290.827441421,353864.887388175,47.1,HFET
386693:10210,66:66,10/08/24 12:15:23,STABLE BEAMS,6800,363168.119073349,355077.411547276,47.1,HFET
386693:10210,67:67,10/08/24 12:15:46,STABLE BEAMS,6800,371297.776580147,357428.569358024,48.1,HFET
386693:10210,68:68,10/08/24 12:16:09,STABLE BEAMS,6800,384394.382996605,375374.999674771,48.9,HFET
386693:10210,69:69,10/08/24 12:16:33,STABLE BEAMS,6800,397093.612893561,269588.863743684,51.0,HFET
386693:10210,70:70,10/08/24 12:16:56,STABLE BEAMS,6800,411455.465458112,400349.471363811,53.1,HFET
386693:10210,71:71,10/08/24 12:17:19,STABLE BEAMS,6800,427409.371968820,413556.759690308,54.6,HFET
386693:10210,72:72,10/08/24 12:17:42,STABLE BEAMS,6800,442856.495149602,427456.949268875,56.4,HFET
386693:10210,73:73,10/08/24 12:18:06,STABLE BEAMS,6800,453717.588530212,436648.909281299,58.7,HFET
386693:10210,74:74,10/08/24 12:18:29,STABLE BEAMS,6800,455585.637438244,438492.782580372,59.7,HFET
386693:10210,75:75,10/08/24 12:18:52,STABLE BEAMS,6800,442470.093344880,302935.457676803,58.7,HFET
386693:10210,76:76,10/08/24 12:19:16,STABLE BEAMS,6800,409349.026536979,397790.430356513,55.4,HFET
386693:10210,77:77,10/08/24 12:19:39,STABLE BEAMS,6800,419477.560037110,406782.563377630,53.8,HFET
386693:10210,78:78,10/08/24 12:20:02,STABLE BEAMS,6800,424369.226785805,412214.203343473,55.0,HFET
386693:10210,79:79,10/08/24 12:20:26,STABLE BEAMS,6800,425559.078881196,413839.901737042,55.6,HFET
386693:10210,80:80,10/08/24 12:20:49,STABLE BEAMS,6800,429147.801289907,329351.624124928,55.5,HFET
386693:10210,81:81,10/08/24 12:21:12,STABLE BEAMS,6800,419451.608146786,401054.715673392,55.7,HFET
386693:10210,82:82,10/08/24 12:21:36,STABLE BEAMS,6800,416215.006711115,404041.681976145,54.3,HFET
386693:10210,83:83,10/08/24 12:21:59,STABLE BEAMS,6800,416591.531738750,404626.908408675,54.2,HFET
386693:10210,84:84,10/08/24 12:22:22,STABLE BEAMS,6800,416200.756831878,404667.065887756,54.4,HFET
386693:10210,85:85,10/08/24 12:22:45,STABLE BEAMS,6800,414004.762559764,403118.036646504,54.2,HFET
386693:10210,86:86,10/08/24 12:23:09,STABLE BEAMS,6800,412055.946464457,401503.856108867,53.7,HFET
386693:10210,87:87,10/08/24 12:23:32,STABLE BEAMS,6800,428200.024641787,414621.724286902,53.7,HFET
386693:10210,88:88,10/08/24 12:23:55,STABLE BEAMS,6800,481988.418837035,451569.672739903,60.7,HFET
386693:10210,89:89,10/08/24 12:24:19,STABLE BEAMS,6800,497140.471845439,460470.658283830,64.9,HFET
386693:10210,90:90,10/08/24 12:24:42,STABLE BEAMS,6800,497054.422435629,461496.104116690,64.8,HFET
386693:10210,91:91,10/08/24 12:25:05,STABLE BEAMS,6800,496336.385170502,352826.716201029,64.8,HFET
386693:10210,92:92,10/08/24 12:25:29,STABLE BEAMS,6800,495945.976242860,460118.991870981,64.7,HFET
386693:10210,93:93,10/08/24 12:25:52,STABLE BEAMS,6800,495395.622735799,461601.321980118,64.6,HFET
386693:10210,94:94,10/08/24 12:26:15,STABLE BEAMS,6800,495024.062904103,454937.534841364,64.6,HFET
386693:10210,95:95,10/08/24 12:26:39,STABLE BEAMS,6800,494536.902587987,461729.349440853,64.5,HFET
386693:10210,96:96,10/08/24 12:27:02,STABLE BEAMS,6800,493978.581456645,353260.811859700,64.4,HFET
386693:10210,97:97,10/08/24 12:27:25,STABLE BEAMS,6800,493048.928939241,458308.035723015,64.4,HFET
386693:10210,98:98,10/08/24 12:27:49,STABLE BEAMS,6800,491970.987231946,460182.506750677,64.2,HFET
386693:10210,99:99,10/08/24 12:28:12,STABLE BEAMS,6800,490994.302886717,457865.405988131,64.1,HFET
386693:10210,100:100,10/08/24 12:28:35,STABLE BEAMS,6800,490479.279196394,231707.732355791,64.0,HFET
386693:10210,101:101,10/08/24 12:28:58,STABLE BEAMS,6800,488760.519510675,418145.020332035,63.8,HFET
386693:10210,102:102,10/08/24 12:29:22,STABLE BEAMS,6800,487070.215292950,340168.643815575,63.6,HFET
386693:10210,103:103,10/08/24 12:29:45,STABLE BEAMS,6800,485255.070197987,457519.112709854,63.4,HFET
386693:10210,104:104,10/08/24 12:30:08,STABLE BEAMS,6800,483999.838360577,456090.189926614,63.1,HFET
386693:10210,105:105,10/08/24 12:30:32,STABLE BEAMS,6800,483953.899808290,454815.472608990,63.1,HFET
386693:10210,106:106,10/08/24 12:30:55,STABLE BEAMS,6800,483766.777191568,457333.309483227,63.1,HFET
386693:10210,107:107,10/08/24 12:31:18,STABLE BEAMS,6800,483145.216247723,457714.478018050,63.1,HFET
386693:10210,108:108,10/08/24 12:31:42,STABLE BEAMS,6800,488241.626231029,452218.185606494,63.0,HFET
386693:10210,109:109,10/08/24 12:32:05,STABLE BEAMS,6800,489385.859131805,459978.945372564,63.9,HFET
386693:10210,110:110,10/08/24 12:32:28,STABLE BEAMS,6800,488610.910930689,459598.779201241,63.7,HFET
386693:10210,111:111,10/08/24 12:32:52,STABLE BEAMS,6800,488474.507907039,458045.789458627,63.8,HFET
386693:10210,112:112,10/08/24 12:33:15,STABLE BEAMS,6800,486694.419892700,458904.509606440,63.5,HFET
386693:10210,113:113,10/08/24 12:33:38,STABLE BEAMS,6800,486007.344004315,458568.051145847,63.4,HFET
386693:10210,114:114,10/08/24 12:34:01,STABLE BEAMS,6800,484932.134320326,457914.575414395,63.3,HFET
386693:10210,115:115,10/08/24 12:34:25,STABLE BEAMS,6800,479832.309307888,455766.023239818,62.9,HFET
386693:10210,116:116,10/08/24 12:34:48,STABLE BEAMS,6800,492025.986684052,460323.462369477,62.7,HFET
386693:10210,117:117,10/08/24 12:35:11,STABLE BEAMS,6800,490833.540098952,459775.342035050,64.4,HFET
386693:10210,118:118,10/08/24 12:35:35,STABLE BEAMS,6800,489582.588120577,460127.187940898,63.8,HFET
386693:10210,119:119,10/08/24 12:35:58,STABLE BEAMS,6800,489574.485293776,460490.782479390,63.9,HFET
386693:10210,120:120,10/08/24 12:36:21,STABLE BEAMS,6800,488103.719662130,458909.745207416,63.8,HFET
386693:10210,121:121,10/08/24 12:36:45,STABLE BEAMS,6800,487528.234804168,452265.082231800,63.5,HFET
386693:10210,122:122,10/08/24 12:37:08,STABLE BEAMS,6800,487093.069180737,459108.115275032,63.5,HFET
386693:10210,123:123,10/08/24 12:37:31,STABLE BEAMS,6800,487072.080155275,458116.996895412,63.5,HFET
386693:10210,124:124,10/08/24 12:37:55,STABLE BEAMS,6800,486612.375274732,456351.935009252,63.5,HFET
386693:10210,125:125,10/08/24 12:38:18,STABLE BEAMS,6800,486618.976887361,458505.039778979,63.4,HFET
386693:10210,126:126,10/08/24 12:38:41,STABLE BEAMS,6800,486128.359582710,458052.710428929,63.5,HFET
386693:10210,127:127,10/08/24 12:39:05,STABLE BEAMS,6800,485724.791720291,457137.442993281,63.4,HFET
386693:10210,128:128,10/08/24 12:39:28,STABLE BEAMS,6800,484566.171406681,457554.078878439,63.3,HFET
386693:10210,129:129,10/08/24 12:39:51,STABLE BEAMS,6800,483506.213965428,457185.887454317,63.1,HFET
386693:10210,130:130,10/08/24 12:40:14,STABLE BEAMS,6800,486629.814068544,457944.762873273,63.0,HFET
386693:10210,131:131,10/08/24 12:40:38,STABLE BEAMS,6800,488540.614945366,459887.023977510,63.7,HFET
386693:10210,132:132,10/08/24 12:41:01,STABLE BEAMS,6800,487196.510762802,457236.378601754,63.6,HFET
386693:10210,133:133,10/08/24 12:41:24,STABLE BEAMS,6800,486829.275080620,458728.951467208,63.5,HFET
386693:10210,134:134,10/08/24 12:41:48,STABLE BEAMS,6800,487481.384800420,452192.872431516,63.5,HFET
386693:10210,135:135,10/08/24 12:42:11,STABLE BEAMS,6800,487114.515097470,459162.566923831,63.6,HFET
386693:10210,136:136,10/08/24 12:42:34,STABLE BEAMS,6800,487270.904783083,458752.215624706,63.5,HFET
386693:10210,137:137,10/08/24 12:42:58,STABLE BEAMS,6800,487424.520485989,457948.222192885,63.6,HFET
386693:10210,138:138,10/08/24 12:43:21,STABLE BEAMS,6800,487234.208954692,458453.000795813,63.5,HFET
386693:10210,139:139,10/08/24 12:43:44,STABLE BEAMS,6800,487805.369663139,459396.357720224,63.6,HFET
386693:10210,140:140,10/08/24 12:44:08,STABLE BEAMS,6800,487027.463324160,458752.625894418,63.6,HFET
386693:10210,141:141,10/08/24 12:44:31,STABLE BEAMS,6800,486618.976887361,459177.683964049,63.4,HFET
386693:10210,142:142,10/08/24 12:44:54,STABLE BEAMS,6800,486823.766743529,459191.752019210,63.5,HFET
386693:10210,143:143,10/08/24 12:45:18,STABLE BEAMS,6800,486797.633029129,458678.504610251,63.5,HFET
386693:10210,144:144,10/08/24 12:45:41,STABLE BEAMS,6800,486139.285344854,459104.199064151,63.4,HFET
386693:10210,145:145,10/08/24 12:46:04,STABLE BEAMS,6800,485585.428227701,458545.059724463,63.4,HFET
386693:10210,146:146,10/08/24 12:46:27,STABLE BEAMS,6800,484333.520507384,458259.229944904,63.2,HFET
386693:10210,147:147,10/08/24 12:46:51,STABLE BEAMS,6800,484765.679040316,450555.882296572,63.2,HFET
386693:10210,148:148,10/08/24 12:47:14,STABLE BEAMS,6800,484330.650950482,458097.329591122,63.2,HFET
386693:10210,149:149,10/08/24 12:47:37,STABLE BEAMS,6800,484410.690841451,456554.491692787,63.2,HFET
386693:10210,150:150,10/08/24 12:48:01,STABLE BEAMS,6800,484681.086554197,456581.082298457,63.1,HFET
386693:10210,151:151,10/08/24 12:48:24,STABLE BEAMS,6800,484843.760825844,458017.107876076,63.3,HFET
386693:10210,152:152,10/08/24 12:48:47,STABLE BEAMS,6800,484772.145450426,458124.372425905,63.2,HFET
386693:10210,153:153,10/08/24 12:49:11,STABLE BEAMS,6800,484985.266579030,457394.180920578,63.3,HFET
386693:10210,154:154,10/08/24 12:49:34,STABLE BEAMS,6800,483973.294376465,457039.647281905,63.2,HFET
386693:10210,155:155,10/08/24 12:49:57,STABLE BEAMS,6800,483079.109209396,457105.574827233,63.0,HFET
386693:10210,156:156,10/08/24 12:50:21,STABLE BEAMS,6800,490419.864682735,460418.663591144,63.0,HFET
386478:10189,18:18,10/02/24 05:25:34,STABLE BEAMS,6800,46378.257451556,40744.729122213,1.7,HFET
386478:10189,19:19,10/02/24 05:25:57,STABLE BEAMS,6800,217860.378522818,213619.432870813,10.6,HFET
386478:10189,20:20,10/02/24 05:26:20,STABLE BEAMS,6800,325974.246563455,319539.835159542,48.3,HFET
386478:10189,21:21,10/02/24 05:26:44,STABLE BEAMS,6800,151135.834395240,149585.041460445,33.9,HFET
386478:10189,22:22,10/02/24 05:27:07,STABLE BEAMS,6800,21254.405255192,21186.419274830,11.4,HFET
386478:10189,23:23,10/02/24 05:27:30,STABLE BEAMS,6800,93625.279898727,90628.467589116,0.2,PLTZERO
386478:10189,24:24,10/02/24 05:27:54,STABLE BEAMS,6800,122026.942885436,119580.050968612,48.1,HFET
386478:10189,25:25,10/02/24 05:28:17,STABLE BEAMS,6800,24731.342361449,24538.208827240,0.6,HFET
386478:10189,26:26,10/02/24 05:28:40,STABLE BEAMS,6800,148437.714053749,146354.187996674,12.4,HFET
386478:10189,27:27,10/02/24 05:29:04,STABLE BEAMS,6800,317299.198414457,311007.222863814,33.1,HFET
386478:10189,28:28,10/02/24 05:29:27,STABLE BEAMS,6800,268851.501842719,243024.864996937,48.0,HFET
386478:10189,29:29,10/02/24 05:29:50,STABLE BEAMS,6800,86852.377334287,70877.089477705,17.2,HFET
386478:10189,30:30,10/02/24 05:30:13,STABLE BEAMS,6800,15692.348660247,15646.962060587,4.9,HFET
386478:10189,31:31,10/02/24 05:30:37,STABLE BEAMS,6800,316393.653904754,308331.425157455,3.9,HFET
386478:10189,32:32,10/02/24 05:31:00,STABLE BEAMS,6800,358409.624474326,350557.330272134,48.2,HFET
386478:10189,33:33,10/02/24 05:31:23,STABLE BEAMS,6800,358517.641962319,350582.484933814,48.2,HFET
386478:10189,34:34,10/02/24 05:31:47,STABLE BEAMS,6800,354924.639694572,266504.010817516,48.1,HFET
386478:10189,35:35,10/02/24 05:32:10,STABLE BEAMS,6800,351961.098393694,343710.357707241,47.4,HFET
386478:10189,36:36,10/02/24 05:32:33,STABLE BEAMS,6800,355004.201714571,346813.763682460,47.4,HFET
386478:10189,37:37,10/02/24 05:32:57,STABLE BEAMS,6800,356357.660512771,348986.242040661,47.9,HFET
386478:10189,38:38,10/02/24 05:33:20,STABLE BEAMS,6800,355188.753152363,347495.673902205,47.9,HFET
386478:10189,39:39,10/02/24 05:33:43,STABLE BEAMS,6800,354201.254936730,267770.713889301,47.6,HFET
386478:10189,40:40,10/02/24 05:34:07,STABLE BEAMS,6800,352725.549751001,345274.047097442,47.5,HFET
386478:10189,41:41,10/02/24 05:34:30,STABLE BEAMS,6800,351869.221289120,344462.745736386,47.3,HFET
386478:10189,42:42,10/02/24 05:34:53,STABLE BEAMS,6800,351497.978484019,339322.718954387,47.3,HFET
386478:10189,43:43,10/02/24 05:35:17,STABLE BEAMS,6800,350691.320630152,342993.208582796,47.2,HFET
386478:10189,44:44,10/02/24 05:35:40,STABLE BEAMS,6800,351936.489204244,343298.276748311,47.2,HFET
386478:10189,45:45,10/02/24 05:36:03,STABLE BEAMS,6800,351833.094243738,344238.743136119,47.4,HFET
386478:10189,46:46,10/02/24 05:36:26,STABLE BEAMS,6800,351284.153369887,344271.660287225,47.3,HFET
386478:10189,47:47,10/02/24 05:36:50,STABLE BEAMS,6800,350928.799191792,343901.897716594,47.2,HFET
386478:10189,48:48,10/02/24 05:37:13,STABLE BEAMS,6800,350507.361286148,343587.225510108,47.2,HFET
386478:10189,49:49,10/02/24 05:37:36,STABLE BEAMS,6800,350218.640969985,343262.284905447,47.1,HFET
386478:10189,50:50,10/02/24 05:38:00,STABLE BEAMS,6800,350067.188507376,343149.873335602,47.1,HFET
386478:10189,51:51,10/02/24 05:38:23,STABLE BEAMS,6800,349895.112998536,342951.004417314,47.1,HFET
386478:10189,52:52,10/02/24 05:38:46,STABLE BEAMS,6800,349593.711618566,341891.935116743,47.1,HFET
386478:10189,53:53,10/02/24 05:39:10,STABLE BEAMS,6800,349027.765531394,341470.497211099,47.0,HFET
386478:10189,54:54,10/02/24 05:39:33,STABLE BEAMS,6800,348709.062891209,341780.048039427,46.9,HFET
386478:10189,55:55,10/02/24 05:39:56,STABLE BEAMS,6800,348417.883287856,336772.167732822,46.9,HFET
386478:10189,56:56,10/02/24 05:40:20,STABLE BEAMS,6800,355447.812833253,347249.635622496,47.1,HFET
386478:10189,57:57,10/02/24 05:40:43,STABLE BEAMS,6800,365003.866234842,356174.316573334,48.2,HFET
386478:10189,58:58,10/02/24 05:41:06,STABLE BEAMS,6800,378874.122442023,370182.318505038,50.5,HFET
386478:10189,59:59,10/02/24 05:41:29,STABLE BEAMS,6800,393213.869394794,382737.177754063,51.8,HFET
386478:10189,60:60,10/02/24 05:41:53,STABLE BEAMS,6800,407312.792689131,395460.172990267,53.5,HFET
386478:10189,61:61,10/02/24 05:42:16,STABLE BEAMS,6800,420616.692539429,407612.329206776,55.9,HFET
386478:10189,62:62,10/02/24 05:42:39,STABLE BEAMS,6800,434876.331999972,420784.283054379,58.0,HFET
386478:10189,63:63,10/02/24 05:43:03,STABLE BEAMS,6800,436795.967662056,422805.856753278,58.8,HFET
386478:10189,64:64,10/02/24 05:43:26,STABLE BEAMS,6800,418465.135605431,406722.603391740,57.8,HFET
386478:10189,65:65,10/02/24 05:43:49,STABLE BEAMS,6800,392870.900233611,383451.480632385,55.4,HFET
386478:10189,66:66,10/02/24 05:44:13,STABLE BEAMS,6800,390126.421978917,293704.389170355,51.7,HFET
386478:10189,67:67,10/02/24 05:44:36,STABLE BEAMS,6800,387139.863614798,377529.062517517,52.6,HFET
386478:10189,68:68,10/02/24 05:44:59,STABLE BEAMS,6800,394384.690570163,379171.425787034,52.7,HFET
386478:10189,69:69,10/02/24 05:45:23,STABLE BEAMS,6800,393937.505909051,384063.661318738,52.9,HFET
386478:10189,70:70,10/02/24 05:45:46,STABLE BEAMS,6800,381544.115764396,371376.245324608,52.2,HFET
386478:10189,71:71,10/02/24 05:46:09,STABLE BEAMS,6800,378474.902039898,368045.717766884,51.0,HFET
386478:10189,72:72,10/02/24 05:46:33,STABLE BEAMS,6800,377069.175812897,368597.390664039,50.8,HFET
386478:10189,73:73,10/02/24 05:46:56,STABLE BEAMS,6800,375921.325079211,367182.172287807,50.4,HFET
386478:10189,74:74,10/02/24 05:47:19,STABLE BEAMS,6800,375267.620902124,367045.426595705,50.6,HFET
386478:10189,75:75,10/02/24 05:47:42,STABLE BEAMS,6800,376056.839962179,367557.170459414,51.5,HFET
386478:10189,76:76,10/02/24 05:48:06,STABLE BEAMS,6800,371227.524885304,363207.842971939,50.6,HFET
386478:10189,77:77,10/02/24 05:48:29,STABLE BEAMS,6800,368145.518205259,360413.419042039,49.8,HFET
386478:10189,78:78,10/02/24 05:48:52,STABLE BEAMS,6800,365792.903470820,358103.148337756,49.1,HFET
386478:10189,79:79,10/02/24 05:49:16,STABLE BEAMS,6800,392674.397359397,382386.786440828,51.5,HFET
386478:10189,80:80,10/02/24 05:49:39,STABLE BEAMS,6800,437429.820379698,420484.933022966,56.6,HFET
386478:10189,81:81,10/02/24 05:50:02,STABLE BEAMS,6800,457678.418573927,422170.684645541,61.5,HFET
386478:10189,82:82,10/02/24 05:50:26,STABLE BEAMS,6800,456864.499412384,305180.985023333,61.5,HFET
386478:10189,83:83,10/02/24 05:50:49,STABLE BEAMS,6800,457198.316761710,437845.407279799,61.4,HFET
386478:10189,84:84,10/02/24 05:51:12,STABLE BEAMS,6800,456497.536466318,437870.174982547,61.5,HFET
386478:10189,85:85,10/02/24 05:51:36,STABLE BEAMS,6800,456582.630134187,438689.101299431,61.4,HFET
386478:10189,86:86,10/02/24 05:51:59,STABLE BEAMS,6800,456395.094916676,438749.201149995,61.4,HFET
386478:10189,87:87,10/02/24 05:52:22,STABLE BEAMS,6800,454391.643017415,345576.404219352,61.3,HFET
386478:10189,88:88,10/02/24 05:52:46,STABLE BEAMS,6800,451485.991705245,431003.010620835,61.2,HFET
386478:10189,89:89,10/02/24 05:53:09,STABLE BEAMS,6800,466411.081644442,444374.791459745,61.8,HFET
386478:10189,90:90,10/02/24 05:53:32,STABLE BEAMS,6800,466000.320075606,444875.383446754,63.0,HFET
386478:10189,91:91,10/02/24 05:53:55,STABLE BEAMS,6800,465548.491907306,445012.560388269,62.4,HFET
386478:10189,92:92,10/02/24 05:54:19,STABLE BEAMS,6800,465350.623021440,445787.007407635,62.7,HFET
386478:10189,93:93,10/02/24 05:54:42,STABLE BEAMS,6800,462643.796337078,443904.706289288,62.3,HFET
386478:10189,94:94,10/02/24 05:55:05,STABLE BEAMS,6800,460968.061356264,442911.084331997,62.1,HFET
386478:10189,95:95,10/02/24 05:55:29,STABLE BEAMS,6800,459401.686564316,435121.505449779,61.9,HFET
386478:10189,96:96,10/02/24 05:55:52,STABLE BEAMS,6800,458440.615778900,440714.817323769,61.8,HFET
386478:10189,97:97,10/02/24 05:56:15,STABLE BEAMS,6800,456899.873519603,438102.828212922,61.4,HFET
386478:10189,98:98,10/02/24 05:56:39,STABLE BEAMS,6800,457137.489614839,340349.850156572,61.5,HFET
386478:10189,99:99,10/02/24 05:57:02,STABLE BEAMS,6800,456857.531820524,438429.587058349,61.5,HFET
386478:10189,100:100,10/02/24 05:57:25,STABLE BEAMS,6800,456677.602910219,437207.365615160,61.6,HFET
386478:10189,101:101,10/02/24 05:57:49,STABLE BEAMS,6800,455301.446406452,436078.021308967,61.3,HFET
386478:10189,102:102,10/02/24 05:58:12,STABLE BEAMS,6800,454060.557691395,437770.556368248,61.2,HFET
386478:10189,103:103,10/02/24 05:58:35,STABLE BEAMS,6800,458224.263776319,440840.021849160,61.0,HFET
386478:10189,104:104,10/02/24 05:58:58,STABLE BEAMS,6800,461566.719459686,442937.628316109,62.1,HFET
386478:10189,105:105,10/02/24 05:59:22,STABLE BEAMS,6800,462397.075051542,443324.668836176,62.1,HFET
386478:10189,106:106,10/02/24 05:59:45,STABLE BEAMS,6800,463227.703379513,444215.669750826,62.3,HFET
386478:10189,107:107,10/02/24 06:00:08,STABLE BEAMS,6800,462599.769268674,444273.217071084,62.3,HFET
386478:10189,108:108,10/02/24 06:00:32,STABLE BEAMS,6800,462539.352391515,437588.487528426,62.2,HFET
386478:10189,109:109,10/02/24 06:00:55,STABLE BEAMS,6800,461917.656245151,442500.278472681,62.2,HFET
386478:10189,110:110,10/02/24 06:01:18,STABLE BEAMS,6800,460995.332636682,442499.914824528,62.0,HFET
386478:10189,111:111,10/02/24 06:01:42,STABLE BEAMS,6800,461329.059073970,442116.743893783,62.0,HFET
386478:10189,112:112,10/02/24 06:02:05,STABLE BEAMS,6800,461264.681695449,443669.549481242,62.1,HFET
386478:10189,113:113,10/02/24 06:02:28,STABLE BEAMS,6800,460564.446872287,442594.840979002,61.9,HFET
386478:10189,114:114,10/02/24 06:02:52,STABLE BEAMS,6800,461379.778667041,443395.193267135,61.9,HFET
386478:10189,115:115,10/02/24 06:03:15,STABLE BEAMS,6800,461343.446486803,443408.352201912,62.1,HFET
386478:10189,116:116,10/02/24 06:03:38,STABLE BEAMS,6800,460545.371661785,442000.873004326,62.0,HFET
386478:10189,117:117,10/02/24 06:04:02,STABLE BEAMS,6800,459874.911696712,442378.943536613,61.9,HFET
386478:10189,118:118,10/02/24 06:04:25,STABLE BEAMS,6800,459869.813629333,441625.851521940,61.8,HFET
386478:10189,119:119,10/02/24 06:04:48,STABLE BEAMS,6800,458937.244933469,339499.824929348,61.8,HFET
386478:10189,120:120,10/02/24 06:05:11,STABLE BEAMS,6800,458978.903626721,441209.215636782,61.7,HFET
386478:10189,121:121,10/02/24 06:05:35,STABLE BEAMS,6800,458750.532586458,433035.964642070,61.7,HFET
386478:10189,122:122,10/02/24 06:05:58,STABLE BEAMS,6800,461034.305928187,442637.229299639,61.7,HFET
386478:10189,123:123,10/02/24 06:06:21,STABLE BEAMS,6800,456659.756177774,439100.683407690,61.8,HFET
386478:10189,124:124,10/02/24 06:06:45,STABLE BEAMS,6800,454487.254508794,438249.110344736,61.0,HFET
386478:10189,125:125,10/02/24 06:07:08,STABLE BEAMS,6800,455405.480082304,437682.413650479,61.2,HFET
386478:10189,126:126,10/02/24 06:07:31,STABLE BEAMS,6800,454006.287866673,436872.865260009,61.2,HFET
386478:10189,127:127,10/02/24 06:07:55,STABLE BEAMS,6800,458275.074281429,439231.806539884,60.9,HFET
386478:10189,128:128,10/02/24 06:08:18,STABLE BEAMS,6800,461366.302705668,441715.040893689,62.2,HFET
386478:10189,129:129,10/02/24 06:08:41,STABLE BEAMS,6800,459484.411857033,408611.140143485,61.9,HFET
386478:10189,130:130,10/02/24 06:09:05,STABLE BEAMS,6800,459251.714336177,370992.141962701,61.8,HFET
386478:10189,131:131,10/02/24 06:09:28,STABLE BEAMS,6800,458707.643084072,439419.386047875,61.7,HFET
386478:10189,132:132,10/02/24 06:09:51,STABLE BEAMS,6800,457216.210115714,439915.241284579,61.6,HFET
386478:10189,133:133,10/02/24 06:10:15,STABLE BEAMS,6800,457856.937182099,435397.183385059,61.5,HFET
386478:10189,134:134,10/02/24 06:10:38,STABLE BEAMS,6800,457420.223722940,434256.957607202,61.6,HFET
386478:10189,135:135,10/02/24 06:11:01,STABLE BEAMS,6800,456854.116791392,440413.963747107,61.5,HFET
386478:10189,136:136,10/02/24 06:11:24,STABLE BEAMS,6800,457362.676402683,439651.719920577,61.5,HFET
386478:10189,137:137,10/02/24 06:11:48,STABLE BEAMS,6800,457076.800001565,439328.690799799,61.5,HFET
386478:10189,138:138,10/02/24 06:12:11,STABLE BEAMS,6800,455881.120211411,438891.660314044,61.4,HFET
386478:10189,139:139,10/02/24 06:12:34,STABLE BEAMS,6800,456432.338548374,438619.670144011,61.4,HFET
386478:10189,140:140,10/02/24 06:12:58,STABLE BEAMS,6800,454916.135546190,438814.079710266,61.2,HFET
386478:10189,141:141,10/02/24 06:13:21,STABLE BEAMS,6800,455513.157232923,438648.172233563,61.2,HFET
386478:10189,142:142,10/02/24 06:13:44,STABLE BEAMS,6800,456162.033747667,438673.895678253,61.3,HFET
386478:10189,143:143,10/02/24 06:14:08,STABLE BEAMS,6800,455029.139209824,437992.055390844,61.3,HFET
386478:10189,144:144,10/02/24 06:14:31,STABLE BEAMS,6800,454330.270398314,438495.467982119,61.1,HFET
386478:10189,145:145,10/02/24 06:14:54,STABLE BEAMS,6800,453768.079677649,438120.127142060,61.1,HFET
386478:10189,146:146,10/02/24 06:15:18,STABLE BEAMS,6800,462613.837323835,444680.472698749,61.0,HFET
386478:10189,147:147,10/02/24 06:15:41,STABLE BEAMS,6800,464700.471407081,439433.864372747,62.5,HFET
386478:10189,148:148,10/02/24 06:16:04,STABLE BEAMS,6800,464921.786274523,446211.746119594,62.5,HFET
386478:10189,149:149,10/02/24 06:16:27,STABLE BEAMS,6800,463833.965459064,445759.097411871,62.5,HFET
386478:10189,150:150,10/02/24 06:16:51,STABLE BEAMS,6800,463381.363372899,444040.838907901,62.2,HFET
386478:10189,151:151,10/02/24 06:17:14,STABLE BEAMS,6800,463719.234466703,445212.249845980,62.5,HFET
386478:10189,152:152,10/02/24 06:17:37,STABLE BEAMS,6800,463099.813452375,443527.910856616,62.3,HFET
386478:10189,153:153,10/02/24 06:18:01,STABLE BEAMS,6800,463727.791853695,445501.676478748,62.3,HFET
386478:10189,154:154,10/02/24 06:18:24,STABLE BEAMS,6800,464015.899096368,445601.022356932,62.4,HFET
386478:10189,155:155,10/02/24 06:18:47,STABLE BEAMS,6800,463236.400631180,444946.133992269,62.4,HFET
386478:10189,156:156,10/02/24 06:19:11,STABLE BEAMS,6800,463435.633197621,444444.541972839,62.3,HFET
386478:10189,157:157,10/02/24 06:19:34,STABLE BEAMS,6800,462132.735479195,444802.763376759,62.3,HFET
386478:10189,158:158,10/02/24 06:19:57,STABLE BEAMS,6800,461168.433819802,442279.145429315,62.0,HFET
386478:10189,159:159,10/02/24 06:20:21,STABLE BEAMS,6800,461811.755375896,443793.980088769,62.1,HFET
386478:10189,160:160,10/02/24 06:20:44,STABLE BEAMS,6800,461164.335784843,437266.278947070,62.1,HFET
386478:10189,161:161,10/02/24 06:21:07,STABLE BEAMS,6800,461423.213641657,442961.894837107,62.0,HFET
386478:10189,162:162,10/02/24 06:21:31,STABLE BEAMS,6800,461288.628858774,443714.989182857,62.1,HFET
386478:10189,163:163,10/02/24 06:21:54,STABLE BEAMS,6800,460793.731695089,443180.069742610,62.1,HFET
386478:10189,164:164,10/02/24 06:22:17,STABLE BEAMS,6800,460363.027754770,443227.602752184,61.9,HFET
386478:10189,165:165,10/02/24 06:22:40,STABLE BEAMS,6800,460121.497779730,442357.318126882,61.8,HFET
386478:10189,166:166,10/02/24 06:23:04,STABLE BEAMS,6800,459451.538996407,442872.840667876,61.9,HFET
386478:10189,167:167,10/02/24 06:23:27,STABLE BEAMS,6800,458583.030652469,442232.339716048,61.7,HFET
386478:10189,168:168,10/02/24 06:23:50,STABLE BEAMS,6800,457893.633010490,441361.145970362,61.6,HFET
386478:10189,169:169,10/02/24 06:24:14,STABLE BEAMS,6800,456626.519668995,439941.692025575,61.5,HFET
386478:10189,170:170,10/02/24 06:24:37,STABLE BEAMS,6800,456505.504090600,439452.529313538,61.3,HFET
386478:10189,171:171,10/02/24 06:25:00,STABLE BEAMS,6800,456269.526743131,440419.562996237,61.5,HFET
386478:10189,172:172,10/02/24 06:25:24,STABLE BEAMS,6800,455600.071472636,437998.657003473,61.3,HFET
386478:10189,173:173,10/02/24 06:25:47,STABLE BEAMS,6800,454945.001283896,430128.173400383,61.3,HFET
386478:10189,174:174,10/02/24 06:26:10,STABLE BEAMS,6800,453896.379874499,438449.347605755,61.1,HFET
386478:10189,175:175,10/02/24 06:26:34,STABLE BEAMS,6800,460889.114740833,443366.192326910,61.0,HFET
386478:10189,176:176,10/02/24 06:26:57,STABLE BEAMS,6800,463654.491108951,445724.905161150,62.4,HFET
386478:10189,177:177,10/02/24 06:27:20,STABLE BEAMS,6800,462757.480675460,445160.483598929,62.3,HFET
386478:10189,178:178,10/02/24 06:27:44,STABLE BEAMS,6800,462371.806167045,443955.607706436,62.1,HFET
386478:10189,179:179,10/02/24 06:28:07,STABLE BEAMS,6800,462165.787832820,444622.013927031,62.1,HFET
386478:10189,180:180,10/02/24 06:28:30,STABLE BEAMS,6800,461247.289523195,443773.266130499,62.1,HFET
386478:10189,181:181,10/02/24 06:28:53,STABLE BEAMS,6800,460720.519531305,442583.185589474,62.0,HFET
386478:10189,182:182,10/02/24 06:29:17,STABLE BEAMS,6800,459596.002887455,443034.421663986,62.0,HFET
386478:10189,183:183,10/02/24 06:29:40,STABLE BEAMS,6800,457846.237534512,440167.424285648,61.6,HFET
386478:10189,184:184,10/02/24 06:30:03,STABLE BEAMS,6800,457604.479113838,440515.538135769,61.6,HFET
386478:10189,185:185,10/02/24 06:30:27,STABLE BEAMS,6800,457500.172701871,439535.256937332,61.5,HFET
386478:10189,186:186,10/02/24 06:30:50,STABLE BEAMS,6800,456730.553344847,434603.204263921,61.5,HFET
386478:10189,187:187,10/02/24 06:31:13,STABLE BEAMS,6800,456901.787334563,440274.963902670,61.5,HFET
386478:10189,188:188,10/02/24 06:31:37,STABLE BEAMS,6800,454848.890941846,439372.216686454,61.3,HFET
386478:10189,189:189,10/02/24 06:32:00,STABLE BEAMS,6800,454109.137354949,438500.339934942,61.1,HFET
386478:10189,190:190,10/02/24 06:32:23,STABLE BEAMS,6800,454024.544868830,438485.588873955,61.1,HFET
386478:10189,191:191,10/02/24 06:32:47,STABLE BEAMS,6800,458145.862633118,440928.803282276,61.0,HFET
386478:10189,192:192,10/02/24 06:33:10,STABLE BEAMS,6800,461669.932596116,444504.777025921,62.1,HFET
386478:10189,193:193,10/02/24 06:33:33,STABLE BEAMS,6800,460515.503560580,443215.126823233,62.0,HFET
386478:10189,194:194,10/02/24 06:33:56,STABLE BEAMS,6800,460317.681296271,443653.206294046,61.9,HFET
386478:10189,195:195,10/02/24 06:34:20,STABLE BEAMS,6800,460761.861197962,443783.646420413,61.9,HFET
386478:10189,196:196,10/02/24 06:34:43,STABLE BEAMS,6800,462273.782010034,445343.191154097,62.4,HFET
386478:10189,197:197,10/02/24 06:35:06,STABLE BEAMS,6800,465088.059730457,446807.080105922,62.6,HFET
386478:10189,198:198,10/02/24 06:35:30,STABLE BEAMS,6800,464862.052403191,447205.640813000,62.5,HFET
386478:10189,199:199,10/02/24 06:35:53,STABLE BEAMS,6800,464369.567905138,439613.247810822,62.5,HFET
386478:10189,200:200,10/02/24 06:36:16,STABLE BEAMS,6800,463269.408694324,445918.356654386,62.4,HFET
386478:10189,201:201,10/02/24 06:36:40,STABLE BEAMS,6800,461781.479336058,444925.827972633,62.1,HFET
386478:10189,202:202,10/02/24 06:37:03,STABLE BEAMS,6800,461833.518319224,445045.342336856,62.1,HFET
386478:10189,203:203,10/02/24 06:37:26,STABLE BEAMS,6800,462698.021871320,445039.649844611,62.0,HFET
386478:10189,204:204,10/02/24 06:37:50,STABLE BEAMS,6800,460876.275163728,443968.127925868,61.9,HFET
386478:10189,205:205,10/02/24 06:38:13,STABLE BEAMS,6800,460332.159621143,444146.646534040,61.9,HFET
386478:10189,206:206,10/02/24 06:38:36,STABLE BEAMS,6800,459998.887744047,443085.733350845,61.9,HFET
386478:10189,207:207,10/02/24 06:39:00,STABLE BEAMS,6800,459965.970592941,442505.012891907,61.9,HFET
386478:10189,208:208,10/02/24 06:39:23,STABLE BEAMS,6800,459425.815551718,443429.977611643,61.9,HFET
386478:10189,209:209,10/02/24 06:39:46,STABLE BEAMS,6800,459833.709894730,443016.164661829,61.9,HFET
386478:10189,210:210,10/02/24 06:40:09,STABLE BEAMS,6800,459029.077747563,442177.888067249,61.8,HFET
386478:10189,211:211,10/02/24 06:40:33,STABLE BEAMS,6800,459250.940418313,443390.412226350,61.8,HFET
386478:10189,212:212,10/02/24 06:40:56,STABLE BEAMS,6800,459827.516220734,435538.549273570,61.8,HFET
386478:10189,213:213,10/02/24 06:41:19,STABLE BEAMS,6800,459870.769371274,443770.897755347,61.9,HFET
386478:10189,214:214,10/02/24 06:41:43,STABLE BEAMS,6800,459170.126609479,442660.267342581,61.8,HFET
386478:10189,215:215,10/02/24 06:42:06,STABLE BEAMS,6800,458982.274365373,443085.915174922,61.6,HFET
386478:10189,216:216,10/02/24 06:42:29,STABLE BEAMS,6800,459355.974126586,442632.585792451,61.8,HFET
386478:10189,217:217,10/02/24 06:42:53,STABLE BEAMS,6800,459493.698871409,442920.327055893,61.8,HFET
386478:10189,218:218,10/02/24 06:43:16,STABLE BEAMS,6800,459688.425464259,443052.315017990,61.8,HFET
386478:10189,219:219,10/02/24 06:43:39,STABLE BEAMS,6800,458173.315737613,442435.945384640,61.7,HFET
386478:10189,220:220,10/02/24 06:44:03,STABLE BEAMS,6800,457721.033009121,440769.588330241,61.5,HFET
386478:10189,221:221,10/02/24 06:44:26,STABLE BEAMS,6800,457528.628169865,441384.228303784,61.6,HFET
386478:10189,222:222,10/02/24 06:44:49,STABLE BEAMS,6800,457516.289774510,440352.134236738,61.5,HFET
386478:10189,223:223,10/02/24 06:45:13,STABLE BEAMS,6800,457291.604168417,440960.401043287,61.5,HFET
386478:10189,224:224,10/02/24 06:45:36,STABLE BEAMS,6800,457539.372107932,441166.419377512,61.5,HFET
386478:10189,225:225,10/02/24 06:45:59,STABLE BEAMS,6800,457054.808612603,434664.441680502,61.6,HFET
386478:10189,226:226,10/02/24 06:46:22,STABLE BEAMS,6800,456461.931582387,441145.201906415,61.4,HFET
386478:10189,227:227,10/02/24 06:46:46,STABLE BEAMS,6800,455612.682604105,440457.352100166,61.3,HFET
386478:10189,228:228,10/02/24 06:47:09,STABLE BEAMS,6800,455085.276227948,440062.481489413,61.3,HFET
386478:10189,229:229,10/02/24 06:47:32,STABLE BEAMS,6800,454320.983383938,437518.692724852,61.1,HFET
386478:10189,230:230,10/02/24 06:47:56,STABLE BEAMS,6800,462340.800499822,445202.962831604,62.2,HFET
386478:10189,231:231,10/02/24 06:48:19,STABLE BEAMS,6800,462428.672812554,445617.957637916,62.2,HFET
386478:10189,232:232,10/02/24 06:48:42,STABLE BEAMS,6800,461735.951053482,445246.169360585,62.1,HFET
386478:10189,233:233,10/02/24 06:49:06,STABLE BEAMS,6800,461605.601839153,444393.185995499,62.1,HFET
386478:10189,234:234,10/02/24 06:49:29,STABLE BEAMS,6800,460998.384017661,342623.651147021,62.0,HFET
386478:10189,235:235,10/02/24 06:49:52,STABLE BEAMS,6800,460260.632826685,443602.987882724,62.0,HFET
386478:10189,236:236,10/02/24 06:50:16,STABLE BEAMS,6800,459145.312285173,443105.493898252,61.8,HFET
386478:10189,237:237,10/02/24 06:50:39,STABLE BEAMS,6800,457737.742175549,441812.792314585,61.7,HFET
386478:10189,238:238,10/02/24 06:51:02,STABLE BEAMS,6800,457601.656178494,434694.400693746,61.6,HFET
386478:10189,239:239,10/02/24 06:51:25,STABLE BEAMS,6800,456840.277181866,440786.707766380,61.5,HFET
386478:10189,240:240,10/02/24 06:51:49,STABLE BEAMS,6800,456554.582604826,440877.400683378,61.4,HFET
386478:10189,241:241,10/02/24 06:52:12,STABLE BEAMS,6800,456551.032373175,440947.925114336,61.4,HFET
386478:10189,242:242,10/02/24 06:52:35,STABLE BEAMS,6800,456062.508376484,440422.204107504,61.5,HFET
386478:10189,243:243,10/02/24 06:52:59,STABLE BEAMS,6800,455628.345116553,440107.918859950,61.2,HFET
386478:10189,244:244,10/02/24 06:53:22,STABLE BEAMS,6800,457269.887846647,441684.401205697,61.3,HFET
386478:10189,245:245,10/02/24 06:53:45,STABLE BEAMS,6800,456714.709008322,441121.891127358,61.4,HFET
386478:10189,246:246,10/02/24 06:54:09,STABLE BEAMS,6800,456696.587208683,440937.363000345,61.5,HFET
386478:10189,247:247,10/02/24 06:54:32,STABLE BEAMS,6800,457121.736190353,437893.485761603,61.5,HFET
386478:10189,248:248,10/02/24 06:54:55,STABLE BEAMS,6800,459662.384992975,441880.265364565,61.6,HFET
386478:10189,249:249,10/02/24 06:55:19,STABLE BEAMS,6800,460641.162646163,442784.150146800,61.9,HFET
386478:10189,250:250,10/02/24 06:55:42,STABLE BEAMS,6800,458454.138361831,442268.900341920,61.8,HFET
386478:10189,251:251,10/02/24 06:56:05,STABLE BEAMS,6800,456913.533636130,435023.117644614,61.6,HFET
386478:10189,252:252,10/02/24 06:56:29,STABLE BEAMS,6800,456170.138905545,439978.844745235,61.4,HFET
386478:10189,253:253,10/02/24 06:56:52,STABLE BEAMS,6800,455642.823441426,440504.383927990,61.3,HFET
386478:10189,254:254,10/02/24 06:57:15,STABLE BEAMS,6800,455093.288142710,439812.846356495,61.1,HFET
386478:10189,255:255,10/02/24 06:57:38,STABLE BEAMS,6800,454874.749589053,439206.947925098,61.2,HFET
386478:10189,256:256,10/02/24 06:58:02,STABLE BEAMS,6800,454908.123631429,439157.365898044,61.2,HFET
386478:10189,257:257,10/02/24 06:58:25,STABLE BEAMS,6800,455081.406638624,438927.036752341,61.1,HFET
386478:10189,258:258,10/02/24 06:58:48,STABLE BEAMS,6800,455465.533311310,439463.730142874,61.4,HFET
386478:10189,259:259,10/02/24 06:59:12,STABLE BEAMS,6800,455297.485905090,440101.634273916,61.2,HFET
386478:10189,260:260,10/02/24 06:59:35,STABLE BEAMS,6800,455307.001365101,439374.995331317,61.3,HFET
386478:10189,261:261,10/02/24 06:59:58,STABLE BEAMS,6800,454899.745737436,439420.523613893,61.2,HFET
386478:10189,262:262,10/02/24 07:00:22,STABLE BEAMS,6800,454791.523114587,439663.876491855,61.2,HFET
386478:10189,263:263,10/02/24 07:00:45,STABLE BEAMS,6800,453825.447504907,438707.586747223,61.0,HFET
386478:10189,264:264,10/02/24 07:01:08,STABLE BEAMS,6800,462427.488624978,438983.674952215,61.0,HFET
386478:10189,265:265,10/02/24 07:01:32,STABLE BEAMS,6800,463591.251296448,445394.866489110,62.4,HFET
386478:10189,266:266,10/02/24 07:01:55,STABLE BEAMS,6800,463541.123797164,445756.502922162,62.4,HFET
386478:10189,267:267,10/02/24 07:02:18,STABLE BEAMS,6800,463081.101890026,445355.620461490,62.3,HFET
386478:10189,268:268,10/02/24 07:02:41,STABLE BEAMS,6800,463192.828122967,445589.411257883,62.3,HFET
386478:10189,269:269,10/02/24 07:03:05,STABLE BEAMS,6800,461875.997551899,445126.974354035,62.2,HFET
386478:10189,270:270,10/02/24 07:03:28,STABLE BEAMS,6800,462001.929373597,443746.857348906,62.0,HFET
386478:10189,271:271,10/02/24 07:03:51,STABLE BEAMS,6800,461951.347314122,444677.195203214,62.2,HFET
386478:10189,272:272,10/02/24 07:04:15,STABLE BEAMS,6800,460771.467570012,444218.492686170,62.0,HFET
386478:10189,273:273,10/02/24 07:04:38,STABLE BEAMS,6800,460080.065201034,443539.065064394,61.9,HFET
386478:10189,274:274,10/02/24 07:05:01,STABLE BEAMS,6800,459927.862131340,442909.354672191,61.8,HFET
386478:10189,275:275,10/02/24 07:05:25,STABLE BEAMS,6800,460369.629367399,444272.853422930,61.9,HFET
386478:10189,276:276,10/02/24 07:05:48,STABLE BEAMS,6800,459490.922557623,443693.727421280,61.9,HFET
386478:10189,277:277,10/02/24 07:06:11,STABLE BEAMS,6800,458143.904527677,436115.675210378,61.6,HFET
386478:10189,278:278,10/02/24 07:06:35,STABLE BEAMS,6800,458660.203317614,442857.679337178,61.6,HFET
386478:10189,279:279,10/02/24 07:06:58,STABLE BEAMS,6800,458902.096940807,442454.932014182,61.6,HFET
386478:10189,280:280,10/02/24 07:07:21,STABLE BEAMS,6800,459033.357606597,443479.375483542,61.7,HFET
386478:10189,281:281,10/02/24 07:07:45,STABLE BEAMS,6800,459594.091403572,443088.784731824,61.8,HFET
386478:10189,282:282,10/02/24 07:08:08,STABLE BEAMS,6800,460178.725742314,443524.041267292,61.9,HFET
386478:10189,283:283,10/02/24 07:08:31,STABLE BEAMS,6800,458963.651383984,441078.411862261,61.8,HFET
386478:10189,284:284,10/02/24 07:08:54,STABLE BEAMS,6800,458184.926836661,442110.687753384,61.6,HFET
386478:10189,285:285,10/02/24 07:09:18,STABLE BEAMS,6800,458438.294025306,441467.137751655,61.7,HFET
386478:10189,286:286,10/02/24 07:09:41,STABLE BEAMS,6800,457160.753772338,441152.076255158,61.5,HFET
386478:10189,287:287,10/02/24 07:10:04,STABLE BEAMS,6800,456449.457984514,440327.641601183,61.4,HFET
386478:10189,288:288,10/02/24 07:10:28,STABLE BEAMS,6800,456537.691614321,441252.331253725,61.4,HFET
386478:10189,289:289,10/02/24 07:10:51,STABLE BEAMS,6800,456238.294961351,440988.355329532,61.4,HFET
386478:10189,290:290,10/02/24 07:11:14,STABLE BEAMS,6800,455530.866431772,433048.804219174,61.3,HFET
386478:10189,291:291,10/02/24 07:11:38,STABLE BEAMS,6800,454786.970519437,439730.256266297,61.2,HFET
386478:10189,292:292,10/02/24 07:12:01,STABLE BEAMS,6800,454102.172094167,438937.871602446,61.1,HFET
386478:10189,293:293,10/02/24 07:12:24,STABLE BEAMS,6800,460844.267133006,444405.571012412,61.0,HFET
386478:10189,294:294,10/02/24 07:12:48,STABLE BEAMS,6800,463181.629624708,445932.016770913,62.3,HFET
386478:10189,295:295,10/02/24 07:13:11,STABLE BEAMS,6800,462247.331269038,445062.324239399,62.2,HFET
386478:10189,296:296,10/02/24 07:13:34,STABLE BEAMS,6800,461133.148293544,444670.048118355,62.1,HFET
386478:10189,297:297,10/02/24 07:13:58,STABLE BEAMS,6800,460333.889280949,443455.656765852,62.0,HFET
386478:10189,298:298,10/02/24 07:14:21,STABLE BEAMS,6800,460653.591953556,441938.225285611,61.9,HFET
386478:10189,299:299,10/02/24 07:14:44,STABLE BEAMS,6800,461528.976977316,445269.160781969,62.1,HFET
386478:10189,300:300,10/02/24 07:15:07,STABLE BEAMS,6800,461613.888821107,444624.974395971,62.0,HFET
386478:10189,301:301,10/02/24 07:15:31,STABLE BEAMS,6800,462040.128747237,444900.878445808,62.1,HFET
386478:10189,302:302,10/02/24 07:15:54,STABLE BEAMS,6800,462249.380286517,445516.110513140,62.2,HFET
386478:10189,303:303,10/02/24 07:16:17,STABLE BEAMS,6800,461608.925956246,438875.634153443,62.1,HFET
386478:10189,304:304,10/02/24 07:16:41,STABLE BEAMS,6800,461472.749047153,444156.709797358,62.0,HFET
386478:10189,305:305,10/02/24 07:17:04,STABLE BEAMS,6800,460727.076853454,444507.418137188,62.1,HFET
386478:10189,306:306,10/02/24 07:17:27,STABLE BEAMS,6800,460263.775119702,443312.831622571,61.9,HFET
386478:10189,307:307,10/02/24 07:17:51,STABLE BEAMS,6800,459697.486364078,443706.110107115,61.9,HFET
386478:10189,308:308,10/02/24 07:18:14,STABLE BEAMS,6800,459372.592380976,442620.792869326,61.8,HFET
386478:10189,309:309,10/02/24 07:18:37,STABLE BEAMS,6800,458197.584589689,440692.007726462,61.8,HFET
386478:10189,310:310,10/02/24 07:19:01,STABLE BEAMS,6800,457276.307635200,441394.426769621,61.5,HFET
386478:10189,311:311,10/02/24 07:19:24,STABLE BEAMS,6800,456206.925645974,440966.046913974,61.5,HFET
386478:10189,312:312,10/02/24 07:19:47,STABLE BEAMS,6800,455039.792235852,439619.576687336,61.3,HFET
386478:10189,313:313,10/02/24 07:20:10,STABLE BEAMS,6800,454744.127638609,440007.663861383,61.2,HFET
386478:10189,314:314,10/02/24 07:20:34,STABLE BEAMS,6800,454988.163522398,439210.272042191,61.2,HFET
386478:10189,315:315,10/02/24 07:20:57,STABLE BEAMS,6800,454349.940033683,439526.559685666,61.1,HFET
386478:10189,316:316,10/02/24 07:21:20,STABLE BEAMS,6800,453722.141125362,432337.962991542,61.1,HFET
386478:10189,317:317,10/02/24 07:21:44,STABLE BEAMS,6800,459990.966741324,444042.340122073,61.0,HFET
386478:10189,318:318,10/02/24 07:22:07,STABLE BEAMS,6800,460388.159105671,444059.004998020,62.0,HFET
386478:10189,319:319,10/02/24 07:22:30,STABLE BEAMS,6800,459863.440462339,443155.483863939,61.8,HFET
386478:10189,320:320,10/02/24 07:22:54,STABLE BEAMS,6800,459482.362839554,442504.148062004,61.9,HFET
386478:10189,321:321,10/02/24 07:23:17,STABLE BEAMS,6800,459381.471456718,442861.231899906,61.8,HFET
386478:10189,322:322,10/02/24 07:23:40,STABLE BEAMS,6800,459974.984871203,443604.535718453,61.8,HFET
386478:10189,323:323,10/02/24 07:24:04,STABLE BEAMS,6800,459497.160522099,444026.815143221,61.9,HFET
386478:10189,324:324,10/02/24 07:24:27,STABLE BEAMS,6800,459288.911346318,443096.614822509,61.7,HFET
386478:10189,325:325,10/02/24 07:24:50,STABLE BEAMS,6800,459564.542660040,443317.612663356,61.8,HFET
386478:10189,326:326,10/02/24 07:25:14,STABLE BEAMS,6800,459053.798828752,443668.549448821,61.7,HFET
386478:10189,327:327,10/02/24 07:25:37,STABLE BEAMS,6800,460131.013239741,443476.508257718,61.9,HFET
386478:10189,328:328,10/02/24 07:26:00,STABLE BEAMS,6800,460253.530032307,437984.360502678,61.9,HFET
386478:10189,329:329,10/02/24 07:26:23,STABLE BEAMS,6800,460221.477711104,443108.498657672,61.9,HFET
386478:10189,330:330,10/02/24 07:26:47,STABLE BEAMS,6800,460845.770678255,443838.235602808,62.0,HFET
386478:10189,331:331,10/02/24 07:27:10,STABLE BEAMS,6800,460469.520717812,442946.050500582,62.0,HFET
386478:10189,332:332,10/02/24 07:27:33,STABLE BEAMS,6800,460199.943213411,442947.507424273,61.9,HFET
386478:10189,333:333,10/02/24 07:27:57,STABLE BEAMS,6800,460353.102025048,444645.688354241,62.0,HFET
386478:10189,334:334,10/02/24 07:28:20,STABLE BEAMS,6800,460298.240106538,443974.547714420,61.9,HFET
386478:10189,335:335,10/02/24 07:28:43,STABLE BEAMS,6800,461319.862971632,445156.977657759,61.9,HFET
386478:10189,336:336,10/02/24 07:29:07,STABLE BEAMS,6800,463191.690556949,446396.136713010,63.2,HFET
386478:10189,337:337,10/02/24 07:29:30,STABLE BEAMS,6800,457255.318609737,441491.949744883,61.7,HFET
386478:10189,338:338,10/02/24 07:29:53,STABLE BEAMS,6800,460540.816735557,443373.521235846,61.8,HFET
386478:10189,339:339,10/02/24 07:30:17,STABLE BEAMS,6800,456402.927338439,441284.248372410,61.7,HFET
386478:10189,340:340,10/02/24 07:30:40,STABLE BEAMS,6800,455455.062109358,440704.026764144,61.2,HFET
386478:10189,341:341,10/02/24 07:31:03,STABLE BEAMS,6800,456122.013802182,434936.385228978,61.3,HFET
386478:10189,342:342,10/02/24 07:31:27,STABLE BEAMS,6800,457032.954757237,440827.228893614,61.5,HFET
386478:10189,343:343,10/02/24 07:31:50,STABLE BEAMS,6800,456954.280877921,441483.665094006,61.5,HFET
386478:10189,344:344,10/02/24 07:32:13,STABLE BEAMS,6800,457957.828564935,442937.901052224,61.5,HFET
386478:10189,345:345,10/02/24 07:32:36,STABLE BEAMS,6800,458234.415620598,441717.591092918,61.7,HFET
386478:10189,346:346,10/02/24 07:33:00,STABLE BEAMS,6800,457645.410510783,442594.887600560,61.6,HFET
386478:10189,347:347,10/02/24 07:33:23,STABLE BEAMS,6800,457083.583438271,440859.281214817,61.5,HFET
386478:10189,348:348,10/02/24 07:33:46,STABLE BEAMS,6800,456032.913011394,440367.342188994,61.4,HFET
386478:10189,349:349,10/02/24 07:34:10,STABLE BEAMS,6800,455420.823237079,439389.245210555,61.3,HFET
386478:10189,350:350,10/02/24 07:34:33,STABLE BEAMS,6800,454976.552423350,438900.903037940,61.3,HFET
386478:10189,351:351,10/02/24 07:34:56,STABLE BEAMS,6800,453040.300837954,438556.295128989,61.1,HFET
386478:10189,352:352,10/02/24 07:35:20,STABLE BEAMS,6800,459168.986712383,443717.947320720,60.8,HFET
386478:10189,353:353,10/02/24 07:35:43,STABLE BEAMS,6800,462712.134216961,446493.433573715,62.2,HFET
386478:10189,354:354,10/02/24 07:36:06,STABLE BEAMS,6800,462562.390434457,439590.937064187,62.2,HFET
386478:10189,355:355,10/02/24 07:36:30,STABLE BEAMS,6800,462466.461916483,446203.640961715,62.3,HFET
386478:10189,356:356,10/02/24 07:36:53,STABLE BEAMS,6800,461538.718551883,445233.740053192,62.1,HFET
386478:10189,357:357,10/02/24 07:37:16,STABLE BEAMS,6800,460047.968589351,444181.887769817,61.9,HFET
386478:10189,358:358,10/02/24 07:37:39,STABLE BEAMS,6800,460156.144590642,444302.355544905,61.9,HFET
386478:10189,359:359,10/02/24 07:38:03,STABLE BEAMS,6800,459538.546479236,442934.805380765,61.8,HFET
386478:10189,360:360,10/02/24 07:38:26,STABLE BEAMS,6800,458518.744185986,441816.116431679,61.7,HFET
386478:10189,361:361,10/02/24 07:38:49,STABLE BEAMS,6800,458401.234548761,443068.660536264,61.6,HFET
386478:10189,362:362,10/02/24 07:39:13,STABLE BEAMS,6800,457911.253628379,443025.134649610,61.6,HFET
386478:10189,363:363,10/02/24 07:39:36,STABLE BEAMS,6800,457808.404140103,442556.734848478,61.6,HFET
386478:10189,364:364,10/02/24 07:39:59,STABLE BEAMS,6800,457448.268921223,442030.829686492,61.6,HFET
386478:10189,365:365,10/02/24 07:40:23,STABLE BEAMS,6800,455864.867936252,440641.654112622,61.4,HFET
386478:10189,366:366,10/02/24 07:40:46,STABLE BEAMS,6800,454992.851320066,439980.665317080,61.2,HFET
386478:10189,367:367,10/02/24 07:41:09,STABLE BEAMS,6800,454823.120875598,166849.097906051,61.2,HFET
386478:10189,368:368,10/02/24 07:41:33,STABLE BEAMS,6800,454410.265998803,432261.382420185,61.1,HFET
386478:10189,369:369,10/02/24 07:41:56,STABLE BEAMS,6800,454079.635232975,439401.129045718,61.1,HFET
386478:10189,370:370,10/02/24 07:42:19,STABLE BEAMS,6800,453892.556906733,439346.129593611,61.0,HFET
386478:10189,371:371,10/02/24 07:42:43,STABLE BEAMS,6800,461978.345858425,445690.621998392,61.0,HFET
386478:10189,372:372,10/02/24 07:43:06,STABLE BEAMS,6800,461529.249713430,444174.192881651,62.1,HFET
386478:10189,373:373,10/02/24 07:43:29,STABLE BEAMS,6800,462035.165882376,445278.813775576,62.2,HFET
386478:10189,374:374,10/02/24 07:43:52,STABLE BEAMS,6800,460512.361267563,444436.028876327,62.0,HFET
386478:10189,375:375,10/02/24 07:44:16,STABLE BEAMS,6800,460123.136527497,443597.843193786,61.9,HFET
386478:10189,376:376,10/02/24 07:44:39,STABLE BEAMS,6800,461095.678547288,443802.176158685,61.9,HFET
386478:10189,377:377,10/02/24 07:45:02,STABLE BEAMS,6800,460525.930472052,444868.872746163,62.0,HFET
386478:10189,378:378,10/02/24 07:45:26,STABLE BEAMS,6800,460494.561156675,444889.633325991,61.9,HFET
386478:10189,379:379,10/02/24 07:45:49,STABLE BEAMS,6800,459470.569916429,441880.311986123,61.9,HFET
386478:10189,380:380,10/02/24 07:46:12,STABLE BEAMS,6800,458278.307486484,440977.702303503,61.7,HFET
386478:10189,381:381,10/02/24 07:46:36,STABLE BEAMS,6800,458407.973694987,436140.988385355,61.7,HFET
386478:10189,382:382,10/02/24 07:46:59,STABLE BEAMS,6800,457023.485918785,439769.320469840,61.6,HFET
386478:10189,383:383,10/02/24 07:47:22,STABLE BEAMS,6800,456698.135044413,441672.608282572,61.4,HFET
386478:10189,384:384,10/02/24 07:47:46,STABLE BEAMS,6800,456015.840196813,440340.663002364,61.5,HFET
386478:10189,385:385,10/02/24 07:48:09,STABLE BEAMS,6800,455199.872017790,440294.906274153,61.3,HFET
386478:10189,386:386,10/02/24 07:48:32,STABLE BEAMS,6800,455096.612259803,439309.750791816,61.2,HFET
386478:10189,387:387,10/02/24 07:48:55,STABLE BEAMS,6800,456006.553182437,440691.781611905,61.3,HFET
386478:10189,388:388,10/02/24 07:49:19,STABLE BEAMS,6800,456513.972896631,441264.578737042,61.4,HFET
386478:10189,389:389,10/02/24 07:49:42,STABLE BEAMS,6800,456887.628367364,442042.531697578,61.4,HFET
386478:10189,390:390,10/02/24 07:50:05,STABLE BEAMS,6800,457316.236668646,441546.949196989,61.5,HFET
386478:10189,391:391,10/02/24 07:50:29,STABLE BEAMS,6800,457514.149844993,442406.305729070,61.5,HFET
386478:10189,392:392,10/02/24 07:50:52,STABLE BEAMS,6800,458789.230810770,442860.320448445,61.6,HFET
386478:10189,393:393,10/02/24 07:51:15,STABLE BEAMS,6800,459057.442303519,436802.159004974,61.7,HFET
386478:10189,394:394,10/02/24 07:51:39,STABLE BEAMS,6800,459450.082072716,440368.344552494,61.8,HFET
386478:10189,395:395,10/02/24 07:52:02,STABLE BEAMS,6800,460023.336089122,444645.688354241,61.8,HFET
386478:10189,396:396,10/02/24 07:52:25,STABLE BEAMS,6800,460107.429724569,444738.749646391,61.9,HFET
386478:10189,397:397,10/02/24 07:52:49,STABLE BEAMS,6800,460499.659224055,444877.157397040,61.8,HFET
386478:10189,398:398,10/02/24 07:53:12,STABLE BEAMS,6800,459615.488367668,442569.208446352,61.9,HFET
386478:10189,399:399,10/02/24 07:53:35,STABLE BEAMS,6800,459382.928380409,442885.999602654,61.8,HFET
386478:10189,400:400,10/02/24 07:53:59,STABLE BEAMS,6800,459918.666029002,444376.385917033,61.8,HFET
386478:10189,401:401,10/02/24 07:54:22,STABLE BEAMS,6800,460317.590384233,444088.143471841,61.9,HFET
386478:10189,402:402,10/02/24 07:54:45,STABLE BEAMS,6800,459770.924642418,442962.167573222,61.9,HFET
386478:10189,403:403,10/02/24 07:55:08,STABLE BEAMS,6800,459821.189675298,444399.605784051,61.8,HFET
386478:10189,404:404,10/02/24 07:55:32,STABLE BEAMS,6800,459911.381410547,441354.817093848,61.9,HFET
386478:10189,405:405,10/02/24 07:55:55,STABLE BEAMS,6800,459559.488883140,443802.903454992,61.8,HFET
386478:10189,406:406,10/02/24 07:56:18,STABLE BEAMS,6800,459803.296321294,434452.595651513,61.8,HFET
386478:10189,407:407,10/02/24 07:56:42,STABLE BEAMS,6800,458460.285414268,349039.989703932,61.7,HFET
386478:10189,408:408,10/02/24 07:57:05,STABLE BEAMS,6800,458133.752683398,442752.235359193,61.7,HFET
386478:10189,409:409,10/02/24 07:57:28,STABLE BEAMS,6800,458239.061458864,442182.305459880,61.6,HFET
386478:10189,410:410,10/02/24 07:57:52,STABLE BEAMS,6800,458022.707125205,441900.070202451,61.6,HFET
386478:10189,411:411,10/02/24 07:58:15,STABLE BEAMS,6800,457152.923681653,442012.663596373,61.5,HFET
386478:10189,412:412,10/02/24 07:58:38,STABLE BEAMS,6800,457400.055236900,442042.074806309,61.5,HFET
386478:10189,413:413,10/02/24 07:59:02,STABLE BEAMS,6800,458446.671919299,160595.070905065,61.6,HFET
386478:10189,414:414,10/02/24 07:59:25,STABLE BEAMS,6800,457833.488869446,227096.295671309,61.6,HFET
386478:10189,415:415,10/02/24 07:59:48,STABLE BEAMS,6800,456891.497956688,441490.812178865,61.4,HFET
386478:10189,416:416,10/02/24 08:00:12,STABLE BEAMS,6800,457000.949057593,441461.946441159,61.6,HFET
386478:10189,417:417,10/02/24 08:00:35,STABLE BEAMS,6800,456715.937486378,403169.621069478,61.4,HFET
386478:10189,418:418,10/02/24 08:00:58,STABLE BEAMS,6800,456284.960809944,440737.673542634,61.4,HFET
386478:10189,419:419,10/02/24 08:01:21,STABLE BEAMS,6800,455569.019183854,439473.110400367,61.3,HFET
386478:10189,420:420,10/02/24 08:01:45,STABLE BEAMS,6800,455058.459507721,439414.241358937,61.2,HFET
386478:10189,421:421,10/02/24 08:02:08,STABLE BEAMS,6800,454914.452507943,433827.985657767,61.2,HFET
386478:10189,422:422,10/02/24 08:02:31,STABLE BEAMS,6800,454199.238178159,439346.539863323,61.1,HFET
386629:10202,31:31,10/06/24 15:27:33,STABLE BEAMS,6800,358595.747058626,92043.920005570,46.8,HFET
386629:10202,32:32,10/06/24 15:27:57,STABLE BEAMS,6800,96244.743144663,93637.100328571,46.7,HFET
386629:10202,33:33,10/06/24 15:28:20,STABLE BEAMS,6800,23769.471083880,23566.350978815,0.2,PLTZERO
386629:10202,34:34,10/06/24 15:28:43,STABLE BEAMS,6800,154400.675207984,152555.651988181,11.2,HFET
386629:10202,35:35,10/06/24 15:29:07,STABLE BEAMS,6800,325640.930395880,318314.152065663,32.7,HFET
386629:10202,36:36,10/06/24 15:29:30,STABLE BEAMS,6800,219466.614047629,217044.751613601,43.7,HFET
386629:10202,37:37,10/06/24 15:29:53,STABLE BEAMS,6800,49620.954189734,29760.716838099,11.1,HFET
386629:10202,38:38,10/06/24 15:30:17,STABLE BEAMS,6800,5332.266021481,5310.770336235,2.0,HFET
386629:10202,39:39,10/06/24 15:30:40,STABLE BEAMS,6800,214599.191441584,208513.165691475,2.8,HFET
386629:10202,40:40,10/06/24 15:31:03,STABLE BEAMS,6800,14715.950827804,14634.361679148,0.7,HFET
386629:10202,41:41,10/06/24 15:31:27,STABLE BEAMS,6800,83396.315403648,80999.055632051,3.7,HFET
386629:10202,42:42,10/06/24 15:31:50,STABLE BEAMS,6800,279789.516132060,201080.305367250,22.2,HFET
386629:10202,43:43,10/06/24 15:32:13,STABLE BEAMS,6800,315378.245693356,308388.858254895,46.3,HFET
386629:10202,44:44,10/06/24 15:32:37,STABLE BEAMS,6800,156043.299791334,154547.596754468,35.8,HFET
386629:10202,45:45,10/06/24 15:33:00,STABLE BEAMS,6800,26193.111897242,26103.286374333,5.0,HFET
386629:10202,46:46,10/06/24 15:33:23,STABLE BEAMS,6800,166603.845199596,162214.635067125,0.9,HFET
386629:10202,47:47,10/06/24 15:33:46,STABLE BEAMS,6800,356194.077120740,346496.793033159,46.1,HFET
386629:10202,48:48,10/06/24 15:34:10,STABLE BEAMS,6800,356819.575255168,256959.838920013,46.5,HFET
386629:10202,49:49,10/06/24 15:34:33,STABLE BEAMS,6800,356190.843915685,348054.631417816,46.6,HFET
386629:10202,50:50,10/06/24 15:34:56,STABLE BEAMS,6800,352788.015645639,344990.720895553,46.3,HFET
386629:10202,51:51,10/06/24 15:35:20,STABLE BEAMS,6800,352616.599831846,345391.647646705,45.8,HFET
386629:10202,52:52,10/06/24 15:35:43,STABLE BEAMS,6800,355160.936399714,347251.432883561,46.3,HFET
386629:10202,53:53,10/06/24 15:36:06,STABLE BEAMS,6800,354729.048271819,347511.175570278,46.3,HFET
386629:10202,54:54,10/06/24 15:36:30,STABLE BEAMS,6800,352845.700499493,340625.229713880,46.2,HFET
386629:10202,55:55,10/06/24 15:36:53,STABLE BEAMS,6800,352503.689411329,345576.812157986,46.0,HFET
386629:10202,56:56,10/06/24 15:37:16,STABLE BEAMS,6800,351284.698842117,343449.272319650,45.9,HFET
386629:10202,57:57,10/06/24 15:37:40,STABLE BEAMS,6800,351061.220734379,343209.858963349,45.8,HFET
386629:10202,58:58,10/06/24 15:38:03,STABLE BEAMS,6800,350173.543936822,342947.794523038,45.8,HFET
386629:10202,59:59,10/06/24 15:38:26,STABLE BEAMS,6800,350069.328436894,342171.869600279,45.6,HFET
386629:10202,60:60,10/06/24 15:38:49,STABLE BEAMS,6800,351050.180749418,343022.824927587,45.7,HFET
386629:10202,61:61,10/06/24 15:39:13,STABLE BEAMS,6800,350725.035009901,343836.723109429,45.8,HFET
386629:10202,62:62,10/06/24 15:39:36,STABLE BEAMS,6800,350470.506944459,343687.501488376,45.7,HFET
386629:10202,63:63,10/06/24 15:39:59,STABLE BEAMS,6800,350206.915648120,343394.501313179,45.7,HFET
386629:10202,64:64,10/06/24 15:40:23,STABLE BEAMS,6800,350008.387067206,343284.001227216,45.7,HFET
386629:10202,65:65,10/06/24 15:40:46,STABLE BEAMS,6800,349496.142021747,342155.796818119,45.6,HFET
386629:10202,66:66,10/06/24 15:41:09,STABLE BEAMS,6800,349220.601620063,149922.854277301,45.6,HFET
386629:10202,67:67,10/06/24 15:41:33,STABLE BEAMS,6800,348929.808975642,341690.105729514,45.5,HFET
386629:10202,68:68,10/06/24 15:41:56,STABLE BEAMS,6800,348651.422327836,335713.939951375,45.5,HFET
386629:10202,69:69,10/06/24 15:42:19,STABLE BEAMS,6800,348372.399295761,261666.250245389,45.4,HFET
386629:10202,70:70,10/06/24 15:42:43,STABLE BEAMS,6800,348074.275411327,340391.280404190,45.4,HFET
386629:10202,71:71,10/06/24 15:43:06,STABLE BEAMS,6800,347791.291877891,340351.488904340,45.4,HFET
386629:10202,72:72,10/06/24 15:43:29,STABLE BEAMS,6800,347452.942913116,340077.563939645,45.3,HFET
386629:10202,73:73,10/06/24 15:43:53,STABLE BEAMS,6800,347217.240632841,339967.406522134,45.3,HFET
386629:10202,74:74,10/06/24 15:44:16,STABLE BEAMS,6800,346951.831095735,339625.961885902,45.3,HFET
386629:10202,75:75,10/06/24 15:44:39,STABLE BEAMS,6800,346707.865144283,339464.518423389,45.2,HFET
386629:10202,76:76,10/06/24 15:45:02,STABLE BEAMS,6800,346403.890254306,339110.304142389,45.2,HFET
386629:10202,77:77,10/06/24 15:45:26,STABLE BEAMS,6800,346123.683034655,339352.174454803,45.2,HFET
386629:10202,78:78,10/06/24 15:45:49,STABLE BEAMS,6800,345866.672371244,338610.646917620,45.1,HFET
386629:10202,79:79,10/06/24 15:46:12,STABLE BEAMS,6800,345536.747922021,338875.396759679,45.1,HFET
386629:10202,80:80,10/06/24 15:46:36,STABLE BEAMS,6800,345342.340686844,338141.995360075,45.0,HFET
386629:10202,81:81,10/06/24 15:46:59,STABLE BEAMS,6800,344954.183580459,333421.858647990,45.0,HFET
386629:10202,82:82,10/06/24 15:47:22,STABLE BEAMS,6800,344681.510404600,338140.538436384,45.0,HFET
386629:10202,83:83,10/06/24 15:47:46,STABLE BEAMS,6800,351001.806220719,344063.000841733,45.1,HFET
386629:10202,84:84,10/06/24 15:48:09,STABLE BEAMS,6800,358621.698948950,351268.763593554,46.3,HFET
386629:10202,85:85,10/06/24 15:48:32,STABLE BEAMS,6800,372621.665655114,364317.540953543,48.0,HFET
386629:10202,86:86,10/06/24 15:48:56,STABLE BEAMS,6800,386556.912314304,377662.164734853,49.2,HFET
386629:10202,87:87,10/06/24 15:49:19,STABLE BEAMS,6800,399431.565147974,389187.571028098,51.2,HFET
386629:10202,88:88,10/06/24 15:49:42,STABLE BEAMS,6800,413635.251745547,401606.980664336,53.4,HFET
386629:10202,89:89,10/06/24 15:50:06,STABLE BEAMS,6800,429103.818511983,416536.986846835,55.2,HFET
386629:10202,90:90,10/06/24 15:50:29,STABLE BEAMS,6800,437855.468212040,323584.071170722,56.7,HFET
386629:10202,91:91,10/06/24 15:50:52,STABLE BEAMS,6800,435213.974648141,421403.522244630,57.2,HFET
386629:10202,92:92,10/06/24 15:51:15,STABLE BEAMS,6800,417515.722540621,406252.107951572,56.5,HFET
386629:10202,93:93,10/06/24 15:51:39,STABLE BEAMS,6800,407118.203629878,396860.458481436,52.5,HFET
386629:10202,94:94,10/06/24 15:52:02,STABLE BEAMS,6800,417019.457034205,316189.910702565,54.1,HFET
386617:10201,1:1,10/06/24 06:35:53,STABLE BEAMS,6800,488187.720054460,459640.211779936,63.7,HFET
386617:10201,2:2,10/06/24 06:36:17,STABLE BEAMS,6800,487174.931974629,461657.778355915,63.6,HFET
386617:10201,3:3,10/06/24 06:36:40,STABLE BEAMS,6800,486251.424178584,462229.575448631,63.4,HFET
386617:10201,4:4,10/06/24 06:37:03,STABLE BEAMS,6800,486849.170830545,351810.806807881,63.5,HFET
386617:10201,5:5,10/06/24 06:37:27,STABLE BEAMS,6800,486197.198644343,459453.634635444,63.4,HFET
386617:10201,6:6,10/06/24 06:37:50,STABLE BEAMS,6800,485162.964647779,461326.464584261,63.3,HFET
386617:10201,7:7,10/06/24 06:38:13,STABLE BEAMS,6800,484663.239821751,461868.258373252,63.2,HFET
386617:10201,8:8,10/06/24 06:38:37,STABLE BEAMS,6800,483912.378648634,462131.050109870,63.2,HFET
386617:10201,9:9,10/06/24 06:39:00,STABLE BEAMS,6800,483528.478090505,460760.767922425,63.1,HFET
386617:10201,10:10,10/06/24 06:39:23,STABLE BEAMS,6800,483158.829742692,298361.605427610,63.1,HFET
386617:10201,11:11,10/06/24 06:39:47,STABLE BEAMS,6800,489807.227105112,464552.457284383,63.0,HFET
386617:10201,12:12,10/06/24 06:40:10,STABLE BEAMS,6800,491030.679357435,465535.470506125,64.0,HFET
386617:10201,13:13,10/06/24 06:40:33,STABLE BEAMS,6800,490771.346940429,464918.236042873,64.0,HFET
386617:10201,14:14,10/06/24 06:40:57,STABLE BEAMS,6800,490652.289467475,458848.647655508,64.0,HFET
386617:10201,15:15,10/06/24 06:41:20,STABLE BEAMS,6800,491110.218066654,359333.314094447,64.0,HFET
386617:10201,16:16,10/06/24 06:41:43,STABLE BEAMS,6800,490769.116098873,465800.721529934,64.1,HFET
386617:10201,17:17,10/06/24 06:42:06,STABLE BEAMS,6800,487174.656907436,463811.794577103,63.7,HFET
386617:10201,18:18,10/06/24 06:42:30,STABLE BEAMS,6800,485334.289549534,461319.681147555,63.4,HFET
386617:10201,19:19,10/06/24 06:42:53,STABLE BEAMS,6800,483607.562239533,461971.152152008,63.2,HFET
386617:10201,20:20,10/06/24 06:43:16,STABLE BEAMS,6800,482077.745742380,460922.987633880,62.9,HFET
386617:10201,21:21,10/06/24 06:43:40,STABLE BEAMS,6800,481968.842444783,459730.676251299,62.9,HFET
386617:10201,22:22,10/06/24 06:44:03,STABLE BEAMS,6800,481991.787244608,459898.178185289,62.8,HFET
386617:10201,23:23,10/06/24 06:44:26,STABLE BEAMS,6800,481818.961128682,460552.791482759,62.8,HFET
386617:10201,24:24,10/06/24 06:44:50,STABLE BEAMS,6800,484715.551541032,462039.946923160,62.9,HFET
386617:10201,25:25,10/06/24 06:45:13,STABLE BEAMS,6800,490745.896231855,464926.567315308,63.7,HFET
386617:10201,26:26,10/06/24 06:45:36,STABLE BEAMS,6800,492726.447621770,467023.719222065,64.2,HFET
386617:10201,27:27,10/06/24 06:46:00,STABLE BEAMS,6800,493340.768237641,459170.352724036,64.3,HFET
386617:10201,28:28,10/06/24 06:46:23,STABLE BEAMS,6800,492884.159028556,467564.554938037,64.4,HFET
386617:10201,29:29,10/06/24 06:46:46,STABLE BEAMS,6800,492872.867287181,465957.796552451,64.2,HFET
386617:10201,30:30,10/06/24 06:47:09,STABLE BEAMS,6800,492932.011395804,467242.985072028,64.3,HFET
386617:10201,31:31,10/06/24 06:47:33,STABLE BEAMS,6800,492032.541675123,465771.949035344,64.2,HFET
386617:10201,32:32,10/06/24 06:47:56,STABLE BEAMS,6800,492421.449388593,466058.186753537,64.2,HFET
386617:10201,33:33,10/06/24 06:48:19,STABLE BEAMS,6800,492235.827986042,466209.343169252,64.3,HFET
386617:10201,34:34,10/06/24 06:48:43,STABLE BEAMS,6800,492476.994312929,466261.929955726,64.1,HFET
386617:10201,35:35,10/06/24 06:49:06,STABLE BEAMS,6800,492319.602263816,466929.974924088,64.2,HFET
386617:10201,36:36,10/06/24 06:49:29,STABLE BEAMS,6800,491857.484717641,465104.584741730,64.2,HFET
386617:10201,37:37,10/06/24 06:49:53,STABLE BEAMS,6800,491799.389594076,465009.840411332,64.2,HFET
386617:10201,38:38,10/06/24 06:50:16,STABLE BEAMS,6800,491683.562995099,466478.692228018,64.1,HFET
386617:10201,39:39,10/06/24 06:50:39,STABLE BEAMS,6800,491257.959453238,466319.523897541,64.1,HFET
386617:10201,40:40,10/06/24 06:51:03,STABLE BEAMS,6800,491264.561065866,458173.315737613,64.1,HFET
386617:10201,41:41,10/06/24 06:51:26,STABLE BEAMS,6800,490966.847451144,465680.936760673,64.1,HFET
386617:10201,42:42,10/06/24 06:51:49,STABLE BEAMS,6800,490226.184743864,465375.208900111,64.0,HFET
386617:10201,43:43,10/06/24 06:52:13,STABLE BEAMS,6800,489670.777459904,464688.816017553,63.9,HFET
386617:10201,44:44,10/06/24 06:52:36,STABLE BEAMS,6800,489694.771244787,464810.969161966,63.9,HFET
386617:10201,45:45,10/06/24 06:52:59,STABLE BEAMS,6800,489041.978519161,465238.439897229,63.8,HFET
386617:10201,46:46,10/06/24 06:53:22,STABLE BEAMS,6800,489037.971396241,465210.303786908,63.8,HFET
386617:10201,47:47,10/06/24 06:53:46,STABLE BEAMS,6800,488910.034847545,465012.162164926,63.8,HFET
386617:10201,48:48,10/06/24 06:54:09,STABLE BEAMS,6800,487815.386304900,464408.995756834,63.7,HFET
386617:10201,49:49,10/06/24 06:54:32,STABLE BEAMS,6800,487629.398923118,465127.804608748,63.6,HFET
386617:10201,50:50,10/06/24 06:54:56,STABLE BEAMS,6800,486742.908644215,464485.984266825,63.5,HFET
386617:10201,51:51,10/06/24 06:55:19,STABLE BEAMS,6800,486216.001118730,462904.175408064,63.4,HFET
386617:10201,52:52,10/06/24 06:55:42,STABLE BEAMS,6800,486381.043765529,464020.726758710,63.5,HFET
386617:10201,53:53,10/06/24 06:56:06,STABLE BEAMS,6800,485440.325621307,455518.847394091,63.3,HFET
386617:10201,54:54,10/06/24 06:56:29,STABLE BEAMS,6800,485841.254703537,462923.479064200,63.3,HFET
386617:10201,55:55,10/06/24 06:56:52,STABLE BEAMS,6800,485981.436404472,462589.251445164,63.4,HFET
386617:10201,56:56,10/06/24 06:57:16,STABLE BEAMS,6800,485389.881095428,463305.193071254,63.3,HFET
386617:10201,57:57,10/06/24 06:57:39,STABLE BEAMS,6800,485028.473108011,461589.165408840,63.2,HFET
386617:10201,58:58,10/06/24 06:58:02,STABLE BEAMS,6800,484818.720386981,461553.152586275,63.2,HFET
386617:10201,59:59,10/06/24 06:58:25,STABLE BEAMS,6800,484485.222395329,461283.530791394,63.2,HFET
386617:10201,60:60,10/06/24 06:58:49,STABLE BEAMS,6800,483974.844543272,461319.772059593,63.1,HFET
386617:10201,61:61,10/06/24 06:59:12,STABLE BEAMS,6800,483042.322468966,460783.896877405,63.1,HFET
386617:10201,62:62,10/06/24 06:59:35,STABLE BEAMS,6800,486984.391997697,462140.292833766,62.9,HFET
386617:10201,63:63,10/06/24 06:59:59,STABLE BEAMS,6800,494251.527368619,468261.966825855,64.4,HFET
386617:10201,64:64,10/06/24 07:00:22,STABLE BEAMS,6800,493966.336304406,467648.238303772,64.5,HFET
386617:10201,65:65,10/06/24 07:00:45,STABLE BEAMS,6800,492957.051834667,466173.192813091,64.3,HFET
386617:10201,66:66,10/06/24 07:01:09,STABLE BEAMS,6800,492507.909068114,458656.333728290,64.2,HFET
386617:10201,67:67,10/06/24 07:01:32,STABLE BEAMS,6800,492404.057216339,466577.126654741,64.3,HFET
386617:10201,68:68,10/06/24 07:01:55,STABLE BEAMS,6800,491895.772672241,466187.354111368,64.1,HFET
386617:10201,69:69,10/06/24 07:02:19,STABLE BEAMS,6800,491628.929522224,464694.051618529,64.2,HFET
386617:10201,70:70,10/06/24 07:02:42,STABLE BEAMS,6800,491206.239827744,81775.726732848,64.1,HFET
386616:10201,1:1,10/06/24 05:44:35,STABLE BEAMS,6800,485481.028572618,458573.242456343,63.3,HFET
386616:10201,2:2,10/06/24 05:44:59,STABLE BEAMS,6800,484914.604614475,460830.154787365,63.3,HFET
386616:10201,3:3,10/06/24 05:45:22,STABLE BEAMS,6800,484289.857087133,461076.237357554,63.2,HFET
386616:10201,4:4,10/06/24 05:45:46,STABLE BEAMS,6800,483548.373840430,296554.882517120,63.1,HFET
386616:10201,5:5,10/06/24 05:46:09,STABLE BEAMS,6800,483303.109478585,378598.034237031,63.1,HFET
386616:10201,6:6,10/06/24 05:46:32,STABLE BEAMS,6800,491444.082037538,464857.774875234,64.0,HFET
386616:10201,7:7,10/06/24 05:46:55,STABLE BEAMS,6800,491799.480506114,465912.130736279,64.1,HFET
386616:10201,8:8,10/06/24 05:47:19,STABLE BEAMS,6800,492672.177797049,466682.069450976,64.2,HFET
386616:10201,9:9,10/06/24 05:47:42,STABLE BEAMS,6800,491945.308077737,466646.783924718,64.3,HFET
386616:10201,10:10,10/06/24 05:48:05,STABLE BEAMS,6800,489800.080020253,314966.255646464,63.7,HFET
386616:10201,11:11,10/06/24 05:48:29,STABLE BEAMS,6800,492398.821615362,463691.643828611,64.2,HFET
386616:10201,12:12,10/06/24 05:48:52,STABLE BEAMS,6800,490967.803193085,388241.025189112,64.1,HFET
386616:10201,13:13,10/06/24 05:49:15,STABLE BEAMS,6800,490186.710270610,464859.003353290,64.0,HFET
386616:10201,14:14,10/06/24 05:49:39,STABLE BEAMS,6800,489599.570023119,454054.093612363,63.9,HFET
386616:10201,15:15,10/06/24 05:50:02,STABLE BEAMS,6800,489707.883558006,324372.744758547,63.8,HFET
386616:10201,16:16,10/06/24 05:50:25,STABLE BEAMS,6800,489942.313069746,465057.280177790,63.9,HFET
386616:10201,17:17,10/06/24 05:50:49,STABLE BEAMS,6800,489527.635290028,463048.182407842,63.9,HFET
386616:10201,18:18,10/06/24 05:51:12,STABLE BEAMS,6800,490282.685410142,464560.424908664,63.8,HFET
386616:10201,19:19,10/06/24 05:51:35,STABLE BEAMS,6800,489866.142768100,464616.060745039,64.0,HFET
386616:10201,20:20,10/06/24 05:51:58,STABLE BEAMS,6800,488840.377577567,462335.019426616,63.8,HFET
386616:10201,21:21,10/06/24 05:52:22,STABLE BEAMS,6800,488978.876240255,463639.467311849,63.7,HFET
386616:10201,22:22,10/06/24 05:52:45,STABLE BEAMS,6800,488146.790988593,462708.583985311,63.7,HFET
386616:10201,23:23,10/06/24 05:53:08,STABLE BEAMS,6800,488605.083235925,464388.689737198,63.7,HFET
386616:10201,24:24,10/06/24 05:53:32,STABLE BEAMS,6800,489491.303109791,462367.799044125,63.8,HFET
386616:10201,25:25,10/06/24 05:53:55,STABLE BEAMS,6800,486997.231574802,462832.103141376,63.8,HFET
386616:10201,26:26,10/06/24 05:54:18,STABLE BEAMS,6800,488155.485909181,462175.259002351,63.3,HFET
386616:10201,27:27,10/06/24 05:54:42,STABLE BEAMS,6800,487949.332372437,455779.683356345,63.7,HFET
386616:10201,28:28,10/06/24 05:55:05,STABLE BEAMS,6800,487089.199591414,462530.930207042,63.6,HFET
386616:10201,29:29,10/06/24 05:55:28,STABLE BEAMS,6800,486751.239916650,460602.417800292,63.5,HFET
386616:10201,30:30,10/06/24 05:55:52,STABLE BEAMS,6800,486527.647586094,463556.923843209,63.5,HFET
386616:10201,31:31,10/06/24 05:56:15,STABLE BEAMS,6800,486159.773188567,463437.318566947,63.4,HFET
386616:10201,32:32,10/06/24 05:56:38,STABLE BEAMS,6800,488037.337556610,462846.763290325,63.4,HFET
386616:10201,33:33,10/06/24 05:57:02,STABLE BEAMS,6800,494584.890157753,466091.288059797,64.6,HFET
386616:10201,34:34,10/06/24 05:57:25,STABLE BEAMS,6800,491331.626177212,465817.931878111,64.2,HFET
386616:10201,35:35,10/06/24 05:57:48,STABLE BEAMS,6800,491021.800281692,465287.157094380,64.1,HFET
386616:10201,36:36,10/06/24 05:58:11,STABLE BEAMS,6800,490426.829943517,464483.800046827,64.0,HFET
386616:10201,37:37,10/06/24 05:58:35,STABLE BEAMS,6800,490186.073886341,465571.893598401,64.0,HFET
386616:10201,38:38,10/06/24 05:58:58,STABLE BEAMS,6800,490541.152997244,465242.493641707,64.1,HFET
386616:10201,39:39,10/06/24 05:59:21,STABLE BEAMS,6800,489074.441110076,463944.920105218,63.8,HFET
386616:10201,40:40,10/06/24 05:59:45,STABLE BEAMS,6800,487954.975912047,457312.092012130,63.7,HFET
386616:10201,41:41,10/06/24 06:00:08,STABLE BEAMS,6800,487903.165374515,463854.637457931,63.6,HFET
386616:10201,42:42,10/06/24 06:00:31,STABLE BEAMS,6800,485322.589869525,461630.595656457,63.2,HFET
386616:10201,43:43,10/06/24 06:00:55,STABLE BEAMS,6800,489616.006453432,462198.432247811,63.8,HFET
386616:10201,44:44,10/06/24 06:01:18,STABLE BEAMS,6800,490726.683487757,463237.491575639,63.8,HFET
386616:10201,45:45,10/06/24 06:01:41,STABLE BEAMS,6800,491928.097729559,463680.079351121,64.2,HFET
386616:10201,46:46,10/06/24 06:02:05,STABLE BEAMS,6800,490738.247965247,464355.590762015,64.1,HFET
386616:10201,47:47,10/06/24 06:02:28,STABLE BEAMS,6800,489638.953584336,465517.896509795,64.0,HFET
386616:10201,48:48,10/06/24 06:02:51,STABLE BEAMS,6800,488639.047041011,465029.463425142,63.8,HFET
386616:10201,49:49,10/06/24 06:03:14,STABLE BEAMS,6800,488656.576746861,460456.361783035,63.7,HFET
386616:10201,50:50,10/06/24 06:03:38,STABLE BEAMS,6800,488619.790006432,465107.454298632,63.8,HFET
386616:10201,51:51,10/06/24 06:04:01,STABLE BEAMS,6800,488203.245033312,463688.820893268,63.7,HFET
386616:10201,52:52,10/06/24 06:04:24,STABLE BEAMS,6800,487573.944910820,388763.969882158,63.9,HFET
386616:10201,53:53,10/06/24 06:04:48,STABLE BEAMS,6800,486329.822990708,322690.478097441,63.6,HFET
386616:10201,54:54,10/06/24 06:05:11,STABLE BEAMS,6800,485516.223186838,455559.004873171,63.3,HFET
386616:10201,55:55,10/06/24 06:05:34,STABLE BEAMS,6800,485258.620429638,462241.638776792,63.3,HFET
386616:10201,56:56,10/06/24 06:05:58,STABLE BEAMS,6800,485046.592576572,462644.523633385,63.3,HFET
386616:10201,57:57,10/06/24 06:06:21,STABLE BEAMS,6800,485308.246747172,461277.020090803,63.3,HFET
386616:10201,58:58,10/06/24 06:06:44,STABLE BEAMS,6800,485702.527595214,102113.311495048,63.3,HFET
386616:10201,59:59,10/06/24 06:07:08,STABLE BEAMS,6800,485072.497845338,320536.028295763,63.3,HFET
386616:10201,60:60,10/06/24 06:07:31,STABLE BEAMS,6800,484366.209212855,460906.369379491,63.2,HFET
386616:10201,61:61,10/06/24 06:07:54,STABLE BEAMS,6800,484221.973767442,461584.202543979,63.2,HFET
386616:10201,62:62,10/06/24 06:08:18,STABLE BEAMS,6800,483888.475775789,461659.689839798,63.1,HFET
386616:10201,63:63,10/06/24 06:08:41,STABLE BEAMS,6800,483670.028134171,460770.465206512,63.1,HFET
386616:10201,64:64,10/06/24 06:09:04,STABLE BEAMS,6800,483532.804571098,460538.404069925,63.1,HFET
386616:10201,65:65,10/06/24 06:09:27,STABLE BEAMS,6800,484797.777983077,460051.838178675,63.0,HFET
386616:10201,66:66,10/06/24 06:09:51,STABLE BEAMS,6800,493608.114900486,465807.323142562,64.4,HFET
386616:10201,67:67,10/06/24 06:10:14,STABLE BEAMS,6800,492955.138019706,466461.619413437,64.3,HFET
386616:10201,68:68,10/06/24 06:10:37,STABLE BEAMS,6800,492474.719180893,459357.841319989,64.2,HFET
386616:10201,69:69,10/06/24 06:11:01,STABLE BEAMS,6800,492273.024996183,466485.475664724,64.2,HFET
386616:10201,70:70,10/06/24 06:11:24,STABLE BEAMS,6800,491932.561743748,465060.012201096,64.2,HFET
386616:10201,71:71,10/06/24 06:11:47,STABLE BEAMS,6800,492100.243170737,465371.110865152,64.2,HFET
386616:10201,72:72,10/06/24 06:12:11,STABLE BEAMS,6800,492084.126098097,464920.012324237,64.2,HFET
386616:10201,73:73,10/06/24 06:12:34,STABLE BEAMS,6800,491877.242933969,465327.177039864,64.2,HFET
386616:10201,74:74,10/06/24 06:12:57,STABLE BEAMS,6800,492114.768117167,465401.069878396,64.2,HFET
386616:10201,75:75,10/06/24 06:13:21,STABLE BEAMS,6800,492249.077832858,467050.169963060,64.2,HFET
386616:10201,76:76,10/06/24 06:13:44,STABLE BEAMS,6800,491733.508670306,466726.506789092,64.2,HFET
386616:10201,77:77,10/06/24 06:14:07,STABLE BEAMS,6800,491724.995573794,466239.255560937,64.1,HFET
386616:10201,78:78,10/06/24 06:14:31,STABLE BEAMS,6800,491255.866145278,464375.076242229,64.1,HFET
386616:10201,79:79,10/06/24 06:14:54,STABLE BEAMS,6800,490021.667623810,465546.307687309,64.0,HFET
386616:10201,80:80,10/06/24 06:15:17,STABLE BEAMS,6800,490025.264477019,465717.222319352,63.9,HFET
386616:10201,81:81,10/06/24 06:15:40,STABLE BEAMS,6800,489668.910266501,458304.940051556,63.9,HFET
386616:10201,82:82,10/06/24 06:16:04,STABLE BEAMS,6800,489322.118137553,464429.530222105,63.8,HFET
386616:10201,83:83,10/06/24 06:16:27,STABLE BEAMS,6800,489592.742295934,465723.823931981,63.8,HFET
386616:10201,84:84,10/06/24 06:16:50,STABLE BEAMS,6800,489546.484385974,465390.962324597,63.9,HFET
386616:10201,85:85,10/06/24 06:17:14,STABLE BEAMS,6800,489653.294375611,464454.160391257,63.8,HFET
386616:10201,86:86,10/06/24 06:17:37,STABLE BEAMS,6800,490250.542176900,463812.430961371,63.9,HFET
386616:10201,87:87,10/06/24 06:18:00,STABLE BEAMS,6800,490076.757987955,465821.801467435,63.9,HFET
386616:10201,88:88,10/06/24 06:18:24,STABLE BEAMS,6800,490644.457045712,465990.030697731,63.9,HFET
386616:10201,89:89,10/06/24 06:18:47,STABLE BEAMS,6800,490815.646744949,465921.601905810,64.0,HFET
386616:10201,90:90,10/06/24 06:19:10,STABLE BEAMS,6800,490391.180769105,465182.622236778,64.0,HFET
386616:10201,91:91,10/06/24 06:19:34,STABLE BEAMS,6800,490159.119632518,465495.951742391,63.9,HFET
386616:10201,92:92,10/06/24 06:19:57,STABLE BEAMS,6800,489675.103940497,463905.720699156,63.9,HFET
386616:10201,93:93,10/06/24 06:20:20,STABLE BEAMS,6800,489905.160350085,465313.791990530,63.9,HFET
386616:10201,94:94,10/06/24 06:20:44,STABLE BEAMS,6800,490116.094927613,459098.646436579,63.9,HFET
386616:10201,95:95,10/06/24 06:21:07,STABLE BEAMS,6800,487354.177879107,464531.514880478,63.8,HFET
386616:10201,96:96,10/06/24 06:21:30,STABLE BEAMS,6800,485252.109729047,462498.013055936,63.4,HFET
386616:10201,97:97,10/06/24 06:21:53,STABLE BEAMS,6800,483130.828834889,459937.743570582,63.1,HFET
386616:10201,98:98,10/06/24 06:22:17,STABLE BEAMS,6800,487372.663326899,463766.856057238,62.8,HFET
386616:10201,99:99,10/06/24 06:22:40,STABLE BEAMS,6800,487250.053291217,463486.490324289,63.5,HFET
386616:10201,100:100,10/06/24 06:23:03,STABLE BEAMS,6800,487266.307897453,464261.116836655,63.5,HFET
386616:10201,101:101,10/06/24 06:23:27,STABLE BEAMS,6800,486919.331613350,463377.722229211,63.5,HFET
386616:10201,102:102,10/06/24 06:23:50,STABLE BEAMS,6800,486780.331768913,464061.110352348,63.5,HFET
386616:10201,103:103,10/06/24 06:24:13,STABLE BEAMS,6800,488660.220221628,463930.213334711,63.7,HFET
386616:10201,104:104,10/06/24 06:24:37,STABLE BEAMS,6800,490722.904810471,466205.837228082,64.1,HFET
386616:10201,105:105,10/06/24 06:25:00,STABLE BEAMS,6800,490157.800242423,466222.229367914,63.9,HFET
386616:10201,106:106,10/06/24 06:25:23,STABLE BEAMS,6800,489557.046499964,465595.432823093,63.9,HFET
386616:10201,107:107,10/06/24 06:25:47,STABLE BEAMS,6800,489713.482807136,458509.820819763,63.8,HFET
386616:10201,108:108,10/06/24 06:26:10,STABLE BEAMS,6800,490188.167194301,465306.050480805,63.9,HFET
386616:10201,109:109,10/06/24 06:26:33,STABLE BEAMS,6800,489394.735876470,465386.682465562,63.9,HFET
386616:10201,110:110,10/06/24 06:26:56,STABLE BEAMS,6800,488683.484379126,465270.128570279,63.8,HFET
386616:10201,111:111,10/06/24 06:27:20,STABLE BEAMS,6800,488114.146573602,464898.202759352,63.7,HFET
386616:10201,112:112,10/06/24 06:27:43,STABLE BEAMS,6800,487403.941730237,463802.232495534,63.6,HFET
386616:10201,113:113,10/06/24 06:28:06,STABLE BEAMS,6800,487484.298647802,464568.119796831,63.5,HFET
386616:10201,114:114,10/06/24 06:28:30,STABLE BEAMS,6800,487425.930788122,464122.436349890,63.6,HFET
386616:10201,115:115,10/06/24 06:28:53,STABLE BEAMS,6800,486823.403095376,464001.693507611,63.5,HFET
386616:10201,116:116,10/06/24 06:29:16,STABLE BEAMS,6800,486723.329920886,463114.291777247,63.5,HFET
386616:10201,117:117,10/06/24 06:29:40,STABLE BEAMS,6800,486319.808680025,464027.372661819,63.5,HFET
386616:10201,118:118,10/06/24 06:30:03,STABLE BEAMS,6800,485358.831137725,461609.835076630,63.4,HFET
386616:10201,119:119,10/06/24 06:30:26,STABLE BEAMS,6800,484752.431524578,462843.896064501,63.3,HFET
386616:10201,120:120,10/06/24 06:30:50,STABLE BEAMS,6800,483979.259604826,345792.234060482,63.2,HFET
386616:10201,121:121,10/06/24 06:31:13,STABLE BEAMS,6800,483309.804334330,461335.024302330,63.0,HFET
386616:10201,122:122,10/06/24 06:31:36,STABLE BEAMS,6800,487847.846564736,462879.044057163,63.0,HFET
386616:10201,123:123,10/06/24 06:32:00,STABLE BEAMS,6800,492665.848920535,467607.125082750,64.3,HFET
386616:10201,124:124,10/06/24 06:32:23,STABLE BEAMS,6800,492239.243015174,467064.830112009,64.2,HFET
386616:10201,125:125,10/06/24 06:32:46,STABLE BEAMS,6800,491867.727473958,465404.165549855,64.2,HFET
386616:10201,126:126,10/06/24 06:33:09,STABLE BEAMS,6800,487838.195902207,463531.881073268,64.0,HFET
386616:10201,127:127,10/06/24 06:33:33,STABLE BEAMS,6800,489097.842801171,243652.116101950,63.4,HFET
386672:10208,31:31,10/07/24 21:18:35,STABLE BEAMS,6800,16555.036698938,8875.355738638,0.2,PLTZERO
386672:10208,32:32,10/07/24 21:18:59,STABLE BEAMS,6800,133568.590031558,131909.210825761,10.2,HFET
386672:10208,33:33,10/07/24 21:19:22,STABLE BEAMS,6800,322437.677360727,314512.217616310,31.6,HFET
386672:10208,34:34,10/07/24 21:19:45,STABLE BEAMS,6800,258367.432340416,254007.179090797,48.0,HFET
386672:10208,35:35,10/07/24 21:20:09,STABLE BEAMS,6800,64147.149378390,63878.335535110,12.6,HFET
386672:10208,36:36,10/07/24 21:20:32,STABLE BEAMS,6800,8610.562002382,8596.829366021,2.4,HFET
386672:10208,37:37,10/07/24 21:20:55,STABLE BEAMS,6800,258346.604159329,245050.762845351,0.3,PLTZERO
386672:10208,38:38,10/07/24 21:21:19,STABLE BEAMS,6800,10208.479332106,10141.040432418,1.2,BCM1F
386672:10208,39:39,10/07/24 21:21:42,STABLE BEAMS,6800,63155.086679109,62603.464599452,3.3,HFET
386672:10208,40:40,10/07/24 21:22:05,STABLE BEAMS,6800,226034.016243355,222821.203690819,13.1,HFET
386672:10208,41:41,10/07/24 21:22:28,STABLE BEAMS,6800,342961.088660334,331005.528561155,47.4,HFET
386672:10208,42:42,10/07/24 21:22:52,STABLE BEAMS,6800,196936.017627496,155274.237561929,37.3,HFET
386672:10208,43:43,10/07/24 21:23:15,STABLE BEAMS,6800,49260.741345960,49085.124929780,16.6,HFET
386672:10208,44:44,10/07/24 21:23:38,STABLE BEAMS,6800,101055.653195933,97607.570078750,1.0,HFET
386672:10208,45:45,10/07/24 21:24:02,STABLE BEAMS,6800,365665.104455720,356633.886251359,47.3,HFET
386672:10208,46:46,10/07/24 21:24:25,STABLE BEAMS,6800,367203.366448125,359264.976214565,47.8,HFET
386672:10208,47:47,10/07/24 21:24:48,STABLE BEAMS,6800,366875.854664535,339826.677017891,48.0,HFET
386672:10208,48:48,10/07/24 21:25:12,STABLE BEAMS,6800,362942.433434834,288850.031323539,47.7,HFET
386672:10208,49:49,10/07/24 21:25:35,STABLE BEAMS,6800,362539.114997751,354408.366546492,47.0,HFET
386672:10208,50:50,10/07/24 21:25:58,STABLE BEAMS,6800,365620.895563239,357507.560263936,47.6,HFET
386672:10208,51:51,10/07/24 21:26:22,STABLE BEAMS,6800,365700.480894016,358158.714241794,47.7,HFET
386672:10208,52:52,10/07/24 21:26:45,STABLE BEAMS,6800,362963.809419229,355311.386498824,47.4,HFET
386672:10208,53:53,10/07/24 21:27:08,STABLE BEAMS,6800,362636.001588744,355506.635253125,47.4,HFET
386672:10208,54:54,10/07/24 21:27:31,STABLE BEAMS,6800,361528.874786070,349244.026621937,47.2,HFET
386672:10208,55:55,10/07/24 21:27:55,STABLE BEAMS,6800,361475.243676694,353717.421068785,47.1,HFET
386672:10208,56:56,10/07/24 21:28:18,STABLE BEAMS,6800,360985.374648052,353863.840734196,47.2,HFET
386672:10208,57:57,10/07/24 21:28:41,STABLE BEAMS,6800,360434.862627693,352356.220760860,47.0,HFET
386672:10208,58:58,10/07/24 21:29:05,STABLE BEAMS,6800,361403.124788449,354351.910170695,47.1,HFET
386672:10208,59:59,10/07/24 21:29:28,STABLE BEAMS,6800,361001.400808653,353862.521344101,47.2,HFET
386672:10208,60:60,10/07/24 21:29:51,STABLE BEAMS,6800,360584.356984862,352993.010636663,47.0,HFET
386672:10208,61:61,10/07/24 21:30:15,STABLE BEAMS,6800,360353.911285263,353195.863367093,47.0,HFET
386672:10208,62:62,10/07/24 21:30:38,STABLE BEAMS,6800,360036.826413144,352289.929567379,47.0,HFET
386672:10208,63:63,10/07/24 21:31:01,STABLE BEAMS,6800,359716.074755480,352695.956716988,46.9,HFET
386672:10208,64:64,10/07/24 21:31:25,STABLE BEAMS,6800,359423.027958725,352471.637090126,46.9,HFET
386672:10208,65:65,10/07/24 21:31:48,STABLE BEAMS,6800,359084.634703471,351036.156984737,46.9,HFET
386672:10208,66:66,10/07/24 21:32:11,STABLE BEAMS,6800,358712.802135660,351814.177546533,46.8,HFET
386672:10208,67:67,10/07/24 21:32:35,STABLE BEAMS,6800,358483.335488781,346515.527906287,46.8,HFET
386672:10208,68:68,10/07/24 21:32:58,STABLE BEAMS,6800,365708.516119557,357807.460429734,47.0,HFET
386672:10208,69:69,10/07/24 21:33:21,STABLE BEAMS,6800,374808.825141964,366279.175646254,48.1,HFET
386672:10208,70:70,10/07/24 21:33:44,STABLE BEAMS,6800,388871.190141507,221304.796486210,50.2,HFET
386672:10208,71:71,10/07/24 21:34:08,STABLE BEAMS,6800,404084.114587262,0,51.6,HFET
386672:10208,73:73,10/07/24 21:34:54,STABLE BEAMS,6800,432429.931008154,70304.501450256,55.7,HFET
386672:10208,74:74,10/07/24 21:35:18,STABLE BEAMS,6800,448734.000386462,431995.129032877,57.9,HFET
386672:10208,75:75,10/07/24 21:35:41,STABLE BEAMS,6800,455475.139683359,440910.501989638,59.3,HFET
386672:10208,76:76,10/07/24 21:36:04,STABLE BEAMS,6800,446311.635138929,431811.647559844,59.1,HFET
386672:10208,77:77,10/07/24 21:36:28,STABLE BEAMS,6800,424582.711562562,413883.110597101,57.7,HFET
386672:10208,78:78,10/07/24 21:36:51,STABLE BEAMS,6800,414816.952061502,404790.083862071,53.7,HFET
386672:10208,79:79,10/07/24 21:37:14,STABLE BEAMS,6800,422988.200660293,315582.168388544,54.7,HFET
386672:10208,80:80,10/07/24 21:37:38,STABLE BEAMS,6800,433271.895367980,420111.093397079,55.9,HFET
386672:10208,81:81,10/07/24 21:38:01,STABLE BEAMS,6800,427762.539595841,416198.024808572,56.0,HFET
386672:10208,82:82,10/07/24 21:38:24,STABLE BEAMS,6800,426105.651379894,415373.587823518,55.6,HFET
386672:10208,83:83,10/07/24 21:38:48,STABLE BEAMS,6800,426226.168107617,143604.836390511,55.6,HFET
386672:10208,84:84,10/07/24 21:39:11,STABLE BEAMS,6800,430193.415608807,238370.767721920,55.5,HFET
386672:10208,85:85,10/07/24 21:39:34,STABLE BEAMS,6800,458456.597649021,327306.807248231,57.7,HFET
386672:10208,86:86,10/07/24 21:39:57,STABLE BEAMS,6800,485401.718309033,456734.649048727,61.8,HFET
386672:10208,87:87,10/07/24 21:40:21,STABLE BEAMS,6800,487752.920410261,458122.780299696,63.8,HFET
386672:10208,88:88,10/07/24 21:40:44,STABLE BEAMS,6800,485709.220119882,457102.159798101,63.5,HFET
386672:10208,89:89,10/07/24 21:41:07,STABLE BEAMS,6800,483533.396664886,456950.366998117,63.1,HFET
386672:10208,90:90,10/07/24 21:41:31,STABLE BEAMS,6800,483159.512748518,351699.376621835,63.0,HFET
386672:10208,91:91,10/07/24 21:41:54,STABLE BEAMS,6800,488669.325411927,458380.017077664,63.7,HFET
386672:10208,92:92,10/07/24 21:42:17,STABLE BEAMS,6800,487559.876855659,458465.884663397,63.7,HFET
386672:10208,93:93,10/07/24 21:42:41,STABLE BEAMS,6800,486960.307300776,458521.476209292,63.5,HFET
386672:10208,94:94,10/07/24 21:43:04,STABLE BEAMS,6800,486788.070947560,457390.493155331,63.5,HFET
386672:10208,95:95,10/07/24 21:43:27,STABLE BEAMS,6800,485247.328688263,449490.917699978,63.4,HFET
386672:10208,96:96,10/07/24 21:43:51,STABLE BEAMS,6800,484496.831163299,356460.624223864,63.2,HFET
386672:10208,97:97,10/07/24 21:44:14,STABLE BEAMS,6800,485299.050644834,456287.692833250,63.2,HFET
386672:10208,98:98,10/07/24 21:44:37,STABLE BEAMS,6800,491840.227747905,453261.799860550,63.7,HFET
386672:10208,99:99,10/07/24 21:45:01,STABLE BEAMS,6800,497118.252010842,461541.588108785,64.7,HFET
386672:10208,100:100,10/07/24 21:45:24,STABLE BEAMS,6800,496553.967982217,461382.692514423,64.9,HFET
386672:10208,101:101,10/07/24 21:45:47,STABLE BEAMS,6800,495052.835398693,321348.968404586,64.6,HFET
386672:10208,102:102,10/07/24 21:46:10,STABLE BEAMS,6800,494919.982606693,460516.004742329,64.6,HFET
386672:10208,103:103,10/07/24 21:46:34,STABLE BEAMS,6800,493685.923949899,460640.479640336,64.5,HFET
386672:10208,104:104,10/07/24 21:46:57,STABLE BEAMS,6800,492447.310366878,460748.201081435,64.3,HFET
386672:10208,105:105,10/07/24 21:47:20,STABLE BEAMS,6800,491850.517125781,461094.813717385,64.2,HFET
386672:10208,106:106,10/07/24 21:47:44,STABLE BEAMS,6800,490984.649893110,458556.670823511,64.1,HFET
386672:10208,107:107,10/07/24 21:48:07,STABLE BEAMS,6800,489747.493233779,460415.840655801,63.9,HFET
386672:10208,108:108,10/07/24 21:48:30,STABLE BEAMS,6800,489316.745002980,459930.957802798,63.8,HFET
386672:10208,109:109,10/07/24 21:48:54,STABLE BEAMS,6800,488024.635513102,458585.261494024,63.7,HFET
386672:10208,110:110,10/07/24 21:49:17,STABLE BEAMS,6800,487991.172889766,459675.087036483,63.6,HFET
386672:10208,111:111,10/07/24 21:49:40,STABLE BEAMS,6800,487659.267024323,452329.095962168,63.7,HFET
386672:10208,112:112,10/07/24 21:50:04,STABLE BEAMS,6800,486995.229178881,353989.089550067,63.6,HFET
386672:10208,113:113,10/07/24 21:50:27,STABLE BEAMS,6800,486392.790067096,458403.693835952,63.5,HFET
386672:10208,114:114,10/07/24 21:50:50,STABLE BEAMS,6800,484313.440602304,457836.722074501,63.3,HFET
386672:10208,115:115,10/07/24 21:51:13,STABLE BEAMS,6800,483472.159248304,457052.941419201,63.2,HFET
386672:10208,116:116,10/07/24 21:51:37,STABLE BEAMS,6800,484242.643435231,456530.772975097,63.0,HFET
386672:10208,117:117,10/07/24 21:52:00,STABLE BEAMS,6800,492375.921106017,461432.181298361,64.3,HFET
386672:10208,118:118,10/07/24 21:52:23,STABLE BEAMS,6800,491134.985769402,460300.470948093,64.1,HFET
386672:10208,119:119,10/07/24 21:52:47,STABLE BEAMS,6800,489885.399802679,460270.239198735,63.9,HFET
386672:10208,120:120,10/07/24 21:53:10,STABLE BEAMS,6800,490386.446349879,460020.604065817,63.9,HFET
386672:10208,121:121,10/07/24 21:53:33,STABLE BEAMS,6800,491036.416140161,459554.435106241,64.0,HFET
386672:10208,122:122,10/07/24 21:53:57,STABLE BEAMS,6800,491779.356310554,460138.843330426,64.1,HFET
386672:10208,123:123,10/07/24 21:54:20,STABLE BEAMS,6800,491537.096708130,460377.506079642,64.1,HFET
386672:10208,124:124,10/07/24 21:54:43,STABLE BEAMS,6800,492429.326100836,454935.758560000,64.1,HFET
386672:10208,125:125,10/07/24 21:55:07,STABLE BEAMS,6800,490580.991118652,460074.328418309,64.1,HFET
386672:10208,126:126,10/07/24 21:55:30,STABLE BEAMS,6800,489254.006372227,460412.061978516,63.8,HFET
386672:10208,127:127,10/07/24 21:55:53,STABLE BEAMS,6800,488938.355113021,459774.202137954,63.8,HFET
386672:10208,128:128,10/07/24 21:56:17,STABLE BEAMS,6800,487647.292277122,459199.083259223,63.7,HFET
386672:10208,129:129,10/07/24 21:56:40,STABLE BEAMS,6800,486368.476924539,459100.557920462,63.4,HFET
386672:10208,130:130,10/07/24 21:57:03,STABLE BEAMS,6800,486676.025356946,457759.458497318,63.5,HFET
386672:10208,131:131,10/07/24 21:57:26,STABLE BEAMS,6800,486043.676184553,457431.788200430,63.5,HFET
386672:10208,132:132,10/07/24 21:57:50,STABLE BEAMS,6800,484466.144853749,457374.968176479,63.3,HFET
386672:10208,133:133,10/07/24 21:58:13,STABLE BEAMS,6800,484345.402011469,457335.722148859,63.1,HFET
386672:10208,134:134,10/07/24 21:58:36,STABLE BEAMS,6800,483771.740056429,456234.469662508,63.1,HFET
386672:10208,135:135,10/07/24 21:59:00,STABLE BEAMS,6800,482490.374504618,456804.900743570,63.1,HFET
386672:10208,136:136,10/07/24 21:59:23,STABLE BEAMS,6800,488176.428313085,457361.445593548,62.8,HFET
386672:10208,137:137,10/07/24 21:59:46,STABLE BEAMS,6800,490923.687543720,453333.461857526,64.0,HFET
386672:10208,138:138,10/07/24 22:00:10,STABLE BEAMS,6800,490505.776558948,460554.796209758,64.0,HFET
386672:10208,139:139,10/07/24 22:00:33,STABLE BEAMS,6800,490794.065625698,460240.100692492,64.0,HFET
386672:10208,140:140,10/07/24 22:00:56,STABLE BEAMS,6800,490744.984780394,460694.203992828,64.0,HFET
386672:10208,141:141,10/07/24 22:01:20,STABLE BEAMS,6800,490688.712559751,460567.269807631,64.0,HFET
386672:10208,142:142,10/07/24 22:01:43,STABLE BEAMS,6800,490805.219833476,460365.985892632,64.0,HFET
386672:10208,143:143,10/07/24 22:02:06,STABLE BEAMS,6800,489679.246265935,459027.529911833,64.0,HFET
386672:10208,144:144,10/07/24 22:02:30,STABLE BEAMS,6800,489187.990245939,459499.936835884,63.8,HFET
386672:10208,145:145,10/07/24 22:02:53,STABLE BEAMS,6800,489354.305661274,460246.473859486,63.9,HFET
386672:10208,146:146,10/07/24 22:03:16,STABLE BEAMS,6800,488628.575839058,459813.539077612,63.8,HFET
386672:10208,147:147,10/07/24 22:03:39,STABLE BEAMS,6800,488871.609359348,458694.850128526,63.7,HFET
386672:10208,148:148,10/07/24 22:04:03,STABLE BEAMS,6800,488161.176070349,460179.592903295,63.7,HFET
386672:10208,149:149,10/07/24 22:04:26,STABLE BEAMS,6800,487156.355614798,437317.499721892,63.6,HFET
386672:10208,150:150,10/07/24 22:04:49,STABLE BEAMS,6800,486575.679446341,452170.517394401,63.5,HFET
386672:10208,151:151,10/07/24 22:05:13,STABLE BEAMS,6800,485999.784318667,458445.214995608,63.4,HFET
386672:10208,152:152,10/07/24 22:05:36,STABLE BEAMS,6800,486067.669969436,458799.065628454,63.3,HFET
386672:10208,153:153,10/07/24 22:05:59,STABLE BEAMS,6800,486661.637944112,457023.758654900,63.5,HFET
386672:10208,154:154,10/07/24 22:06:23,STABLE BEAMS,6800,485690.916496166,351175.201119654,63.3,HFET
386672:10208,155:155,10/07/24 22:06:46,STABLE BEAMS,6800,485540.671531912,458578.478057319,63.3,HFET
386672:10208,156:156,10/07/24 22:07:09,STABLE BEAMS,6800,485260.350089444,458026.714248125,63.3,HFET
386672:10208,157:157,10/07/24 22:07:33,STABLE BEAMS,6800,485022.188521978,386348.434692889,63.2,HFET
386672:10208,158:158,10/07/24 22:07:56,STABLE BEAMS,6800,484257.578651373,457419.904365267,63.1,HFET
386672:10208,159:159,10/07/24 22:08:19,STABLE BEAMS,6800,483613.844494489,366129.385242192,63.2,HFET
386615:10201,1:1,10/06/24 05:27:39,STABLE BEAMS,6800,486108.645656862,458410.204536542,63.3,HFET
386615:10201,2:2,10/06/24 05:28:02,STABLE BEAMS,6800,485508.985189940,460390.709304900,63.3,HFET
386615:10201,3:3,10/06/24 05:28:26,STABLE BEAMS,6800,484966.051503853,461682.361903509,63.3,HFET
386615:10201,4:4,10/06/24 05:28:49,STABLE BEAMS,6800,485282.022120733,462371.032249180,63.3,HFET
386615:10201,5:5,10/06/24 05:29:12,STABLE BEAMS,6800,485480.529721946,346624.955696412,63.3,HFET
386615:10201,6:6,10/06/24 05:29:36,STABLE BEAMS,6800,484946.202375486,459608.795843001,63.2,HFET
386615:10201,7:7,10/06/24 05:29:59,STABLE BEAMS,6800,485154.404929709,462275.831027513,63.3,HFET
386615:10201,8:8,10/06/24 05:30:22,STABLE BEAMS,6800,485066.579238535,461084.706163586,63.2,HFET
386615:10201,9:9,10/06/24 05:30:46,STABLE BEAMS,6800,485792.127236674,462135.101523270,63.3,HFET
386615:10201,10:10,10/06/24 05:31:09,STABLE BEAMS,6800,486160.001634202,365536.303077120,63.4,HFET
386615:10201,11:11,10/06/24 05:31:32,STABLE BEAMS,6800,486247.871615856,395280.833842673,63.4,HFET
386615:10201,12:12,10/06/24 05:31:56,STABLE BEAMS,6800,486520.453879677,461390.296490552,63.4,HFET
386615:10201,13:13,10/06/24 05:32:19,STABLE BEAMS,6800,485716.595650375,460755.532321448,63.4,HFET
386615:10201,14:14,10/06/24 05:32:42,STABLE BEAMS,6800,485378.908711726,454972.272564315,63.3,HFET
386615:10201,15:15,10/06/24 05:33:05,STABLE BEAMS,6800,484681.042263717,459241.606782378,63.2,HFET
386615:10201,16:16,10/06/24 05:33:29,STABLE BEAMS,6800,484484.084829311,360782.407694805,63.2,HFET
386615:10201,17:17,10/06/24 05:33:52,STABLE BEAMS,6800,484031.708857703,459129.787306321,63.1,HFET
386615:10201,18:18,10/06/24 05:34:15,STABLE BEAMS,6800,484716.873262205,461669.979217674,63.2,HFET
386615:10201,19:19,10/06/24 05:34:39,STABLE BEAMS,6800,484149.036670851,460705.724179838,63.2,HFET
386615:10201,20:20,10/06/24 05:35:02,STABLE BEAMS,6800,483496.973572610,461012.997545052,63.1,HFET
386615:10201,21:21,10/06/24 05:35:25,STABLE BEAMS,6800,483543.457597127,352554.931165851,63.1,HFET
386615:10201,22:22,10/06/24 05:35:49,STABLE BEAMS,6800,482646.402873156,459741.012250733,63.0,HFET
386615:10201,23:23,10/06/24 05:36:12,STABLE BEAMS,6800,492289.279602419,464682.032580847,62.9,HFET
386615:10201,24:24,10/06/24 05:36:35,STABLE BEAMS,6800,492751.261946076,465366.695803599,64.3,HFET
386615:10201,25:25,10/06/24 05:36:59,STABLE BEAMS,6800,492017.608790059,464875.894343794,64.2,HFET
386615:10201,26:26,10/06/24 05:37:22,STABLE BEAMS,6800,491649.690102051,465358.681557760,64.1,HFET
386615:10201,27:27,10/06/24 05:37:45,STABLE BEAMS,6800,492125.966615426,458744.112797906,64.1,HFET
386615:10201,28:28,10/06/24 05:38:09,STABLE BEAMS,6800,490733.285100385,461909.688620869,64.0,HFET
386615:10201,29:29,10/06/24 05:38:32,STABLE BEAMS,6800,490289.559758886,465212.763074098,64.0,HFET
386615:10201,30:30,10/06/24 05:38:55,STABLE BEAMS,6800,489998.813736023,463594.666325580,63.9,HFET
386615:10201,31:31,10/06/24 05:39:18,STABLE BEAMS,6800,489762.244294766,416520.778862157,63.9,HFET
386615:10201,32:32,10/06/24 05:39:42,STABLE BEAMS,6800,489451.828636536,411768.657430129,63.9,HFET
386615:10201,33:33,10/06/24 05:40:05,STABLE BEAMS,6800,489190.904093321,411955.281196179,63.8,HFET
386615:10201,34:34,10/06/24 05:40:28,STABLE BEAMS,6800,488616.374977300,409047.853602645,63.7,HFET
386615:10201,35:35,10/06/24 05:40:52,STABLE BEAMS,6800,488417.594639972,421795.024447809,63.7,HFET
386615:10201,36:36,10/06/24 05:41:15,STABLE BEAMS,6800,487936.082525621,399743.666175530,63.7,HFET
386615:10201,37:37,10/06/24 05:41:38,STABLE BEAMS,6800,487333.279765683,131433.866743549,63.6,HFET
386630:10202,1:1,10/06/24 15:54:09,STABLE BEAMS,6800,412118.093001422,397711.483741082,53.9,HFET
386630:10202,2:2,10/06/24 15:54:33,STABLE BEAMS,6800,410748.309664649,398860.679506720,53.6,HFET
386630:10202,3:3,10/06/24 15:54:56,STABLE BEAMS,6800,408543.620471948,397046.944713890,53.4,HFET
386630:10202,4:4,10/06/24 15:55:19,STABLE BEAMS,6800,408285.061972807,301561.828061485,53.2,HFET
386630:10202,5:5,10/06/24 15:55:43,STABLE BEAMS,6800,407750.007330041,394528.744191499,53.3,HFET
386630:10202,6:6,10/06/24 15:56:06,STABLE BEAMS,6800,407755.289552575,395209.945763561,53.3,HFET
386630:10202,7:7,10/06/24 15:56:29,STABLE BEAMS,6800,407799.132465825,396578.498291200,53.2,HFET
386630:10202,8:8,10/06/24 15:56:53,STABLE BEAMS,6800,406062.661250178,395535.387549972,53.1,HFET
386630:10202,9:9,10/06/24 15:57:16,STABLE BEAMS,6800,405234.629742994,394901.898480483,52.9,HFET
386630:10202,10:10,10/06/24 15:57:39,STABLE BEAMS,6800,406670.335962940,272390.483711079,52.8,HFET
386630:10202,11:11,10/06/24 15:58:03,STABLE BEAMS,6800,432771.806893799,417215.731462785,54.8,HFET
386630:10202,12:12,10/06/24 15:58:26,STABLE BEAMS,6800,470278.759483970,447447.536767271,58.9,HFET
386630:10202,13:13,10/06/24 15:58:49,STABLE BEAMS,6800,489458.840518876,459263.050368032,62.8,HFET
386630:10202,14:14,10/06/24 15:59:13,STABLE BEAMS,6800,490069.655193576,454613.095418453,64.0,HFET
386630:10202,15:15,10/06/24 15:59:36,STABLE BEAMS,6800,489679.791738165,351421.353622181,63.9,HFET
386630:10202,16:16,10/06/24 15:59:59,STABLE BEAMS,6800,488539.158021675,458287.184231149,63.8,HFET
386630:10202,17:17,10/06/24 16:00:22,STABLE BEAMS,6800,487339.972290350,459147.543126729,63.6,HFET
386630:10202,18:18,10/06/24 16:00:46,STABLE BEAMS,6800,486944.644788328,458800.431640107,63.5,HFET
386630:10202,19:19,10/06/24 16:01:09,STABLE BEAMS,6800,486460.447272230,458769.153236769,63.5,HFET
386630:10202,20:20,10/06/24 16:01:32,STABLE BEAMS,6800,485576.730976035,458056.172079619,63.3,HFET
386630:10202,21:21,10/06/24 16:01:56,STABLE BEAMS,6800,484818.948832616,348249.425611925,63.3,HFET
386630:10202,22:22,10/06/24 16:02:19,STABLE BEAMS,6800,484580.332704958,456454.602673451,63.2,HFET
386630:10202,23:23,10/06/24 16:02:42,STABLE BEAMS,6800,485247.738957974,457955.688635417,63.2,HFET
386630:10202,24:24,10/06/24 16:03:06,STABLE BEAMS,6800,485790.579400945,458939.976956774,63.3,HFET
386630:10202,25:25,10/06/24 16:03:29,STABLE BEAMS,6800,486873.029412910,457819.238990209,63.4,HFET
386630:10202,26:26,10/06/24 16:03:52,STABLE BEAMS,6800,487225.103764392,351551.157364281,63.6,HFET
386630:10202,27:27,10/06/24 16:04:16,STABLE BEAMS,6800,488142.464508000,458614.173853288,63.6,HFET
386630:10202,28:28,10/06/24 16:04:39,STABLE BEAMS,6800,488924.331348340,453845.706902985,63.7,HFET
#Summary:
#nfill,nrun,nls,ncms,totdelivered(/ub),totrecorded(/ub)
#13,25,13939,13939,6274392970.308259964,5876381982.691452026
#Check JSON:
#(run,ls) in json but not in results: []
